0.001
0.00408944
0.00751004
0.0110724
0.014696
0.0183405
0.021983
0.0256096
0.0292116
0.0327836
0.0363221
0.0398253
0.0432924
0.046723
0.0501175
0.0534764
0.0568005
0.0600906
0.0633477
0.0665728
0.0697669
0.072931
0.0760662
0.0791733
0.0822534
0.0853073
0.0883358
0.0913398
0.09432
0.0972772
0.100212
0.103125
0.106017
0.108889
0.111741
0.114573
0.117387
0.120182
0.122959
0.125719
0.128461
0.131187
0.133896
0.13659
0.139267
0.141929
0.144576
0.147208
0.149826
0.152429
0.155018
0.157593
0.160154
0.162702
0.165237
0.167758
0.170267
0.172763
0.175246
0.177717
0.180175
0.182621
0.185056
0.187478
0.189889
0.192288
0.194675
0.197051
0.199416
0.20177
0.204113
0.206444
0.208765
0.211075
0.213374
0.215663
0.217941
0.220209
0.222466
0.224713
0.22695
0.229177
0.231393
0.2336
0.235797
0.237984
0.240161
0.242328
0.244486
0.246634
0.248773
0.250902
0.253022
0.255132
0.257233
0.259325
0.261408
0.263482
0.265546
0.267602
0.269648
0.271686
0.273714
0.275734
0.277746
0.279748
0.281742
0.283727
0.285703
0.287671
0.289631
0.291582
0.293525
0.295459
0.297385
0.299303
0.301212
0.303114
0.305007
0.306892
0.308769
0.310638
0.312499
0.314353
0.316198
0.318035
0.319865
0.321687
0.323501
0.325308
0.327106
0.328897
0.330681
0.332457
0.334226
0.335987
0.33774
0.339487
0.341226
0.342957
0.344682
0.346399
0.348108
0.349811
0.351507
0.353195
0.354876
0.356551
0.358218
0.359878
0.361532
0.363178
0.364818
0.36645
0.368076
0.369696
0.371308
0.372914
0.374513
0.376105
0.377691
0.37927
0.380843
0.382409
0.383968
0.385521
0.387068
0.388608
0.390142
0.39167
0.393191
0.394706
0.396215
0.397718
0.399214
0.400704
0.402188
0.403666
0.405138
0.406604
0.408063
0.409517
0.410965
0.412407
0.413843
0.415273
0.416697
0.418115
0.419528
0.420935
0.422336
0.423731
0.425121
0.426504
0.427883
0.429255
0.430622
0.431984
0.43334
0.43469
0.436035
0.437375
0.438709
0.440037
0.441361
0.442679
0.443991
0.445298
0.4466
0.447897
0.449188
0.450474
0.451755
0.453031
0.454301
0.455567
0.456827
0.458083
0.459333
0.460578
0.461818
0.463053
0.464284
0.465509
0.466729
0.467944
0.469155
0.470361
0.471561
0.472757
0.473949
0.475135
0.476317
0.477494
0.478666
0.479833
0.480996
0.482155
0.483308
0.484457
0.485602
0.486741
0.487877
0.489007
0.490134
0.491255
0.492373
0.493485
0.494594
0.495698
0.496797
0.497893
0.498984
0.50007
0.501152
0.50223
0.503304
0.504373
0.505439
0.506499
0.507556
0.508609
0.509657
0.510701
0.511742
0.512778
0.513809
0.514837
0.515861
0.516881
0.517897
0.518908
0.519916
0.52092
0.52192
0.522915
0.523907
0.524895
0.52588
0.52686
0.527836
0.528809
0.529778
0.530743
0.531704
0.532661
0.533615
0.534565
0.535511
0.536454
0.537393
0.538328
0.539259
0.540187
0.541111
0.542032
0.542949
0.543863
0.544772
0.545679
0.546582
0.547481
0.548377
0.549269
0.550158
0.551043
0.551925
0.552803
0.553679
0.55455
0.555418
0.556283
0.557145
0.558003
0.558858
0.55971
0.560558
0.561403
0.562244
0.563083
0.563918
0.56475
0.565579
0.566404
0.567227
0.568046
0.568862
0.569675
0.570484
0.571291
0.572095
0.572895
0.573692
0.574486
0.575278
0.576066
0.576851
0.577633
0.578412
0.579188
0.579961
0.580731
0.581498
0.582262
0.583024
0.583782
0.584537
0.58529
0.58604
0.586786
0.58753
0.588271
0.58901
0.589745
0.590478
0.591207
0.591934
0.592659
0.59338
0.594099
0.594815
0.595528
0.596238
0.596946
0.597651
0.598354
0.599053
0.599751
0.600445
0.601137
0.601826
0.602512
0.603196
0.603878
0.604556
0.605232
0.605906
0.606577
0.607245
0.607911
0.608575
0.609236
0.609894
0.61055
0.611203
0.611854
0.612503
0.613149
0.613792
0.614433
0.615072
0.615708
0.616342
0.616974
0.617603
0.618229
0.618854
0.619476
0.620095
0.620713
0.621328
0.62194
0.622551
0.623159
0.623765
0.624368
0.624969
0.625568
0.626165
0.62676
0.627352
0.627942
0.62853
0.629115
0.629699
0.63028
0.630859
0.631436
0.63201
0.632583
0.633153
0.633722
0.634288
0.634852
0.635414
0.635974
0.636531
0.637087
0.63764
0.638192
0.638741
0.639289
0.639834
0.640377
0.640919
0.641458
0.641995
0.642531
0.643064
0.643595
0.644124
0.644652
0.645177
0.645701
0.646222
0.646742
0.647259
0.647775
0.648289
0.6488
0.64931
0.649819
0.650325
0.650829
0.651332
0.651832
0.652331
0.652828
0.653323
0.653816
0.654307
0.654797
0.655285
0.655771
0.656255
0.656737
0.657218
0.657697
0.658174
0.658649
0.659123
0.659595
0.660065
0.660533
0.661
0.661464
0.661928
0.662389
0.662849
0.663307
0.663763
0.664218
0.664671
0.665123
0.665572
0.666021
0.666467
0.666912
0.667355
0.667797
0.668237
0.668675
0.669112
0.669547
0.66998
0.670412
0.670843
0.671272
0.671699
0.672125
0.672549
0.672971
0.673392
0.673812
0.67423
0.674646
0.675061
0.675475
0.675887
0.676297
0.676706
0.677113
0.677519
0.677924
0.678327
0.678728
0.679128
0.679527
0.679924
0.68032
0.680714
0.681107
0.681499
0.681889
0.682277
0.682665
0.68305
0.683435
0.683818
0.6842
0.68458
0.684959
0.685336
0.685712
0.686087
0.686461
0.686833
0.687204
0.687573
0.687941
0.688308
0.688673
0.689038
0.6894
0.689762
0.690122
0.690481
0.690839
0.691195
0.69155
0.691904
0.692256
0.692608
0.692958
0.693306
0.693654
0.694
0.694345
0.694689
0.695032
0.695373
0.695713
0.696052
0.69639
0.696726
0.697061
0.697395
0.697728
0.69806
0.69839
0.69872
0.699048
0.699375
0.699701
0.700025
0.700349
0.700671
0.700992
0.701312
0.701631
0.701949
0.702266
0.702581
0.702896
0.703209
0.703521
0.703832
0.704142
0.704451
0.704759
0.705066
0.705371
0.705676
0.705979
0.706282
0.706583
0.706883
0.707182
0.70748
0.707778
0.708074
0.708369
0.708663
0.708955
0.709247
0.709538
0.709828
0.710117
0.710405
0.710691
0.710977
0.711262
0.711546
0.711828
0.71211
0.712391
0.712671
0.71295
0.713227
0.713504
0.71378
0.714055
0.714329
0.714602
0.714874
0.715145
0.715415
0.715685
0.715953
0.71622
0.716487
0.716752
0.717017
0.71728
0.717543
0.717805
0.718066
0.718326
0.718585
0.718843
0.7191
0.719356
0.719612
0.719867
0.72012
0.720373
0.720625
0.720876
0.721126
0.721376
0.721624
0.721872
0.722119
0.722365
0.72261
0.722854
0.723097
0.72334
0.723581
0.723822
0.724062
0.724301
0.72454
0.724777
0.725014
0.72525
0.725485
0.72572
0.725953
0.726186
0.726418
0.726649
0.726879
0.727109
0.727337
0.727565
0.727792
0.728019
0.728244
0.728469
0.728693
0.728917
0.729139
0.729361
0.729582
0.729802
0.730022
0.73024
0.730459
0.730676
0.730892
0.731108
0.731323
0.731538
0.731751
0.731964
0.732176
0.732388
0.732598
0.732808
0.733018
0.733226
0.733434
0.733641
0.733848
0.734053
0.734259
0.734463
0.734667
0.73487
0.735072
0.735274
0.735475
0.735675
0.735874
0.736073
0.736272
0.736469
0.736666
0.736862
0.737058
0.737253
0.737447
0.737641
0.737834
0.738026
0.738218
0.738409
0.738599
0.738789
0.738978
0.739167
0.739355
0.739542
0.739728
0.739914
0.7401
0.740285
0.740469
0.740652
0.740835
0.741018
0.741199
0.74138
0.741561
0.741741
0.74192
0.742099
0.742277
0.742454
0.742631
0.742808
0.742983
0.743159
0.743333
0.743507
0.743681
0.743853
0.744026
0.744198
0.744369
0.744539
0.744709
0.744879
0.745048
0.745216
0.745384
0.745551
0.745718
0.745884
0.74605
0.746215
0.746379
0.746543
0.746707
0.74687
0.747032
0.747194
0.747355
0.747516
0.747676
0.747836
0.747995
0.748154
0.748312
0.74847
0.748627
0.748784
0.74894
0.749095
0.74925
0.749405
0.749559
0.749713
0.749866
0.750019
0.750171
0.750322
0.750473
0.750624
0.750774
0.750924
0.751073
0.751222
0.75137
0.751518
0.751665
0.751812
0.751958
0.752104
0.75225
0.752395
0.752539
0.752683
0.752827
0.75297
0.753112
0.753254
0.753396
0.753537
0.753678
0.753819
0.753958
0.754098
0.754237
0.754376
0.754514
0.754651
0.754789
0.754925
0.755062
0.755198
0.755333
0.755468
0.755603
0.755737
0.755871
0.756004
0.756137
0.75627
0.756402
0.756534
0.756665
0.756796
0.756926
0.757056
0.757186
0.757315
0.757444
0.757572
0.7577
0.757828
0.757955
0.758082
0.758209
0.758335
0.75846
0.758585
0.75871
0.758835
0.758959
0.759082
0.759206
0.759329
0.759451
0.759573
0.759695
0.759816
0.759937
0.760058
0.760178
0.760298
0.760418
0.760537
0.760656
0.760774
0.760892
0.76101
0.761127
0.761244
0.76136
0.761477
0.761593
0.761708
0.761823
0.761938
0.762052
0.762166
0.76228
0.762394
0.762507
0.762619
0.762732
0.762844
0.762955
0.763067
0.763178
0.763288
0.763399
0.763509
0.763618
0.763728
0.763837
0.763945
0.764054
0.764161
0.764269
0.764376
0.764483
0.76459
0.764697
0.764803
0.764908
0.765014
0.765119
0.765224
0.765328
0.765432
0.765536
0.765639
0.765743
0.765845
0.765948
0.76605
0.766152
0.766254
0.766355
0.766456
0.766557
0.766658
0.766758
0.766858
0.766957
0.767056
0.767155
0.767254
0.767352
0.76745
0.767548
0.767646
0.767743
0.76784
0.767937
0.768033
0.768129
0.768225
0.76832
0.768415
0.76851
0.768605
0.768699
0.768794
0.768887
0.768981
0.769074
0.769167
0.76926
0.769352
0.769445
0.769537
0.769628
0.76972
0.769811
0.769902
0.769992
0.770082
0.770173
0.770262
0.770352
0.770441
0.77053
0.770619
0.770707
0.770796
0.770884
0.770971
0.771059
0.771146
0.771233
0.77132
0.771406
0.771493
0.771579
0.771664
0.77175
0.771835
0.77192
0.772005
0.77209
0.772174
0.772258
0.772342
0.772425
0.772509
0.772592
0.772675
0.772757
0.77284
0.772922
0.773004
0.773085
0.773167
0.773248
0.773329
0.77341
0.77349
0.773571
0.773651
0.773731
0.77381
0.77389
0.773969
0.774048
0.774127
0.774205
0.774284
0.774362
0.77444
0.774517
0.774595
0.774672
0.774749
0.774826
0.774902
0.774979
0.775055
0.775131
0.775207
0.775282
0.775358
0.775433
0.775508
0.775582
0.775657
0.775731
0.775805
0.775879
0.775953
0.776026
0.7761
0.776173
0.776246
0.776318
0.776391
0.776463
0.776535
0.776607
0.776679
0.77675
0.776822
0.776893
0.776964
0.777034
0.777105
0.777175
0.777246
0.777316
0.777385
0.777455
0.777524
0.777594
0.777663
0.777732
0.7778
0.777869
0.777937
0.778005
0.778073
0.778141
0.778209
0.778276
0.778343
0.77841
0.778477
0.778544
0.77861
0.778677
0.778743
0.778809
0.778875
0.77894
0.779006
0.779071
0.779136
0.779201
0.779266
0.779331
0.779395
0.779459
0.779524
0.779588
0.779651
0.779715
0.779778
0.779842
0.779905
0.779968
0.780031
0.780093
0.780156
0.780218
0.78028
0.780342
0.780404
0.780466
0.780527
0.780589
0.78065
0.780711
0.780772
0.780833
0.780893
0.780954
0.781014
0.781074
0.781134
0.781194
0.781253
0.781313
0.781372
0.781431
0.781491
0.781549
0.781608
0.781667
0.781725
0.781784
0.781842
0.7819
0.781958
0.782015
0.782073
0.782131
0.782188
0.782245
0.782302
0.782359
0.782416
0.782472
0.782529
0.782585
0.782641
0.782697
0.782753
0.782809
0.782865
0.78292
0.782975
0.783031
0.783086
0.783141
0.783196
0.78325
0.783305
0.783359
0.783414
0.783468
0.783522
0.783576
0.783629
0.783683
0.783737
0.78379
0.783843
0.783896
0.783949
0.784002
0.784055
0.784107
0.78416
0.784212
0.784265
0.784317
0.784369
0.78442
0.784472
0.784524
0.784575
0.784627
0.784678
0.784729
0.78478
0.784831
0.784882
0.784932
0.784983
0.785033
0.785084
0.785134
0.785184
0.785234
0.785284
0.785333
0.785383
0.785432
0.785482
0.785531
0.78558
0.785629
0.785678
0.785727
0.785775
0.785824
0.785872
0.785921
0.785969
0.786017
0.786065
0.786113
0.786161
0.786209
0.786256
0.786304
0.786351
0.786398
0.786445
0.786492
0.786539
0.786586
0.786633
0.786679
0.786726
0.786772
0.786819
0.786865
0.786911
0.786957
0.787003
0.787049
0.787094
0.78714
0.787185
0.787231
0.787276
0.787321
0.787366
0.787411
0.787456
0.787501
0.787546
0.78759
0.787635
0.787679
0.787723
0.787767
0.787812
0.787856
0.787899
0.787943
0.787987
0.788031
0.788074
0.788118
0.788161
0.788204
0.788247
0.78829
0.788333
0.788376
0.788419
0.788462
0.788504
0.788547
0.788589
0.788631
0.788674
0.788716
0.788758
0.7888
0.788842
0.788884
0.788925
0.788967
0.789008
0.78905
0.789091
0.789132
0.789174
0.789215
0.789256
0.789297
0.789337
0.789378
0.789419
0.789459
0.7895
0.78954
0.789581
0.789621
0.789661
0.789701
0.789741
0.789781
0.789821
0.789861
0.7899
0.78994
0.789979
0.790019
0.790058
0.790097
0.790137
0.790176
0.790215
0.790254
0.790293
0.790331
0.79037
0.790409
0.790447
0.790486
0.790524
0.790562
0.790601
0.790639
0.790677
0.790715
0.790753
0.790791
0.790829
0.790866
0.790904
0.790942
0.790979
0.791017
0.791054
0.791091
0.791128
0.791165
0.791203
0.79124
0.791276
0.791313
0.79135
0.791387
0.791423
0.79146
0.791496
0.791533
0.791569
0.791606
0.791642
0.791678
0.791714
0.79175
0.791786
0.791822
0.791858
0.791893
0.791929
0.791965
0.792
0.792036
0.792071
0.792106
0.792142
0.792177
0.792212
0.792247
0.792282
0.792317
0.792352
0.792387
0.792421
0.792456
0.792491
0.792525
0.79256
0.792594
0.792628
0.792663
0.792697
0.792731
0.792765
0.792799
0.792833
0.792867
0.792901
0.792935
0.792969
0.793002
0.793036
0.793069
0.793103
0.793136
0.79317
0.793203
0.793236
0.793269
0.793303
0.793336
0.793369
0.793402
0.793435
0.793467
0.7935
0.793533
0.793566
0.793598
0.793631
0.793663
0.793696
0.793728
0.79376
0.793793
0.793825
0.793857
0.793889
0.793921
0.793953
0.793985
0.794017
0.794049
0.79408
0.794112
0.794144
0.794175
0.794207
0.794239
0.79427
0.794301
0.794333
0.794364
0.794395
0.794426
0.794457
0.794489
0.79452
0.794551
0.794581
0.794612
0.794643
0.794674
0.794705
0.794735
0.794766
0.794796
0.794827
0.794857
0.794888
0.794918
0.794948
0.794979
0.795009
0.795039
0.795069
0.795099
0.795129
0.795159
0.795189
0.795219
0.795249
0.795279
0.795308
0.795338
0.795368
0.795397
0.795427
0.795456
0.795486
0.795515
0.795544
0.795574
0.795603
0.795632
0.795661
0.79569
0.795719
0.795748
0.795777
0.795806
0.795835
0.795864
0.795893
0.795921
0.79595
0.795979
0.796007
0.796036
0.796064
0.796093
0.796121
0.79615
0.796178
0.796206
0.796235
0.796263
0.796291
0.796319
0.796347
0.796375
0.796403
0.796431
0.796459
0.796487
0.796515
0.796543
0.79657
0.796598
0.796626
0.796653
0.796681
0.796708
0.796736
0.796763
0.796791
0.796818
0.796846
0.796873
0.7969
0.796927
0.796954
0.796982
0.797009
0.797036
0.797063
0.79709
0.797117
0.797144
0.79717
0.797197
0.797224
0.797251
0.797277
0.797304
0.797331
0.797357
0.797384
0.79741
0.797437
0.797463
0.79749
0.797516
0.797542
0.797569
0.797595
0.797621
0.797647
0.797673
0.797699
0.797726
0.797752
0.797778
0.797804
0.797829
0.797855
0.797881
0.797907
0.797933
0.797958
0.797984
0.79801
0.798035
0.798061
0.798087
0.798112
0.798138
0.798163
0.798189
0.798214
0.798239
0.798265
0.79829
0.798315
0.79834
0.798365
0.798391
0.798416
0.798441
0.798466
0.798491
0.798516
0.798541
0.798566
0.798591
0.798615
0.79864
0.798665
0.79869
0.798715
0.798739
0.798764
0.798788
0.798813
0.798838
0.798862
0.798887
0.798911
0.798936
0.79896
0.798984
0.799009
0.799033
0.799057
0.799081
0.799106
0.79913
0.799154
0.799178
0.799202
0.799226
0.79925
0.799274
0.799298
0.799322
0.799346
0.79937
0.799394
0.799418
0.799441
0.799465
0.799489
0.799512
0.799536
0.79956
0.799583
0.799607
0.799631
0.799654
0.799678
0.799701
0.799724
0.799748
0.799771
0.799795
0.799818
0.799841
0.799864
0.799888
0.799911
0.799934
0.799957
0.79998
0.800003
0.800026
0.800049
0.800072
0.800095
0.800118
0.800141
0.800164
0.800187
0.80021
0.800233
0.800256
0.800278
0.800301
0.800324
0.800347
0.800369
0.800392
0.800414
0.800437
0.80046
0.800482
0.800505
0.800527
0.800549
0.800572
0.800594
0.800617
0.800639
0.800661
0.800684
0.800706
0.800728
0.80075
0.800773
0.800795
0.800817
0.800839
0.800861
0.800883
0.800905
0.800927
0.800949
0.800971
0.800993
0.801015
0.801037
0.801059
0.801081
0.801103
0.801124
0.801146
0.801168
0.80119
0.801211
0.801233
0.801255
0.801276
0.801298
0.801319
0.801341
0.801363
0.801384
0.801406
0.801427
0.801448
0.80147
0.801491
0.801513
0.801534
0.801555
0.801577
0.801598
0.801619
0.80164
0.801662
0.801683
0.801704
0.801725
0.801746
0.801767
0.801788
0.80181
0.801831
0.801852
0.801873
0.801894
0.801915
0.801935
0.801956
0.801977
0.801998
0.802019
0.80204
0.802061
0.802081
0.802102
0.802123
0.802144
0.802164
0.802185
0.802206
0.802226
0.802247
0.802267
0.802288
0.802309
0.802329
0.80235
0.80237
0.802391
0.802411
0.802431
0.802452
0.802472
0.802493
0.802513
0.802533
0.802554
0.802574
0.802594
0.802614
0.802635
0.802655
0.802675
0.802695
0.802715
0.802735
0.802755
0.802776
0.802796
0.802816
0.802836
0.802856
0.802876
0.802896
0.802916
0.802936
0.802955
0.802975
0.802995
0.803015
0.803035
0.803055
0.803075
0.803094
0.803114
0.803134
0.803154
0.803173
0.803193
0.803213
0.803232
0.803252
0.803272
0.803291
0.803311
0.80333
0.80335
0.803369
0.803389
0.803408
0.803428
0.803447
0.803467
0.803486
0.803505
0.803525
0.803544
0.803564
0.803583
0.803602
0.803622
0.803641
0.80366
0.803679
0.803699
0.803718
0.803737
0.803756
0.803775
0.803794
0.803813
0.803833
0.803852
0.803871
0.80389
0.803909
0.803928
0.803947
0.803966
0.803985
0.804004
0.804023
0.804042
0.80406
0.804079
0.804098
0.804117
0.804136
0.804155
0.804174
0.804192
0.804211
0.80423
0.804249
0.804267
0.804286
0.804305
0.804323
0.804342
0.804361
0.804379
0.804398
0.804417
0.804435
0.804454
0.804472
0.804491
0.804509
0.804528
0.804546
0.804565
0.804583
0.804602
0.80462
0.804638
0.804657
0.804675
0.804694
0.804712
0.80473
0.804749
0.804767
0.804785
0.804803
0.804822
0.80484
0.804858
0.804876
0.804895
0.804913
0.804931
0.804949
0.804967
0.804985
0.805003
0.805021
0.80504
0.805058
0.805076
0.805094
0.805112
0.80513
0.805148
0.805166
0.805184
0.805202
0.80522
0.805237
0.805255
0.805273
0.805291
0.805309
0.805327
0.805345
0.805362
0.80538
0.805398
0.805416
0.805434
0.805451
0.805469
0.805487
0.805505
0.805522
0.80554
0.805558
0.805575
0.805593
0.805611
0.805628
0.805646
0.805663
0.805681
0.805698
0.805716
0.805734
0.805751
0.805769
0.805786
0.805804
0.805821
0.805838
0.805856
0.805873
0.805891
0.805908
0.805925
0.805943
0.80596
0.805978
0.805995
0.806012
0.80603
0.806047
0.806064
0.806081
0.806099
0.806116
0.806133
0.80615
0.806168
0.806185
0.806202
0.806219
0.806236
0.806253
0.806271
0.806288
0.806305
0.806322
0.806339
0.806356
0.806373
0.80639
0.806407
0.806424
0.806441
0.806458
0.806475
0.806492
0.806509
0.806526
0.806543
0.80656
0.806577
0.806594
0.806611
0.806627
0.806644
0.806661
0.806678
0.806695
0.806712
0.806728
0.806745
0.806762
0.806779
0.806795
0.806812
0.806829
0.806846
0.806862
0.806879
0.806896
0.806912
0.806929
0.806946
0.806962
0.806979
0.806996
0.807012
0.807029
0.807045
0.807062
0.807079
0.807095
0.807112
0.807128
0.807145
0.807161
0.807178
0.807194
0.807211
0.807227
0.807243
0.80726
0.807276
0.807293
0.807309
0.807326
0.807342
0.807358
0.807375
0.807391
0.807407
0.807424
0.80744
0.807456
0.807473
0.807489
0.807505
0.807521
0.807538
0.807554
0.80757
0.807586
0.807602
0.807619
0.807635
0.807651
0.807667
0.807683
0.807699
0.807716
0.807732
0.807748
0.807764
0.80778
0.807796
0.807812
0.807828
0.807844
0.80786
0.807876
0.807892
0.807908
0.807924
0.80794
0.807956
0.807972
0.807988
0.808004
0.80802
0.808036
0.808052
0.808068
0.808084
0.8081
0.808115
0.808131
0.808147
0.808163
0.808179
0.808195
0.808211
0.808226
0.808242
0.808258
0.808274
0.808289
0.808305
0.808321
0.808337
0.808352
0.808368
0.808384
0.808399
0.808415
0.808431
0.808446
0.808462
0.808478
0.808493
0.808509
0.808525
0.80854
0.808556
0.808571
0.808587
0.808603
0.808618
0.808634
0.808649
0.808665
0.80868
0.808696
0.808711
0.808727
0.808742
0.808758
0.808773
0.808789
0.808804
0.80882
0.808835
0.80885
0.808866
0.808881
0.808897
0.808912
0.808927
0.808943
0.808958
0.808973
0.808989
0.809004
0.809019
0.809035
0.80905
0.809065
0.809081
0.809096
0.809111
0.809126
0.809142
0.809157
0.809172
0.809187
0.809202
0.809218
0.809233
0.809248
0.809263
0.809278
0.809293
0.809309
0.809324
0.809339
0.809354
0.809369
0.809384
0.809399
0.809414
0.809429
0.809445
0.80946
0.809475
0.80949
0.809505
0.80952
0.809535
0.80955
0.809565
0.80958
0.809595
0.80961
0.809625
0.80964
0.809655
0.809669
0.809684
0.809699
0.809714
0.809729
0.809744
0.809759
0.809774
0.809789
0.809804
0.809818
0.809833
0.809848
0.809863
0.809878
0.809893
0.809907
0.809922
0.809937
0.809952
0.809966
0.809981
0.809996
0.810011
0.810025
0.81004
0.810055
0.81007
0.810084
0.810099
0.810114
0.810128
0.810143
0.810158
0.810172
0.810187
0.810202
0.810216
0.810231
0.810245
0.81026
0.810275
0.810289
0.810304
0.810318
0.810333
0.810348
0.810362
0.810377
0.810391
0.810406
0.81042
0.810435
0.810449
0.810464
0.810478
0.810493
0.810507
0.810522
0.810536
0.81055
0.810565
0.810579
0.810594
0.810608
0.810623
0.810637
0.810651
0.810666
0.81068
0.810694
0.810709
0.810723
0.810738
0.810752
0.810766
0.810781
0.810795
0.810809
0.810823
0.810838
0.810852
0.810866
0.810881
0.810895
0.810909
0.810923
0.810938
0.810952
0.810966
0.81098
0.810994
0.811009
0.811023
0.811037
0.811051
0.811065
0.81108
0.811094
0.811108
0.811122
0.811136
0.81115
0.811164
0.811178
0.811193
0.811207
0.811221
0.811235
0.811249
0.811263
0.811277
0.811291
0.811305
0.811319
0.811333
0.811347
0.811361
0.811375
0.811389
0.811403
0.811417
0.811431
0.811445
0.811459
0.811473
0.811487
0.811501
0.811515
0.811529
0.811543
0.811557
0.811571
0.811585
0.811598
0.811612
0.811626
0.81164
0.811654
0.811668
0.811682
0.811696
0.811709
0.811723
0.811737
0.811751
0.811765
0.811778
0.811792
0.811806
0.81182
0.811834
0.811847
0.811861
0.811875
0.811889
0.811902
0.811916
0.81193
0.811944
0.811957
0.811971
0.811985
0.811998
0.812012
0.812026
0.812039
0.812053
0.812067
0.81208
0.812094
0.812108
0.812121
0.812135
0.812149
0.812162
0.812176
0.812189
0.812203
0.812217
0.81223
0.812244
0.812257
0.812271
0.812284
0.812298
0.812311
0.812325
0.812338
0.812352
0.812366
0.812379
0.812393
0.812406
0.81242
0.812433
0.812446
0.81246
0.812473
0.812487
0.8125
0.812514
0.812527
0.812541
0.812554
0.812567
0.812581
0.812594
0.812608
0.812621
0.812634
0.812648
0.812661
0.812674
0.812688
0.812701
0.812714
0.812728
0.812741
0.812754
0.812768
0.812781
0.812794
0.812808
0.812821
0.812834
0.812848
0.812861
0.812874
0.812887
0.812901
0.812914
0.812927
0.81294
0.812954
0.812967
0.81298
0.812993
0.813006
0.81302
0.813033
0.813046
0.813059
0.813072
0.813085
0.813099
0.813112
0.813125
0.813138
0.813151
0.813164
0.813177
0.813191
0.813204
0.813217
0.81323
0.813243
0.813256
0.813269
0.813282
0.813295
0.813308
0.813321
0.813334
0.813347
0.81336
0.813373
0.813386
0.813399
0.813412
0.813425
0.813438
0.813451
0.813464
0.813477
0.81349
0.813503
0.813516
0.813529
0.813542
0.813555
0.813568
0.813581
0.813594
0.813607
0.81362
0.813633
0.813646
0.813658
0.813671
0.813684
0.813697
0.81371
0.813723
0.813736
0.813749
0.813761
0.813774
0.813787
0.8138
0.813813
0.813826
0.813838
0.813851
0.813864
0.813877
0.81389
0.813902
0.813915
0.813928
0.813941
0.813953
0.813966
0.813979
0.813992
0.814004
0.814017
0.81403
0.814043
0.814055
0.814068
0.814081
0.814093
0.814106
0.814119
0.814131
0.814144
0.814157
0.814169
0.814182
0.814195
0.814207
0.81422
0.814233
0.814245
0.814258
0.81427
0.814283
0.814296
0.814308
0.814321
0.814333
0.814346
0.814359
0.814371
0.814384
0.814396
0.814409
0.814421
0.814434
0.814446
0.814459
0.814471
0.814484
0.814496
0.814509
0.814521
0.814534
0.814546
0.814559
0.814571
0.814584
0.814596
0.814609
0.814621
0.814634
0.814646
0.814659
0.814671
0.814683
0.814696
0.814708
0.814721
0.814733
0.814745
0.814758
0.81477
0.814783
0.814795
0.814807
0.81482
0.814832
0.814844
0.814857
0.814869
0.814881
0.814894
0.814906
0.814918
0.814931
0.814943
0.814955
0.814968
0.81498
0.814992
0.815004
0.815017
0.815029
0.815041
0.815054
0.815066
0.815078
0.81509
0.815103
0.815115
0.815127
0.815139
0.815151
0.815164
0.815176
0.815188
0.8152
0.815212
0.815225
0.815237
0.815249
0.815261
0.815273
0.815285
0.815298
0.81531
0.815322
0.815334
0.815346
0.815358
0.81537
0.815383
0.815395
0.815407
0.815419
0.815431
0.815443
0.815455
0.815467
0.815479
0.815491
0.815503
0.815515
0.815527
0.81554
0.815552
0.815564
0.815576
0.815588
0.8156
0.815612
0.815624
0.815636
0.815648
0.81566
0.815672
0.815684
0.815696
0.815708
0.81572
0.815732
0.815743
0.815755
0.815767
0.815779
0.815791
0.815803
0.815815
0.815827
0.815839
0.815851
0.815863
0.815875
0.815887
0.815898
0.81591
0.815922
0.815934
0.815946
0.815958
0.81597
0.815982
0.815993
0.816005
0.816017
0.816029
0.816041
0.816053
0.816064
0.816076
0.816088
0.8161
0.816112
0.816123
0.816135
0.816147
0.816159
0.81617
0.816182
0.816194
0.816206
0.816218
0.816229
0.816241
0.816253
0.816264
0.816276
0.816288
0.8163
0.816311
0.816323
0.816335
0.816346
0.816358
0.81637
0.816382
0.816393
0.816405
0.816417
0.816428
0.81644
0.816452
0.816463
0.816475
0.816486
0.816498
0.81651
0.816521
0.816533
0.816545
0.816556
0.816568
0.816579
0.816591
0.816603
0.816614
0.816626
0.816637
0.816649
0.81666
0.816672
0.816683
0.816695
0.816707
0.816718
0.81673
0.816741
0.816753
0.816764
0.816776
0.816787
0.816799
0.81681
0.816822
0.816833
0.816845
0.816856
0.816868
0.816879
0.816891
0.816902
0.816914
0.816925
0.816936
0.816948
0.816959
0.816971
0.816982
0.816994
0.817005
0.817016
0.817028
0.817039
0.817051
0.817062
0.817073
0.817085
0.817096
0.817107
0.817119
0.81713
0.817142
0.817153
0.817164
0.817176
0.817187
0.817198
0.81721
0.817221
0.817232
0.817244
0.817255
0.817266
0.817278
0.817289
0.8173
0.817311
0.817323
0.817334
0.817345
0.817356
0.817368
0.817379
0.81739
0.817402
0.817413
0.817424
0.817435
0.817446
0.817458
0.817469
0.81748
0.817491
0.817503
0.817514
0.817525
0.817536
0.817547
0.817558
0.81757
0.817581
0.817592
0.817603
0.817614
0.817625
0.817637
0.817648
0.817659
0.81767
0.817681
0.817692
0.817703
0.817715
0.817726
0.817737
0.817748
0.817759
0.81777
0.817781
0.817792
0.817803
0.817814
0.817825
0.817837
0.817848
0.817859
0.81787
0.817881
0.817892
0.817903
0.817914
0.817925
0.817936
0.817947
0.817958
0.817969
0.81798
0.817991
0.818002
0.818013
0.818024
0.818035
0.818046
0.818057
0.818068
0.818079
0.81809
0.818101
0.818112
0.818123
0.818134
0.818145
0.818156
0.818166
0.818177
0.818188
0.818199
0.81821
0.818221
0.818232
0.818243
0.818254
0.818265
0.818276
0.818286
0.818297
0.818308
0.818319
0.81833
0.818341
0.818352
0.818362
0.818373
0.818384
0.818395
0.818406
0.818417
0.818427
0.818438
0.818449
0.81846
0.818471
0.818481
0.818492
0.818503
0.818514
0.818525
0.818535
0.818546
0.818557
0.818568
0.818578
0.818589
0.8186
0.818611
0.818621
0.818632
0.818643
0.818654
0.818664
0.818675
0.818686
0.818697
0.818707
0.818718
0.818729
0.818739
0.81875
0.818761
0.818771
0.818782
0.818793
0.818803
0.818814
0.818825
0.818835
0.818846
0.818857
0.818867
0.818878
0.818889
0.818899
0.81891
0.81892
0.818931
0.818942
0.818952
0.818963
0.818974
0.818984
0.818995
0.819005
0.819016
0.819026
0.819037
0.819048
0.819058
0.819069
0.819079
0.81909
0.8191
0.819111
0.819121
0.819132
0.819142
0.819153
0.819164
0.819174
0.819185
0.819195
0.819206
0.819216
0.819227
0.819237
0.819248
0.819258
0.819268
0.819279
0.819289
0.8193
0.81931
0.819321
0.819331
0.819342
0.819352
0.819363
0.819373
0.819383
0.819394
0.819404
0.819415
0.819425
0.819436
0.819446
0.819456
0.819467
0.819477
0.819488
0.819498
0.819508
0.819519
0.819529
0.819539
0.81955
0.81956
0.81957
0.819581
0.819591
0.819602
0.819612
0.819622
0.819633
0.819643
0.819653
0.819663
0.819674
0.819684
0.819694
0.819705
0.819715
0.819725
0.819736
0.819746
0.819756
0.819766
0.819777
0.819787
0.819797
0.819807
0.819818
0.819828
0.819838
0.819848
0.819859
0.819869
0.819879
0.819889
0.8199
0.81991
0.81992
0.81993
0.81994
0.819951
0.819961
0.819971
0.819981
0.819991
0.820002
0.820012
0.820022
0.820032
0.820042
0.820052
0.820063
0.820073
0.820083
0.820093
0.820103
0.820113
0.820123
0.820134
0.820144
0.820154
0.820164
0.820174
0.820184
0.820194
0.820204
0.820214
0.820225
0.820235
0.820245
0.820255
0.820265
0.820275
0.820285
0.820295
0.820305
0.820315
0.820325
0.820335
0.820345
0.820355
0.820365
0.820375
0.820385
0.820395
0.820405
0.820415
0.820425
0.820435
0.820445
0.820455
0.820465
0.820475
0.820485
0.820495
0.820505
0.820515
0.820525
0.820535
0.820545
0.820555
0.820565
0.820575
0.820585
0.820595
0.820605
0.820615
0.820625
0.820635
0.820645
0.820655
0.820664
0.820674
0.820684
0.820694
0.820704
0.820714
0.820724
0.820734
0.820744
0.820753
0.820763
0.820773
0.820783
0.820793
0.820803
0.820813
0.820822
0.820832
0.820842
0.820852
0.820862
0.820872
0.820882
0.820891
0.820901
0.820911
0.820921
0.820931
0.82094
0.82095
0.82096
0.82097
0.82098
0.820989
0.820999
0.821009
0.821019
0.821028
0.821038
0.821048
0.821058
0.821067
0.821077
0.821087
0.821097
0.821106
0.821116
0.821126
0.821136
0.821145
0.821155
0.821165
0.821174
0.821184
0.821194
0.821204
0.821213
0.821223
0.821233
0.821242
0.821252
0.821262
0.821271
0.821281
0.821291
0.8213
0.82131
0.82132
0.821329
0.821339
0.821348
0.821358
0.821368
0.821377
0.821387
0.821397
0.821406
0.821416
0.821425
0.821435
0.821445
0.821454
0.821464
0.821473
0.821483
0.821493
0.821502
0.821512
0.821521
0.821531
0.82154
0.82155
0.82156
0.821569
0.821579
0.821588
0.821598
0.821607
0.821617
0.821626
0.821636
0.821645
0.821655
0.821664
0.821674
0.821683
0.821693
0.821702
0.821712
0.821721
0.821731
0.82174
0.82175
0.821759
0.821769
0.821778
0.821788
0.821797
0.821807
0.821816
0.821825
0.821835
0.821844
0.821854
0.821863
0.821873
0.821882
0.821892
0.821901
0.82191
0.82192
0.821929
0.821939
0.821948
0.821957
0.821967
0.821976
0.821985
0.821995
0.822004
0.822014
0.822023
0.822032
0.822042
0.822051
0.82206
0.82207
0.822079
0.822088
0.822098
0.822107
0.822116
0.822126
0.822135
0.822144
0.822154
0.822163
0.822172
0.822182
0.822191
0.8222
0.82221
0.822219
0.822228
0.822237
0.822247
0.822256
0.822265
0.822275
0.822284
0.822293
0.822302
0.822312
0.822321
0.82233
0.822339
0.822349
0.822358
0.822367
0.822376
0.822385
0.822395
0.822404
0.822413
0.822422
0.822432
0.822441
0.82245
0.822459
0.822468
0.822477
0.822487
0.822496
0.822505
0.822514
0.822523
0.822533
0.822542
0.822551
0.82256
0.822569
0.822578
0.822587
0.822597
0.822606
0.822615
0.822624
0.822633
0.822642
0.822651
0.82266
0.82267
0.822679
0.822688
0.822697
0.822706
0.822715
0.822724
0.822733
0.822742
0.822751
0.82276
0.82277
0.822779
0.822788
0.822797
0.822806
0.822815
0.822824
0.822833
0.822842
0.822851
0.82286
0.822869
0.822878
0.822887
0.822896
0.822905
0.822914
0.822923
0.822932
0.822941
0.82295
0.822959
0.822968
0.822977
0.822986
0.822995
0.823004
0.823013
0.823022
0.823031
0.82304
0.823049
0.823058
0.823067
0.823076
0.823085
0.823094
0.823103
0.823112
0.82312
0.823129
0.823138
0.823147
0.823156
0.823165
0.823174
0.823183
0.823192
0.823201
0.82321
0.823219
0.823227
0.823236
0.823245
0.823254
0.823263
0.823272
0.823281
0.82329
0.823298
0.823307
0.823316
0.823325
0.823334
0.823343
0.823351
0.82336
0.823369
0.823378
0.823387
0.823396
0.823404
0.823413
0.823422
0.823431
0.82344
0.823448
0.823457
0.823466
0.823475
0.823484
0.823492
0.823501
0.82351
0.823519
0.823528
0.823536
0.823545
0.823554
0.823563
0.823571
0.82358
0.823589
0.823598
0.823606
0.823615
0.823624
0.823632
0.823641
0.82365
0.823659
0.823667
0.823676
0.823685
0.823693
0.823702
0.823711
0.82372
0.823728
0.823737
0.823746
0.823754
0.823763
0.823772
0.82378
0.823789
0.823798
0.823806
0.823815
0.823824
0.823832
0.823841
0.82385
0.823858
0.823867
0.823875
0.823884
0.823893
0.823901
0.82391
0.823919
0.823927
0.823936
0.823944
0.823953
0.823962
0.82397
0.823979
0.823987
0.823996
0.824005
0.824013
0.824022
0.82403
0.824039
0.824047
0.824056
0.824065
0.824073
0.824082
0.82409
0.824099
0.824107
0.824116
0.824124
0.824133
0.824141
0.82415
0.824158
0.824167
0.824175
0.824184
0.824192
0.824201
0.824209
0.824218
0.824226
0.824235
0.824243
0.824252
0.82426
0.824269
0.824277
0.824286
0.824294
0.824303
0.824311
0.82432
0.824328
0.824337
0.824345
0.824353
0.824362
0.82437
0.824379
0.824387
0.824396
0.824404
0.824412
0.824421
0.824429
0.824438
0.824446
0.824455
0.824463
0.824471
0.82448
0.824488
0.824496
0.824505
0.824513
0.824522
0.82453
0.824538
0.824547
0.824555
0.824563
0.824572
0.82458
0.824589
0.824597
0.824605
0.824614
0.824622
0.82463
0.824639
0.824647
0.824655
0.824664
0.824672
0.82468
0.824688
0.824697
0.824705
0.824713
0.824722
0.82473
0.824738
0.824747
0.824755
0.824763
0.824771
0.82478
0.824788
0.824796
0.824804
0.824813
0.824821
0.824829
0.824837
0.824846
0.824854
0.824862
0.82487
0.824879
0.824887
0.824895
0.824903
0.824912
0.82492
0.824928
0.824936
0.824944
0.824953
0.824961
0.824969
0.824977
0.824985
0.824994
0.825002
0.82501
0.825018
0.825026
0.825035
0.825043
0.825051
0.825059
0.825067
0.825075
0.825084
0.825092
0.8251
0.825108
0.825116
0.825124
0.825132
0.825141
0.825149
0.825157
0.825165
0.825173
0.825181
0.825189
0.825197
0.825205
0.825214
0.825222
0.82523
0.825238
0.825246
0.825254
0.825262
0.82527
0.825278
0.825286
0.825294
0.825302
0.825311
0.825319
0.825327
0.825335
0.825343
0.825351
0.825359
0.825367
0.825375
0.825383
0.825391
0.825399
0.825407
0.825415
0.825423
0.825431
0.825439
0.825447
0.825455
0.825463
0.825471
0.825479
0.825487
0.825495
0.825503
0.825511
0.825519
0.825527
0.825535
0.825543
0.825551
0.825559
0.825567
0.825575
0.825583
0.825591
0.825599
0.825607
0.825615
0.825623
0.825631
0.825638
0.825646
0.825654
0.825662
0.82567
0.825678
0.825686
0.825694
0.825702
0.82571
0.825718
0.825726
0.825733
0.825741
0.825749
0.825757
0.825765
0.825773
0.825781
0.825789
0.825797
0.825804
0.825812
0.82582
0.825828
0.825836
0.825844
0.825852
0.825859
0.825867
0.825875
0.825883
0.825891
0.825899
0.825906
0.825914
0.825922
0.82593
0.825938
0.825946
0.825953
0.825961
0.825969
0.825977
0.825985
0.825992
0.826
0.826008
0.826016
0.826023
0.826031
0.826039
0.826047
0.826055
0.826062
0.82607
0.826078
0.826086
0.826093
0.826101
0.826109
0.826117
0.826124
0.826132
0.82614
0.826148
0.826155
0.826163
0.826171
0.826179
0.826186
0.826194
0.826202
0.826209
0.826217
0.826225
0.826232
0.82624
0.826248
0.826256
0.826263
0.826271
0.826279
0.826286
0.826294
0.826302
0.826309
0.826317
0.826325
0.826332
0.82634
0.826348
0.826355
0.826363
0.826371
0.826378
0.826386
0.826393
0.826401
0.826409
0.826416
0.826424
0.826432
0.826439
0.826447
0.826454
0.826462
0.82647
0.826477
0.826485
0.826493
0.8265
0.826508
0.826515
0.826523
0.82653
0.826538
0.826546
0.826553
0.826561
0.826568
0.826576
0.826583
0.826591
0.826599
0.826606
0.826614
0.826621
0.826629
0.826636
0.826644
0.826651
0.826659
0.826666
0.826674
0.826682
0.826689
0.826697
0.826704
0.826712
0.826719
0.826727
0.826734
0.826742
0.826749
0.826757
0.826764
0.826772
0.826779
0.826787
0.826794
0.826801
0.826809
0.826816
0.826824
0.826831
0.826839
0.826846
0.826854
0.826861
0.826869
0.826876
0.826884
0.826891
0.826898
0.826906
0.826913
0.826921
0.826928
0.826936
0.826943
0.82695
0.826958
0.826965
0.826973
0.82698
0.826987
0.826995
0.827002
0.82701
0.827017
0.827024
0.827032
0.827039
0.827047
0.827054
0.827061
0.827069
0.827076
0.827083
0.827091
0.827098
0.827106
0.827113
0.82712
0.827128
0.827135
0.827142
0.82715
0.827157
0.827164
0.827172
0.827179
0.827186
0.827194
0.827201
0.827208
0.827216
0.827223
0.82723
0.827237
0.827245
0.827252
0.827259
0.827267
0.827274
0.827281
0.827288
0.827296
0.827303
0.82731
0.827318
0.827325
0.827332
0.827339
0.827347
0.827354
0.827361
0.827368
0.827376
0.827383
0.82739
0.827397
0.827405
0.827412
0.827419
0.827426
0.827434
0.827441
0.827448
0.827455
0.827462
0.82747
0.827477
0.827484
0.827491
0.827499
0.827506
0.827513
0.82752
0.827527
0.827534
0.827542
0.827549
0.827556
0.827563
0.82757
0.827578
0.827585
0.827592
0.827599
0.827606
0.827613
0.827621
0.827628
0.827635
0.827642
0.827649
0.827656
0.827663
0.827671
0.827678
0.827685
0.827692
0.827699
0.827706
0.827713
0.82772
0.827727
0.827735
0.827742
0.827749
0.827756
0.827763
0.82777
0.827777
0.827784
0.827791
0.827798
0.827806
0.827813
0.82782
0.827827
0.827834
0.827841
0.827848
0.827855
0.827862
0.827869
0.827876
0.827883
0.82789
0.827897
0.827904
0.827911
0.827918
0.827925
0.827933
0.82794
0.827947
0.827954
0.827961
0.827968
0.827975
0.827982
0.827989
0.827996
0.828003
0.82801
0.828017
0.828024
0.828031
0.828038
0.828045
0.828052
0.828059
0.828066
0.828073
0.82808
0.828087
0.828093
0.8281
0.828107
0.828114
0.828121
0.828128
0.828135
0.828142
0.828149
0.828156
0.828163
0.82817
0.828177
0.828184
0.828191
0.828198
0.828205
0.828212
0.828218
0.828225
0.828232
0.828239
0.828246
0.828253
0.82826
0.828267
0.828274
0.828281
0.828287
0.828294
0.828301
0.828308
0.828315
0.828322
0.828329
0.828336
0.828342
0.828349
0.828356
0.828363
0.82837
0.828377
0.828384
0.828391
0.828397
0.828404
0.828411
0.828418
0.828425
0.828432
0.828438
0.828445
0.828452
0.828459
0.828466
0.828473
0.828479
0.828486
0.828493
0.8285
0.828507
0.828513
0.82852
0.828527
0.828534
0.828541
0.828547
0.828554
0.828561
0.828568
0.828574
0.828581
0.828588
0.828595
0.828602
0.828608
0.828615
0.828622
0.828629
0.828635
0.828642
0.828649
0.828656
0.828662
0.828669
0.828676
0.828683
0.828689
0.828696
0.828703
0.828709
0.828716
0.828723
0.82873
0.828736
0.828743
0.82875
0.828756
0.828763
0.82877
0.828777
0.828783
0.82879
0.828797
0.828803
0.82881
0.828817
0.828823
0.82883
0.828837
0.828843
0.82885
0.828857
0.828863
0.82887
0.828877
0.828883
0.82889
0.828897
0.828903
0.82891
0.828917
0.828923
0.82893
0.828937
0.828943
0.82895
0.828956
0.828963
0.82897
0.828976
0.828983
0.82899
0.828996
0.829003
0.829009
0.829016
0.829023
0.829029
0.829036
0.829042
0.829049
0.829056
0.829062
0.829069
0.829075
0.829082
0.829088
0.829095
0.829102
0.829108
0.829115
0.829121
0.829128
0.829134
0.829141
0.829148
0.829154
0.829161
0.829167
0.829174
0.82918
0.829187
0.829193
0.8292
0.829206
0.829213
0.829219
0.829226
0.829232
0.829239
0.829246
0.829252
0.829259
0.829265
0.829272
0.829278
0.829285
0.829291
0.829298
0.829304
0.829311
0.829317
0.829323
0.82933
0.829336
0.829343
0.829349
0.829356
0.829362
0.829369
0.829375
0.829382
0.829388
0.829395
0.829401
0.829408
0.829414
0.82942
0.829427
0.829433
0.82944
0.829446
0.829453
0.829459
0.829465
0.829472
0.829478
0.829485
0.829491
0.829498
0.829504
0.82951
0.829517
0.829523
0.82953
0.829536
0.829542
0.829549
0.829555
0.829562
0.829568
0.829574
0.829581
0.829587
0.829593
0.8296
0.829606
0.829613
0.829619
0.829625
0.829632
0.829638
0.829644
0.829651
0.829657
0.829663
0.82967
0.829676
0.829683
0.829689
0.829695
0.829702
0.829708
0.829714
0.829721
0.829727
0.829733
0.829739
0.829746
0.829752
0.829758
0.829765
0.829771
0.829777
0.829784
0.82979
0.829796
0.829803
0.829809
0.829815
0.829821
0.829828
0.829834
0.82984
0.829847
0.829853
0.829859
0.829865
0.829872
0.829878
0.829884
0.82989
0.829897
0.829903
0.829909
0.829915
0.829922
0.829928
0.829934
0.82994
0.829947
0.829953
0.829959
0.829965
0.829972
0.829978
0.829984
0.82999
0.829996
0.830003
0.830009
0.830015
0.830021
0.830028
0.830034
0.83004
0.830046
0.830052
0.830059
0.830065
0.830071
0.830077
0.830083
0.830089
0.830096
0.830102
0.830108
0.830114
0.83012
0.830126
0.830133
0.830139
0.830145
0.830151
0.830157
0.830163
0.83017
0.830176
0.830182
0.830188
0.830194
0.8302
0.830206
0.830213
0.830219
0.830225
0.830231
0.830237
0.830243
0.830249
0.830255
0.830262
0.830268
0.830274
0.83028
0.830286
0.830292
0.830298
0.830304
0.83031
0.830316
0.830323
0.830329
0.830335
0.830341
0.830347
0.830353
0.830359
0.830365
0.830371
0.830377
0.830383
0.830389
0.830395
0.830402
0.830408
0.830414
0.83042
0.830426
0.830432
0.830438
0.830444
0.83045
0.830456
0.830462
0.830468
0.830474
0.83048
0.830486
0.830492
0.830498
0.830504
0.83051
0.830516
0.830522
0.830528
0.830534
0.83054
0.830546
0.830552
0.830558
0.830564
0.83057
0.830576
0.830582
0.830588
0.830594
0.8306
0.830606
0.830612
0.830618
0.830624
0.83063
0.830636
0.830642
0.830648
0.830654
0.83066
0.830666
0.830672
0.830678
0.830684
0.83069
0.830695
0.830701
0.830707
0.830713
0.830719
0.830725
0.830731
0.830737
0.830743
0.830749
0.830755
0.830761
0.830767
0.830773
0.830778
0.830784
0.83079
0.830796
0.830802
0.830808
0.830814
0.83082
0.830826
0.830832
0.830837
0.830843
0.830849
0.830855
0.830861
0.830867
0.830873
0.830879
0.830884
0.83089
0.830896
0.830902
0.830908
0.830914
0.83092
0.830925
0.830931
0.830937
0.830943
0.830949
0.830955
0.830961
0.830966
0.830972
0.830978
0.830984
0.83099
0.830996
0.831001
0.831007
0.831013
0.831019
0.831025
0.83103
0.831036
0.831042
0.831048
0.831054
0.831059
0.831065
0.831071
0.831077
0.831083
0.831088
0.831094
0.8311
0.831106
0.831112
0.831117
0.831123
0.831129
0.831135
0.83114
0.831146
0.831152
0.831158
0.831163
0.831169
0.831175
0.831181
0.831186
0.831192
0.831198
0.831204
0.831209
0.831215
0.831221
0.831227
0.831232
0.831238
0.831244
0.83125
0.831255
0.831261
0.831267
0.831272
0.831278
0.831284
0.83129
0.831295
0.831301
0.831307
0.831312
0.831318
0.831324
0.831329
0.831335
0.831341
0.831347
0.831352
0.831358
0.831364
0.831369
0.831375
0.831381
0.831386
0.831392
0.831398
0.831403
0.831409
0.831415
0.83142
0.831426
0.831432
0.831437
0.831443
0.831449
0.831454
0.83146
0.831465
0.831471
0.831477
0.831482
0.831488
0.831494
0.831499
0.831505
0.83151
0.831516
0.831522
0.831527
0.831533
0.831539
0.831544
0.83155
0.831555
0.831561
0.831567
0.831572
0.831578
0.831583
0.831589
0.831595
0.8316
0.831606
0.831611
0.831617
0.831622
0.831628
0.831634
0.831639
0.831645
0.83165
0.831656
0.831661
0.831667
0.831673
0.831678
0.831684
0.831689
0.831695
0.8317
0.831706
0.831711
0.831717
0.831723
0.831728
0.831734
0.831739
0.831745
0.83175
0.831756
0.831761
0.831767
0.831772
0.831778
0.831783
0.831789
0.831794
0.8318
0.831805
0.831811
0.831816
0.831822
0.831827
0.831833
0.831838
0.831844
0.831849
0.831855
0.83186
0.831866
0.831871
0.831877
0.831882
0.831888
0.831893
0.831899
0.831904
0.83191
0.831915
0.83192
0.831926
0.831931
0.831937
0.831942
0.831948
0.831953
0.831959
0.831964
0.83197
0.831975
0.83198
0.831986
0.831991
0.831997
0.832002
0.832008
0.832013
0.832018
0.832024
0.832029
0.832035
0.83204
0.832045
0.832051
0.832056
0.832062
0.832067
0.832072
0.832078
0.832083
0.832089
0.832094
0.832099
0.832105
0.83211
0.832116
0.832121
0.832126
0.832132
0.832137
0.832143
0.832148
0.832153
0.832159
0.832164
0.832169
0.832175
0.83218
0.832185
0.832191
0.832196
0.832201
0.832207
0.832212
0.832218
0.832223
0.832228
0.832234
0.832239
0.832244
0.83225
0.832255
0.83226
0.832266
0.832271
0.832276
0.832281
0.832287
0.832292
0.832297
0.832303
0.832308
0.832313
0.832319
0.832324
0.832329
0.832335
0.83234
0.832345
0.83235
0.832356
0.832361
0.832366
0.832372
0.832377
0.832382
0.832387
0.832393
0.832398
0.832403
0.832408
0.832414
0.832419
0.832424
0.83243
0.832435
0.83244
0.832445
0.832451
0.832456
0.832461
0.832466
0.832472
0.832477
0.832482
0.832487
0.832493
0.832498
0.832503
0.832508
0.832513
0.832519
0.832524
0.832529
0.832534
0.83254
0.832545
0.83255
0.832555
0.83256
0.832566
0.832571
0.832576
0.832581
0.832586
0.832592
0.832597
0.832602
0.832607
0.832612
0.832618
0.832623
0.832628
0.832633
0.832638
0.832643
0.832649
0.832654
0.832659
0.832664
0.832669
0.832674
0.83268
0.832685
0.83269
0.832695
0.8327
0.832705
0.832711
0.832716
0.832721
0.832726
0.832731
0.832736
0.832741
0.832747
0.832752
0.832757
0.832762
0.832767
0.832772
0.832777
0.832782
0.832788
0.832793
0.832798
0.832803
0.832808
0.832813
0.832818
0.832823
0.832828
0.832834
0.832839
0.832844
0.832849
0.832854
0.832859
0.832864
0.832869
0.832874
0.832879
0.832884
0.83289
0.832895
0.8329
0.832905
0.83291
0.832915
0.83292
0.832925
0.83293
0.832935
0.83294
0.832945
0.83295
0.832955
0.83296
0.832965
0.83297
0.832976
0.832981
0.832986
0.832991
0.832996
0.833001
0.833006
0.833011
0.833016
0.833021
0.833026
0.833031
0.833036
0.833041
0.833046
0.833051
0.833056
0.833061
0.833066
0.833071
0.833076
0.833081
0.833086
0.833091
0.833096
0.833101
0.833106
0.833111
0.833116
0.833121
0.833126
0.833131
0.833136
0.833141
0.833146
0.833151
0.833156
0.833161
0.833166
0.833171
0.833176
0.833181
0.833186
0.833191
0.833196
0.833201
0.833205
0.83321
0.833215
0.83322
0.833225
0.83323
0.833235
0.83324
0.833245
0.83325
0.833255
0.83326
0.833265
0.83327
0.833275
0.83328
0.833284
0.833289
0.833294
0.833299
0.833304
0.833309
0.833314
0.833319
0.833324
0.833329
0.833334
0.833339
0.833343
0.833348
0.833353
0.833358
0.833363
0.833368
0.833373
0.833378
0.833383
0.833387
0.833392
0.833397
0.833402
0.833407
0.833412
0.833417
0.833422
0.833426
0.833431
0.833436
0.833441
0.833446
0.833451
0.833456
0.83346
0.833465
0.83347
0.833475
0.83348
0.833485
0.83349
0.833494
0.833499
0.833504
0.833509
0.833514
0.833519
0.833523
0.833528
0.833533
0.833538
0.833543
0.833547
0.833552
0.833557
0.833562
0.833567
0.833572
0.833576
0.833581
0.833586
0.833591
0.833596
0.8336
0.833605
0.83361
0.833615
0.83362
0.833624
0.833629
0.833634
0.833639
0.833643
0.833648
0.833653
0.833658
0.833663
0.833667
0.833672
0.833677
0.833682
0.833686
0.833691
0.833696
0.833701
0.833705
0.83371
0.833715
0.83372
0.833725
0.833729
0.833734
0.833739
0.833743
0.833748
0.833753
0.833758
0.833762
0.833767
0.833772
0.833777
0.833781
0.833786
0.833791
0.833796
0.8338
0.833805
0.83381
0.833814
0.833819
0.833824
0.833829
0.833833
0.833838
0.833843
0.833847
0.833852
0.833857
0.833861
0.833866
0.833871
0.833876
0.83388
0.833885
0.83389
0.833894
0.833899
0.833904
0.833908
0.833913
0.833918
0.833922
0.833927
0.833932
0.833936
0.833941
0.833946
0.83395
0.833955
0.83396
0.833964
0.833969
0.833974
0.833978
0.833983
0.833988
0.833992
0.833997
0.834001
0.834006
0.834011
0.834015
0.83402
0.834025
