1e-06
0.00181526
0.00473257
0.00805465
0.0114581
0.0147969
0.018011
0.021082
0.0240117
0.0268112
0.029495
0.0320785
0.0345763
0.0370017
0.0393661
0.0416794
0.0439502
0.0461853
0.0483908
0.0505712
0.0527308
0.0548725
0.0569992
0.0591128
0.0612153
0.0633079
0.0653917
0.0674678
0.0695369
0.0715994
0.073656
0.0757069
0.0777525
0.0797929
0.0818285
0.0838593
0.0858854
0.087907
0.089924
0.0919367
0.0939449
0.0959487
0.0979482
0.0999433
0.101934
0.103921
0.105903
0.107881
0.109854
0.111823
0.113788
0.115749
0.117706
0.119658
0.121605
0.123549
0.125488
0.127423
0.129354
0.13128
0.133202
0.13512
0.137034
0.138943
0.140848
0.142749
0.144645
0.146538
0.148426
0.15031
0.152189
0.154065
0.155936
0.157803
0.159666
0.161525
0.163379
0.16523
0.167076
0.168918
0.170756
0.17259
0.17442
0.176246
0.178067
0.179885
0.181698
0.183508
0.185313
0.187114
0.188912
0.190705
0.192494
0.194279
0.19606
0.197838
0.199611
0.20138
0.203145
0.204907
0.206664
0.208417
0.210167
0.211913
0.213654
0.215392
0.217126
0.218856
0.220582
0.222304
0.224023
0.225737
0.227448
0.229155
0.230858
0.232557
0.234253
0.235944
0.237632
0.239316
0.240997
0.242673
0.244346
0.246015
0.24768
0.249342
0.251
0.252654
0.254305
0.255952
0.257595
0.259234
0.26087
0.262502
0.264131
0.265755
0.267377
0.268994
0.270608
0.272219
0.273825
0.275429
0.277028
0.278624
0.280217
0.281806
0.283391
0.284973
0.286551
0.288126
0.289697
0.291265
0.292829
0.29439
0.295947
0.297501
0.299051
0.300598
0.302142
0.303682
0.305218
0.306751
0.308281
0.309807
0.31133
0.31285
0.314366
0.315879
0.317388
0.318894
0.320396
0.321896
0.323392
0.324884
0.326374
0.327859
0.329342
0.330821
0.332298
0.33377
0.33524
0.336706
0.338169
0.339628
0.341085
0.342538
0.343988
0.345435
0.346878
0.348318
0.349755
0.351189
0.35262
0.354047
0.355472
0.356893
0.358311
0.359726
0.361137
0.362546
0.363951
0.365353
0.366753
0.368149
0.369541
0.370931
0.372318
0.373702
0.375082
0.37646
0.377834
0.379205
0.380574
0.381939
0.383301
0.38466
0.386016
0.387369
0.38872
0.390067
0.391411
0.392752
0.39409
0.395425
0.396757
0.398087
0.399413
0.400736
0.402057
0.403374
0.404689
0.406
0.407309
0.408615
0.409917
0.411217
0.412515
0.413809
0.4151
0.416388
0.417674
0.418957
0.420237
0.421514
0.422788
0.424059
0.425328
0.426593
0.427856
0.429116
0.430374
0.431628
0.43288
0.434129
0.435375
0.436618
0.437859
0.439097
0.440332
0.441564
0.442794
0.444021
0.445245
0.446466
0.447685
0.448901
0.450114
0.451325
0.452533
0.453738
0.454941
0.456141
0.457338
0.458532
0.459724
0.460913
0.4621
0.463284
0.464465
0.465644
0.46682
0.467994
0.469165
0.470333
0.471499
0.472662
0.473822
0.47498
0.476136
0.477288
0.478439
0.479586
0.480732
0.481874
0.483014
0.484152
0.485287
0.486419
0.487549
0.488677
0.489802
0.490924
0.492044
0.493162
0.494277
0.495389
0.496499
0.497607
0.498712
0.499815
0.500915
0.502013
0.503108
0.504201
0.505291
0.506379
0.507465
0.508548
0.509629
0.510708
0.511784
0.512857
0.513929
0.514997
0.516064
0.517128
0.51819
0.519249
0.520306
0.521361
0.522414
0.523464
0.524511
0.525557
0.5266
0.527641
0.528679
0.529715
0.530749
0.531781
0.53281
0.533837
0.534862
0.535884
0.536904
0.537922
0.538938
0.539951
0.540962
0.541971
0.542978
0.543982
0.544985
0.545984
0.546982
0.547978
0.548971
0.549962
0.550951
0.551938
0.552922
0.553905
0.554885
0.555863
0.556839
0.557812
0.558784
0.559753
0.560721
0.561686
0.562648
0.563609
0.564568
0.565524
0.566479
0.567431
0.568381
0.569329
0.570275
0.571219
0.572161
0.573101
0.574038
0.574974
0.575907
0.576838
0.577768
0.578695
0.57962
0.580543
0.581464
0.582383
0.5833
0.584215
0.585128
0.586039
0.586948
0.587855
0.58876
0.589663
0.590564
0.591462
0.592359
0.593254
0.594147
0.595038
0.595927
0.596814
0.597699
0.598582
0.599463
0.600342
0.601219
0.602094
0.602968
0.603839
0.604708
0.605576
0.606441
0.607305
0.608167
0.609027
0.609884
0.61074
0.611595
0.612447
0.613297
0.614145
0.614992
0.615837
0.616679
0.61752
0.618359
0.619197
0.620032
0.620866
0.621697
0.622527
0.623355
0.624181
0.625005
0.625828
0.626648
0.627467
0.628284
0.629099
0.629913
0.630724
0.631534
0.632342
0.633148
0.633953
0.634755
0.635556
0.636355
0.637153
0.637948
0.638742
0.639534
0.640324
0.641113
0.641899
0.642684
0.643468
0.644249
0.645029
0.645807
0.646583
0.647358
0.648131
0.648902
0.649671
0.650439
0.651205
0.65197
0.652732
0.653493
0.654252
0.65501
0.655766
0.65652
0.657273
0.658024
0.658773
0.659521
0.660266
0.661011
0.661753
0.662494
0.663234
0.663971
0.664707
0.665442
0.666175
0.666906
0.667635
0.668363
0.66909
0.669814
0.670537
0.671259
0.671979
0.672697
0.673414
0.674129
0.674842
0.675554
0.676265
0.676974
0.677681
0.678386
0.679091
0.679793
0.680494
0.681193
0.681891
0.682588
0.683282
0.683976
0.684667
0.685358
0.686046
0.686733
0.687419
0.688103
0.688785
0.689466
0.690146
0.690824
0.691501
0.692176
0.692849
0.693521
0.694192
0.694861
0.695528
0.696194
0.696859
0.697522
0.698184
0.698844
0.699503
0.70016
0.700816
0.70147
0.702123
0.702775
0.703425
0.704073
0.70472
0.705366
0.70601
0.706653
0.707294
0.707934
0.708573
0.70921
0.709846
0.71048
0.711113
0.711745
0.712375
0.713004
0.713631
0.714257
0.714882
0.715505
0.716126
0.716747
0.717366
0.717984
0.7186
0.719215
0.719828
0.720441
0.721051
0.721661
0.722269
0.722876
0.723481
0.724086
0.724688
0.72529
0.72589
0.726489
0.727086
0.727682
0.728277
0.72887
0.729463
0.730053
0.730643
0.731231
0.731818
0.732404
0.732988
0.733571
0.734153
0.734733
0.735313
0.73589
0.736467
0.737042
0.737616
0.738189
0.738761
0.739331
0.7399
0.740468
0.741034
0.741599
0.742163
0.742726
0.743287
0.743848
0.744407
0.744964
0.745521
0.746076
0.74663
0.747183
0.747734
0.748285
0.748834
0.749382
0.749928
0.750474
0.751018
0.751561
0.752103
0.752644
0.753183
0.753722
0.754259
0.754794
0.755329
0.755863
0.756395
0.756926
0.757456
0.757985
0.758513
0.759039
0.759564
0.760088
0.760611
0.761133
0.761654
0.762173
0.762692
0.763209
0.763725
0.76424
0.764754
0.765266
0.765778
0.766288
0.766797
0.767305
0.767812
0.768318
0.768823
0.769326
0.769829
0.77033
0.77083
0.77133
0.771828
0.772325
0.77282
0.773315
0.773809
0.774301
0.774793
0.775283
0.775772
0.776261
0.776748
0.777234
0.777719
0.778203
0.778685
0.779167
0.779648
0.780127
0.780606
0.781083
0.78156
0.782035
0.782509
0.782983
0.783455
0.783926
0.784396
0.784865
0.785333
0.7858
0.786266
0.786731
0.787195
0.787658
0.78812
0.788581
0.78904
0.789499
0.789957
0.790414
0.790869
0.791324
0.791778
0.792231
0.792682
0.793133
0.793583
0.794031
0.794479
0.794926
0.795372
0.795816
0.79626
0.796703
0.797145
0.797586
0.798025
0.798464
0.798902
0.799339
0.799775
0.80021
0.800644
0.801077
0.801509
0.80194
0.80237
0.8028
0.803228
0.803655
0.804082
0.804507
0.804932
0.805355
0.805778
0.806199
0.80662
0.80704
0.807459
0.807877
0.808294
0.80871
0.809125
0.809539
0.809953
0.810365
0.810777
0.811187
0.811597
0.812006
0.812414
0.812821
0.813227
0.813632
0.814036
0.814439
0.814842
0.815243
0.815644
0.816044
0.816443
0.816841
0.817238
0.817634
0.81803
0.818424
0.818818
0.819211
0.819603
0.819994
0.820384
0.820773
0.821161
0.821549
0.821936
0.822322
0.822707
0.823091
0.823474
0.823857
0.824238
0.824619
0.824999
0.825378
0.825756
0.826133
0.82651
0.826886
0.827261
0.827635
0.828008
0.82838
0.828752
0.829123
0.829493
0.829862
0.83023
0.830597
0.830964
0.83133
0.831695
0.832059
0.832423
0.832785
0.833147
0.833508
0.833868
0.834228
0.834586
0.834944
0.835301
0.835657
0.836013
0.836367
0.836721
0.837074
0.837427
0.837778
0.838129
0.838479
0.838828
0.839177
0.839524
0.839871
0.840217
0.840562
0.840907
0.841251
0.841594
0.841936
0.842278
0.842618
0.842958
0.843298
0.843636
0.843974
0.844311
0.844647
0.844983
0.845318
0.845652
0.845985
0.846317
0.846649
0.84698
0.847311
0.84764
0.847969
0.848297
0.848625
0.848951
0.849277
0.849603
0.849927
0.850251
0.850574
0.850896
0.851218
0.851539
0.851859
0.852179
0.852498
0.852816
0.853133
0.85345
0.853766
0.854081
0.854396
0.85471
0.855023
0.855335
0.855647
0.855958
0.856269
0.856579
0.856888
0.857196
0.857504
0.857811
0.858117
0.858423
0.858728
0.859032
0.859336
0.859639
0.859941
0.860242
0.860543
0.860844
0.861143
0.861442
0.861741
0.862038
0.862335
0.862631
0.862927
0.863222
0.863516
0.86381
0.864103
0.864396
0.864687
0.864978
0.865269
0.865559
0.865848
0.866136
0.866424
0.866711
0.866998
0.867284
0.867569
0.867854
0.868138
0.868422
0.868704
0.868987
0.869268
0.869549
0.869829
0.870109
0.870388
0.870667
0.870944
0.871222
0.871498
0.871774
0.87205
0.872324
0.872599
0.872872
0.873145
0.873417
0.873689
0.87396
0.874231
0.874501
0.87477
0.875039
0.875307
0.875575
0.875841
0.876108
0.876374
0.876639
0.876903
0.877167
0.877431
0.877694
0.877956
0.878218
0.878479
0.878739
0.878999
0.879259
0.879517
0.879776
0.880033
0.88029
0.880547
0.880803
0.881058
0.881313
0.881567
0.881821
0.882074
0.882326
0.882578
0.88283
0.883081
0.883331
0.883581
0.88383
0.884079
0.884327
0.884574
0.884821
0.885068
0.885314
0.885559
0.885804
0.886048
0.886292
0.886535
0.886778
0.88702
0.887262
0.887503
0.887743
0.887983
0.888223
0.888461
0.8887
0.888938
0.889175
0.889412
0.889648
0.889884
0.890119
0.890354
0.890588
0.890822
0.891055
0.891288
0.89152
0.891751
0.891982
0.892213
0.892443
0.892673
0.892902
0.89313
0.893358
0.893586
0.893813
0.894039
0.894265
0.894491
0.894716
0.894941
0.895165
0.895388
0.895611
0.895834
0.896056
0.896277
0.896498
0.896719
0.896939
0.897159
0.897378
0.897596
0.897814
0.898032
0.898249
0.898466
0.898682
0.898898
0.899113
0.899328
0.899542
0.899756
0.89997
0.900182
0.900395
0.900607
0.900818
0.901029
0.90124
0.90145
0.901659
0.901869
0.902077
0.902285
0.902493
0.9027
0.902907
0.903114
0.90332
0.903525
0.90373
0.903935
0.904139
0.904342
0.904546
0.904748
0.904951
0.905152
0.905354
0.905555
0.905755
0.905955
0.906155
0.906354
0.906553
0.906751
0.906949
0.907146
0.907343
0.90754
0.907736
0.907932
0.908127
0.908322
0.908516
0.90871
0.908903
0.909097
0.909289
0.909481
0.909673
0.909865
0.910056
0.910246
0.910436
0.910626
0.910815
0.911004
0.911192
0.91138
0.911568
0.911755
0.911942
0.912128
0.912314
0.9125
0.912685
0.91287
0.913054
0.913238
0.913421
0.913604
0.913787
0.913969
0.914151
0.914332
0.914513
0.914694
0.914874
0.915054
0.915234
0.915413
0.915591
0.91577
0.915947
0.916125
0.916302
0.916479
0.916655
0.916831
0.917006
0.917181
0.917356
0.917531
0.917705
0.917878
0.918051
0.918224
0.918396
0.918569
0.91874
0.918911
0.919082
0.919253
0.919423
0.919593
0.919762
0.919931
0.9201
0.920268
0.920436
0.920603
0.920771
0.920937
0.921104
0.92127
0.921435
0.921601
0.921766
0.92193
0.922094
0.922258
0.922422
0.922585
0.922748
0.92291
0.923072
0.923234
0.923395
0.923556
0.923717
0.923877
0.924037
0.924196
0.924355
0.924514
0.924673
0.924831
0.924989
0.925146
0.925303
0.92546
0.925616
0.925772
0.925928
0.926083
0.926238
0.926393
0.926547
0.926701
0.926855
0.927008
0.927161
0.927314
0.927466
0.927618
0.92777
0.927921
0.928072
0.928222
0.928373
0.928522
0.928672
0.928821
0.92897
0.929119
0.929267
0.929415
0.929563
0.92971
0.929857
0.930004
0.93015
0.930296
0.930442
0.930587
0.930732
0.930877
0.931021
0.931165
0.931309
0.931452
0.931595
0.931738
0.93188
0.932023
0.932164
0.932306
0.932447
0.932588
0.932729
0.932869
0.933009
0.933149
0.933288
0.933427
0.933566
0.933704
0.933842
0.93398
0.934117
0.934255
0.934391
0.934528
0.934664
0.9348
0.934936
0.935071
0.935206
0.935341
0.935476
0.93561
0.935744
0.935877
0.936011
0.936144
0.936276
0.936409
0.936541
0.936673
0.936804
0.936935
0.937066
0.937197
0.937327
0.937457
0.937587
0.937717
0.937846
0.937975
0.938103
0.938232
0.93836
0.938488
0.938615
0.938742
0.938869
0.938996
0.939122
0.939248
0.939374
0.9395
0.939625
0.93975
0.939875
0.939999
0.940123
0.940247
0.940371
0.940494
0.940617
0.94074
0.940862
0.940985
0.941107
0.941228
0.94135
0.941471
0.941592
0.941712
0.941833
0.941953
0.942073
0.942192
0.942312
0.942431
0.942549
0.942668
0.942786
0.942904
0.943022
0.943139
0.943256
0.943373
0.94349
0.943606
0.943723
0.943838
0.943954
0.944069
0.944185
0.944299
0.944414
0.944528
0.944643
0.944756
0.94487
0.944983
0.945096
0.945209
0.945322
0.945434
0.945546
0.945658
0.94577
0.945881
0.945992
0.946103
0.946214
0.946324
0.946434
0.946544
0.946654
0.946763
0.946872
0.946981
0.94709
0.947198
0.947307
0.947415
0.947522
0.94763
0.947737
0.947844
0.947951
0.948057
0.948164
0.94827
0.948375
0.948481
0.948586
0.948691
0.948796
0.948901
0.949005
0.94911
0.949214
0.949317
0.949421
0.949524
0.949627
0.94973
0.949832
0.949935
0.950037
0.950139
0.950241
0.950342
0.950443
0.950544
0.950645
0.950746
0.950846
0.950946
0.951046
0.951146
0.951245
0.951344
0.951443
0.951542
0.951641
0.951739
0.951837
0.951935
0.952033
0.95213
0.952227
0.952324
0.952421
0.952518
0.952614
0.95271
0.952806
0.952902
0.952998
0.953093
0.953188
0.953283
0.953378
0.953472
0.953567
0.953661
0.953755
0.953848
0.953942
0.954035
0.954128
0.954221
0.954313
0.954406
0.954498
0.95459
0.954682
0.954773
0.954865
0.954956
0.955047
0.955138
0.955228
0.955319
0.955409
0.955499
0.955589
0.955678
0.955768
0.955857
0.955946
0.956035
0.956123
0.956212
0.9563
0.956388
0.956476
0.956563
0.956651
0.956738
0.956825
0.956912
0.956999
0.957085
0.957171
0.957258
0.957343
0.957429
0.957515
0.9576
0.957685
0.95777
0.957855
0.957939
0.958024
0.958108
0.958192
0.958276
0.958359
0.958443
0.958526
0.958609
0.958692
0.958775
0.958857
0.95894
0.959022
0.959104
0.959186
0.959267
0.959349
0.95943
0.959511
0.959592
0.959673
0.959753
0.959834
0.959914
0.959994
0.960074
0.960153
0.960233
0.960312
0.960391
0.96047
0.960549
0.960627
0.960706
0.960784
0.960862
0.96094
0.961018
0.961095
0.961173
0.96125
0.961327
0.961404
0.961481
0.961557
0.961634
0.96171
0.961786
0.961862
0.961937
0.962013
0.962088
0.962163
0.962238
0.962313
0.962388
0.962462
0.962537
0.962611
0.962685
0.962759
0.962833
0.962906
0.96298
0.963053
0.963126
0.963199
0.963271
0.963344
0.963416
0.963489
0.963561
0.963633
0.963704
0.963776
0.963847
0.963919
0.96399
0.964061
0.964132
0.964202
0.964273
0.964343
0.964413
0.964483
0.964553
0.964623
0.964692
0.964762
0.964831
0.9649
0.964969
0.965038
0.965107
0.965175
0.965244
0.965312
0.96538
0.965448
0.965515
0.965583
0.96565
0.965718
0.965785
0.965852
0.965919
0.965985
0.966052
0.966118
0.966185
0.966251
0.966317
0.966382
0.966448
0.966514
0.966579
0.966644
0.966709
0.966774
0.966839
0.966904
0.966968
0.967033
0.967097
0.967161
0.967225
0.967289
0.967352
0.967416
0.967479
0.967542
0.967606
0.967669
0.967731
0.967794
0.967857
0.967919
0.967981
0.968043
0.968105
0.968167
0.968229
0.96829
0.968352
0.968413
0.968474
0.968535
0.968596
0.968657
0.968718
0.968778
0.968839
0.968899
0.968959
0.969019
0.969079
0.969138
0.969198
0.969257
0.969317
0.969376
0.969435
0.969494
0.969552
0.969611
0.96967
0.969728
0.969786
0.969844
0.969902
0.96996
0.970018
0.970076
0.970133
0.97019
0.970248
0.970305
0.970362
0.970419
0.970475
0.970532
0.970588
0.970645
0.970701
0.970757
0.970813
0.970869
0.970925
0.97098
0.971036
0.971091
0.971146
0.971201
0.971256
0.971311
0.971366
0.971421
0.971475
0.971529
0.971584
0.971638
0.971692
0.971746
0.971799
0.971853
0.971907
0.97196
0.972013
0.972067
0.97212
0.972173
0.972225
0.972278
0.972331
0.972383
0.972436
0.972488
0.97254
0.972592
0.972644
0.972696
0.972747
0.972799
0.97285
0.972902
0.972953
0.973004
0.973055
0.973106
0.973157
0.973207
0.973258
0.973308
0.973359
0.973409
0.973459
0.973509
0.973559
0.973609
0.973658
0.973708
0.973757
0.973806
0.973856
0.973905
0.973954
0.974003
0.974051
0.9741
0.974149
0.974197
0.974245
0.974294
0.974342
0.97439
0.974438
0.974486
0.974533
0.974581
0.974628
0.974676
0.974723
0.97477
0.974817
0.974864
0.974911
0.974958
0.975005
0.975051
0.975098
0.975144
0.97519
0.975236
0.975282
0.975328
0.975374
0.97542
0.975465
0.975511
0.975556
0.975602
0.975647
0.975692
0.975737
0.975782
0.975827
0.975872
0.975916
0.975961
0.976005
0.97605
0.976094
0.976138
0.976182
0.976226
0.97627
0.976314
0.976357
0.976401
0.976444
0.976488
0.976531
0.976574
0.976617
0.97666
0.976703
0.976746
0.976788
0.976831
0.976874
0.976916
0.976958
0.977001
0.977043
0.977085
0.977127
0.977169
0.97721
0.977252
0.977294
0.977335
0.977376
0.977418
0.977459
0.9775
0.977541
0.977582
0.977623
0.977664
0.977704
0.977745
0.977785
0.977826
0.977866
0.977906
0.977946
0.977986
0.978026
0.978066
0.978106
0.978146
0.978185
0.978225
0.978264
0.978303
0.978343
0.978382
0.978421
0.97846
0.978499
0.978538
0.978576
0.978615
0.978653
0.978692
0.97873
0.978769
0.978807
0.978845
0.978883
0.978921
0.978959
0.978997
0.979034
0.979072
0.97911
0.979147
0.979184
0.979222
0.979259
0.979296
0.979333
0.97937
0.979407
0.979444
0.97948
0.979517
0.979554
0.97959
0.979626
0.979663
0.979699
0.979735
0.979771
0.979807
0.979843
0.979879
0.979915
0.97995
0.979986
0.980021
0.980057
0.980092
0.980127
0.980163
0.980198
0.980233
0.980268
0.980303
0.980338
0.980372
0.980407
0.980441
0.980476
0.98051
0.980545
0.980579
0.980613
0.980647
0.980681
0.980715
0.980749
0.980783
0.980817
0.980851
0.980884
0.980918
0.980951
0.980984
0.981018
0.981051
0.981084
0.981117
0.98115
0.981183
0.981216
0.981249
0.981282
0.981314
0.981347
0.981379
0.981412
0.981444
0.981476
0.981508
0.981541
0.981573
0.981605
0.981637
0.981668
0.9817
0.981732
0.981764
0.981795
0.981827
0.981858
0.981889
0.981921
0.981952
0.981983
0.982014
0.982045
0.982076
0.982107
0.982138
0.982169
0.982199
0.98223
0.98226
0.982291
0.982321
0.982352
0.982382
0.982412
0.982442
0.982472
0.982502
0.982532
0.982562
0.982592
0.982622
0.982651
0.982681
0.982711
0.98274
0.982769
0.982799
0.982828
0.982857
0.982886
0.982915
0.982944
0.982973
0.983002
0.983031
0.98306
0.983089
0.983117
0.983146
0.983174
0.983203
0.983231
0.983259
0.983288
0.983316
0.983344
0.983372
0.9834
0.983428
0.983456
0.983484
0.983512
0.983539
0.983567
0.983594
0.983622
0.983649
0.983677
0.983704
0.983731
0.983759
0.983786
0.983813
0.98384
0.983867
0.983894
0.983921
0.983947
0.983974
0.984001
0.984027
0.984054
0.98408
0.984107
0.984133
0.98416
0.984186
0.984212
0.984238
0.984264
0.98429
0.984316
0.984342
0.984368
0.984394
0.98442
0.984445
0.984471
0.984497
0.984522
0.984548
0.984573
0.984598
0.984624
0.984649
0.984674
0.984699
0.984724
0.984749
0.984774
0.984799
0.984824
0.984849
0.984873
0.984898
0.984923
0.984947
0.984972
0.984996
0.985021
0.985045
0.985069
0.985094
0.985118
0.985142
0.985166
0.98519
0.985214
0.985238
0.985262
0.985286
0.985309
0.985333
0.985357
0.98538
0.985404
0.985427
0.985451
0.985474
0.985498
0.985521
0.985544
0.985567
0.98559
0.985614
0.985637
0.98566
0.985682
0.985705
0.985728
0.985751
0.985774
0.985796
0.985819
0.985842
0.985864
0.985887
0.985909
0.985931
0.985954
0.985976
0.985998
0.986021
0.986043
0.986065
0.986087
0.986109
0.986131
0.986153
0.986174
0.986196
0.986218
0.98624
0.986261
0.986283
0.986304
0.986326
0.986347
0.986369
0.98639
0.986412
0.986433
0.986454
0.986475
0.986496
0.986517
0.986538
0.986559
0.98658
0.986601
0.986622
0.986643
0.986664
0.986684
0.986705
0.986726
0.986746
0.986767
0.986787
0.986808
0.986828
0.986848
0.986869
0.986889
0.986909
0.986929
0.98695
0.98697
0.98699
0.98701
0.98703
0.987049
0.987069
0.987089
0.987109
0.987129
0.987148
0.987168
0.987188
0.987207
0.987227
0.987246
0.987265
0.987285
0.987304
0.987323
0.987343
0.987362
0.987381
0.9874
0.987419
0.987438
0.987457
0.987476
0.987495
0.987514
0.987533
0.987552
0.98757
0.987589
0.987608
0.987626
0.987645
0.987663
0.987682
0.9877
0.987719
0.987737
0.987756
0.987774
0.987792
0.98781
0.987828
0.987847
0.987865
0.987883
0.987901
0.987919
0.987937
0.987955
0.987972
0.98799
0.988008
0.988026
0.988043
0.988061
0.988079
0.988096
0.988114
0.988131
0.988149
0.988166
0.988184
0.988201
0.988218
0.988235
0.988253
0.98827
0.988287
0.988304
0.988321
0.988338
0.988355
0.988372
0.988389
0.988406
0.988423
0.98844
0.988456
0.988473
0.98849
0.988507
0.988523
0.98854
0.988556
0.988573
0.988589
0.988606
0.988622
0.988639
0.988655
0.988671
0.988687
0.988704
0.98872
0.988736
0.988752
0.988768
0.988784
0.9888
0.988816
0.988832
0.988848
0.988864
0.98888
0.988896
0.988911
0.988927
0.988943
0.988958
0.988974
0.98899
0.989005
0.989021
0.989036
0.989052
0.989067
0.989082
0.989098
0.989113
0.989128
0.989144
0.989159
0.989174
0.989189
0.989204
0.989219
0.989234
0.989249
0.989264
0.989279
0.989294
0.989309
0.989324
0.989339
0.989354
0.989368
0.989383
0.989398
0.989412
0.989427
0.989442
0.989456
0.989471
0.989485
0.9895
0.989514
0.989528
0.989543
0.989557
0.989571
0.989586
0.9896
0.989614
0.989628
0.989642
0.989657
0.989671
0.989685
0.989699
0.989713
0.989727
0.989741
0.989754
0.989768
0.989782
0.989796
0.98981
0.989823
0.989837
0.989851
0.989864
0.989878
0.989892
0.989905
0.989919
0.989932
0.989946
0.989959
0.989973
0.989986
0.989999
0.990013
0.990026
0.990039
0.990052
0.990066
0.990079
0.990092
0.990105
0.990118
0.990131
0.990144
0.990157
0.99017
0.990183
0.990196
0.990209
0.990222
0.990234
0.990247
0.99026
0.990273
0.990285
0.990298
0.990311
0.990323
0.990336
0.990349
0.990361
0.990374
0.990386
0.990399
0.990411
0.990423
0.990436
0.990448
0.990461
0.990473
0.990485
0.990497
0.99051
0.990522
0.990534
0.990546
0.990558
0.99057
0.990582
0.990594
0.990606
0.990618
0.99063
0.990642
0.990654
0.990666
0.990678
0.99069
0.990701
0.990713
0.990725
0.990736
0.990748
0.99076
0.990771
0.990783
0.990795
0.990806
0.990818
0.990829
0.990841
0.990852
0.990864
0.990875
0.990886
0.990898
0.990909
0.99092
0.990932
0.990943
0.990954
0.990965
0.990976
0.990988
0.990999
0.99101
0.991021
0.991032
0.991043
0.991054
0.991065
0.991076
0.991087
0.991098
0.991109
0.99112
0.99113
0.991141
0.991152
0.991163
0.991173
0.991184
0.991195
0.991206
0.991216
0.991227
0.991237
0.991248
0.991259
0.991269
0.99128
0.99129
0.9913
0.991311
0.991321
0.991332
0.991342
0.991352
0.991363
0.991373
0.991383
0.991394
0.991404
0.991414
0.991424
0.991434
0.991444
0.991455
0.991465
0.991475
0.991485
0.991495
0.991505
0.991515
0.991525
0.991535
0.991545
0.991554
0.991564
0.991574
0.991584
0.991594
0.991604
0.991613
0.991623
0.991633
0.991643
0.991652
0.991662
0.991671
0.991681
0.991691
0.9917
0.99171
0.991719
0.991729
0.991738
0.991748
0.991757
0.991767
0.991776
0.991785
0.991795
0.991804
0.991813
0.991823
0.991832
0.991841
0.99185
0.99186
0.991869
0.991878
0.991887
0.991896
0.991905
0.991915
0.991924
0.991933
0.991942
0.991951
0.99196
0.991969
0.991978
0.991987
0.991995
0.992004
0.992013
0.992022
0.992031
0.99204
0.992049
0.992057
0.992066
0.992075
0.992084
0.992092
0.992101
0.99211
0.992118
0.992127
0.992135
0.992144
0.992153
0.992161
0.99217
0.992178
0.992187
0.992195
0.992204
0.992212
0.99222
0.992229
0.992237
0.992245
0.992254
0.992262
0.99227
0.992279
0.992287
0.992295
0.992303
0.992312
0.99232
0.992328
0.992336
0.992344
0.992352
0.992361
0.992369
0.992377
0.992385
0.992393
0.992401
0.992409
0.992417
0.992425
0.992433
0.992441
0.992448
0.992456
0.992464
0.992472
0.99248
0.992488
0.992496
0.992503
0.992511
0.992519
0.992527
0.992534
0.992542
0.99255
0.992557
0.992565
0.992573
0.99258
0.992588
0.992595
0.992603
0.992611
0.992618
0.992626
0.992633
0.992641
0.992648
0.992655
0.992663
0.99267
0.992678
0.992685
0.992692
0.9927
0.992707
0.992714
0.992722
0.992729
0.992736
0.992744
0.992751
0.992758
0.992765
0.992772
0.99278
0.992787
0.992794
0.992801
0.992808
0.992815
0.992822
0.992829
0.992836
0.992843
0.99285
0.992857
0.992864
0.992871
0.992878
0.992885
0.992892
0.992899
0.992906
0.992913
0.99292
0.992926
0.992933
0.99294
0.992947
0.992954
0.99296
0.992967
0.992974
0.992981
0.992987
0.992994
0.993001
0.993007
0.993014
0.993021
0.993027
0.993034
0.993041
0.993047
0.993054
0.99306
0.993067
0.993073
0.99308
0.993086
0.993093
0.993099
0.993106
0.993112
0.993118
0.993125
0.993131
0.993138
0.993144
0.99315
0.993157
0.993163
0.993169
0.993176
0.993182
0.993188
0.993194
0.993201
0.993207
0.993213
0.993219
0.993225
0.993232
0.993238
0.993244
0.99325
0.993256
0.993262
0.993268
0.993274
0.99328
0.993286
0.993292
0.993299
0.993305
0.993311
0.993316
0.993322
0.993328
0.993334
0.99334
0.993346
0.993352
0.993358
0.993364
0.99337
0.993376
0.993381
0.993387
0.993393
0.993399
0.993405
0.99341
0.993416
0.993422
0.993428
0.993433
0.993439
0.993445
0.99345
0.993456
0.993462
0.993467
0.993473
0.993479
0.993484
0.99349
0.993495
0.993501
0.993506
0.993512
0.993518
0.993523
0.993529
0.993534
0.99354
0.993545
0.99355
0.993556
0.993561
0.993567
0.993572
0.993578
0.993583
0.993588
0.993594
0.993599
0.993604
0.99361
0.993615
0.99362
0.993626
0.993631
0.993636
0.993641
0.993647
0.993652
0.993657
0.993662
0.993668
0.993673
0.993678
0.993683
0.993688
0.993693
0.993698
0.993704
0.993709
0.993714
0.993719
0.993724
0.993729
0.993734
0.993739
0.993744
0.993749
0.993754
0.993759
0.993764
0.993769
0.993774
0.993779
0.993784
0.993789
0.993794
0.993799
0.993804
0.993808
0.993813
0.993818
0.993823
0.993828
0.993833
0.993838
0.993842
0.993847
0.993852
0.993857
0.993861
0.993866
0.993871
0.993876
0.99388
0.993885
0.99389
0.993895
0.993899
0.993904
0.993909
0.993913
0.993918
0.993922
0.993927
0.993932
0.993936
0.993941
0.993945
0.99395
0.993955
0.993959
0.993964
0.993968
0.993973
0.993977
0.993982
0.993986
0.993991
0.993995
0.994
0.994004
0.994009
0.994013
0.994017
0.994022
0.994026
0.994031
0.994035
0.994039
0.994044
0.994048
0.994052
0.994057
0.994061
0.994065
0.99407
0.994074
0.994078
0.994083
0.994087
0.994091
0.994095
0.9941
0.994104
0.994108
0.994112
0.994116
0.994121
0.994125
0.994129
0.994133
0.994137
0.994141
0.994146
0.99415
0.994154
0.994158
0.994162
0.994166
0.99417
0.994174
0.994178
0.994182
0.994186
0.99419
0.994194
0.994198
0.994202
0.994206
0.99421
0.994214
0.994218
0.994222
0.994226
0.99423
0.994234
0.994238
0.994242
0.994246
0.99425
0.994254
0.994258
0.994262
0.994265
0.994269
0.994273
0.994277
0.994281
0.994285
0.994288
0.994292
0.994296
0.9943
0.994304
0.994307
0.994311
0.994315
0.994319
0.994322
0.994326
0.99433
0.994334
0.994337
0.994341
0.994345
0.994348
0.994352
0.994356
0.994359
0.994363
0.994367
0.99437
0.994374
0.994378
0.994381
0.994385
0.994388
0.994392
0.994396
0.994399
0.994403
0.994406
0.99441
0.994413
0.994417
0.99442
0.994424
0.994427
0.994431
0.994434
0.994438
0.994441
0.994445
0.994448
0.994452
0.994455
0.994459
0.994462
0.994466
0.994469
0.994472
0.994476
0.994479
0.994483
0.994486
0.994489
0.994493
0.994496
0.994499
0.994503
0.994506
0.994509
0.994513
0.994516
0.994519
0.994523
0.994526
0.994529
0.994532
0.994536
0.994539
0.994542
0.994545
0.994549
0.994552
0.994555
0.994558
0.994562
0.994565
0.994568
0.994571
0.994574
0.994578
0.994581
0.994584
0.994587
0.99459
0.994593
0.994596
0.9946
0.994603
0.994606
0.994609
0.994612
0.994615
0.994618
0.994621
0.994624
0.994627
0.99463
0.994634
0.994637
0.99464
0.994643
0.994646
0.994649
0.994652
0.994655
0.994658
0.994661
0.994664
0.994667
0.99467
0.994673
0.994676
0.994678
0.994681
0.994684
0.994687
0.99469
0.994693
0.994696
0.994699
0.994702
0.994705
0.994708
0.994711
0.994713
0.994716
0.994719
0.994722
0.994725
0.994728
0.994731
0.994733
0.994736
0.994739
0.994742
0.994745
0.994747
0.99475
0.994753
0.994756
0.994759
0.994761
0.994764
0.994767
0.99477
0.994772
0.994775
0.994778
0.99478
0.994783
0.994786
0.994789
0.994791
0.994794
0.994797
0.994799
0.994802
0.994805
0.994807
0.99481
0.994813
0.994815
0.994818
0.994821
0.994823
0.994826
0.994829
0.994831
0.994834
0.994836
0.994839
0.994842
0.994844
0.994847
0.994849
0.994852
0.994854
0.994857
0.994859
0.994862
0.994865
0.994867
0.99487
0.994872
0.994875
0.994877
0.99488
0.994882
0.994885
0.994887
0.99489
0.994892
0.994895
0.994897
0.9949
0.994902
0.994904
0.994907
0.994909
0.994912
0.994914
0.994917
0.994919
0.994921
0.994924
0.994926
0.994929
0.994931
0.994933
0.994936
0.994938
0.994941
0.994943
0.994945
0.994948
0.99495
0.994952
0.994955
0.994957
0.994959
0.994962
0.994964
0.994966
0.994969
0.994971
0.994973
0.994975
0.994978
0.99498
0.994982
0.994985
0.994987
0.994989
0.994991
0.994994
0.994996
0.994998
0.995
0.995003
0.995005
0.995007
0.995009
0.995011
0.995014
0.995016
0.995018
0.99502
0.995022
0.995025
0.995027
0.995029
0.995031
0.995033
0.995035
0.995038
0.99504
0.995042
0.995044
0.995046
0.995048
0.99505
0.995053
0.995055
0.995057
0.995059
0.995061
0.995063
0.995065
0.995067
0.995069
0.995071
0.995073
0.995076
0.995078
0.99508
0.995082
0.995084
0.995086
0.995088
0.99509
0.995092
0.995094
0.995096
0.995098
0.9951
0.995102
0.995104
0.995106
0.995108
0.99511
0.995112
0.995114
0.995116
0.995118
0.99512
0.995122
0.995124
0.995126
0.995128
0.99513
0.995132
0.995134
0.995136
0.995137
0.995139
0.995141
0.995143
0.995145
0.995147
0.995149
0.995151
0.995153
0.995155
0.995157
0.995158
0.99516
0.995162
0.995164
0.995166
0.995168
0.99517
0.995172
0.995173
0.995175
0.995177
0.995179
0.995181
0.995183
0.995184
0.995186
0.995188
0.99519
0.995192
0.995193
0.995195
0.995197
0.995199
0.995201
0.995202
0.995204
0.995206
0.995208
0.99521
0.995211
0.995213
0.995215
0.995217
0.995218
0.99522
0.995222
0.995224
0.995225
0.995227
0.995229
0.995231
0.995232
0.995234
0.995236
0.995237
0.995239
0.995241
0.995242
0.995244
0.995246
0.995248
0.995249
0.995251
0.995253
0.995254
0.995256
0.995258
0.995259
0.995261
0.995263
0.995264
0.995266
0.995268
0.995269
0.995271
0.995272
0.995274
0.995276
0.995277
0.995279
0.995281
0.995282
0.995284
0.995285
0.995287
0.995289
0.99529
0.995292
0.995293
0.995295
0.995296
0.995298
0.9953
0.995301
0.995303
0.995304
0.995306
0.995307
0.995309
0.995311
0.995312
0.995314
0.995315
0.995317
0.995318
0.99532
0.995321
0.995323
0.995324
0.995326
0.995327
0.995329
0.99533
0.995332
0.995333
0.995335
0.995336
0.995338
0.995339
0.995341
0.995342
0.995344
0.995345
0.995347
0.995348
0.99535
0.995351
0.995352
0.995354
0.995355
0.995357
0.995358
0.99536
0.995361
0.995363
0.995364
0.995365
0.995367
0.995368
0.99537
0.995371
0.995372
0.995374
0.995375
0.995377
0.995378
0.995379
0.995381
0.995382
0.995384
0.995385
0.995386
0.995388
0.995389
0.995391
0.995392
0.995393
0.995395
0.995396
0.995397
0.995399
0.9954
0.995401
0.995403
0.995404
0.995405
0.995407
0.995408
0.995409
0.995411
0.995412
0.995413
0.995415
0.995416
0.995417
0.995419
0.99542
0.995421
0.995423
0.995424
0.995425
0.995426
0.995428
0.995429
0.99543
0.995432
0.995433
0.995434
0.995435
0.995437
0.995438
0.995439
0.99544
0.995442
0.995443
0.995444
0.995445
0.995447
0.995448
0.995449
0.99545
0.995452
0.995453
0.995454
0.995455
0.995457
0.995458
0.995459
0.99546
0.995461
0.995463
0.995464
0.995465
0.995466
0.995467
0.995469
0.99547
0.995471
0.995472
0.995473
0.995475
0.995476
0.995477
0.995478
0.995479
0.99548
0.995482
0.995483
0.995484
0.995485
0.995486
0.995487
0.995489
0.99549
0.995491
0.995492
0.995493
0.995494
0.995495
0.995497
0.995498
0.995499
0.9955
0.995501
0.995502
0.995503
0.995504
0.995505
0.995507
0.995508
0.995509
0.99551
0.995511
0.995512
0.995513
0.995514
0.995515
0.995516
0.995518
0.995519
0.99552
0.995521
0.995522
0.995523
0.995524
0.995525
0.995526
0.995527
0.995528
0.995529
0.99553
0.995532
0.995533
0.995534
0.995535
0.995536
0.995537
0.995538
0.995539
0.99554
0.995541
0.995542
0.995543
0.995544
0.995545
0.995546
0.995547
0.995548
0.995549
0.99555
0.995551
0.995552
0.995553
0.995554
0.995555
0.995556
0.995557
0.995558
0.995559
0.99556
0.995561
0.995562
0.995563
0.995564
0.995565
0.995566
0.995567
0.995568
0.995569
0.99557
0.995571
0.995572
0.995573
0.995574
0.995575
0.995576
0.995577
0.995578
0.995579
0.99558
0.99558
0.995581
0.995582
0.995583
0.995584
0.995585
0.995586
0.995587
0.995588
0.995589
0.99559
0.995591
0.995592
0.995593
0.995594
0.995594
0.995595
0.995596
0.995597
0.995598
0.995599
0.9956
0.995601
0.995602
0.995603
0.995604
0.995604
0.995605
0.995606
0.995607
0.995608
0.995609
0.99561
0.995611
0.995611
0.995612
0.995613
0.995614
0.995615
0.995616
0.995617
0.995618
0.995618
0.995619
0.99562
0.995621
0.995622
0.995623
0.995624
0.995624
0.995625
0.995626
0.995627
0.995628
0.995629
0.995629
0.99563
0.995631
0.995632
0.995633
0.995634
0.995634
0.995635
0.995636
0.995637
0.995638
0.995639
0.995639
0.99564
0.995641
0.995642
0.995643
0.995643
0.995644
0.995645
0.995646
0.995647
0.995647
0.995648
0.995649
0.99565
0.995651
0.995651
0.995652
0.995653
0.995654
0.995655
0.995655
0.995656
0.995657
0.995658
0.995658
0.995659
0.99566
0.995661
0.995662
0.995662
0.995663
0.995664
0.995665
0.995665
0.995666
0.995667
0.995668
0.995668
0.995669
0.99567
0.995671
0.995671
0.995672
0.995673
0.995674
0.995674
0.995675
0.995676
0.995677
0.995677
0.995678
0.995679
0.995679
0.99568
0.995681
0.995682
0.995682
0.995683
0.995684
0.995685
0.995685
0.995686
0.995687
0.995687
0.995688
0.995689
0.995689
0.99569
0.995691
0.995692
0.995692
0.995693
0.995694
0.995694
0.995695
0.995696
0.995696
0.995697
0.995698
0.995699
0.995699
0.9957
0.995701
0.995701
0.995702
0.995703
0.995703
0.995704
0.995705
0.995705
0.995706
0.995707
0.995707
0.995708
0.995709
0.995709
0.99571
0.995711
0.995711
0.995712
0.995713
0.995713
0.995714
0.995715
0.995715
0.995716
0.995716
0.995717
0.995718
0.995718
0.995719
0.99572
0.99572
0.995721
0.995722
0.995722
0.995723
0.995723
0.995724
0.995725
0.995725
0.995726
0.995727
0.995727
0.995728
0.995728
0.995729
0.99573
0.99573
0.995731
0.995732
0.995732
0.995733
0.995733
0.995734
0.995735
0.995735
0.995736
0.995736
0.995737
0.995738
0.995738
0.995739
0.995739
0.99574
0.995741
0.995741
0.995742
0.995742
0.995743
0.995743
0.995744
0.995745
0.995745
0.995746
0.995746
0.995747
0.995748
0.995748
0.995749
0.995749
0.99575
0.99575
0.995751
0.995752
0.995752
0.995753
0.995753
0.995754
0.995754
0.995755
0.995755
0.995756
0.995757
0.995757
0.995758
0.995758
0.995759
0.995759
0.99576
0.99576
0.995761
0.995762
0.995762
0.995763
0.995763
0.995764
0.995764
0.995765
0.995765
0.995766
0.995766
0.995767
0.995767
0.995768
0.995769
0.995769
0.99577
0.99577
0.995771
0.995771
0.995772
0.995772
0.995773
0.995773
0.995774
0.995774
0.995775
0.995775
0.995776
0.995776
0.995777
0.995777
0.995778
0.995778
0.995779
0.995779
0.99578
0.99578
0.995781
0.995781
0.995782
0.995782
0.995783
0.995783
0.995784
0.995784
0.995785
0.995785
0.995786
0.995786
0.995787
0.995787
0.995788
0.995788
0.995789
0.995789
0.99579
0.99579
0.995791
0.995791
0.995792
0.995792
0.995793
0.995793
0.995794
0.995794
0.995795
0.995795
0.995795
0.995796
0.995796
0.995797
0.995797
0.995798
0.995798
0.995799
0.995799
0.9958
0.9958
0.995801
0.995801
0.995801
0.995802
0.995802
0.995803
0.995803
0.995804
0.995804
0.995805
0.995805
0.995806
0.995806
0.995806
0.995807
0.995807
0.995808
0.995808
0.995809
0.995809
0.99581
0.99581
0.99581
0.995811
0.995811
0.995812
0.995812
0.995813
0.995813
0.995813
0.995814
0.995814
0.995815
0.995815
0.995816
0.995816
0.995816
0.995817
0.995817
0.995818
0.995818
0.995819
0.995819
0.995819
0.99582
0.99582
0.995821
0.995821
0.995821
0.995822
0.995822
0.995823
0.995823
0.995823
0.995824
0.995824
0.995825
0.995825
0.995825
0.995826
0.995826
0.995827
0.995827
0.995827
0.995828
0.995828
0.995829
0.995829
0.995829
0.99583
0.99583
0.995831
0.995831
0.995831
0.995832
0.995832
0.995833
0.995833
0.995833
0.995834
0.995834
0.995835
0.995835
0.995835
0.995836
0.995836
0.995836
0.995837
0.995837
0.995838
0.995838
0.995838
0.995839
0.995839
0.995839
0.99584
0.99584
0.995841
0.995841
0.995841
0.995842
0.995842
0.995842
0.995843
0.995843
0.995843
0.995844
0.995844
0.995845
0.995845
0.995845
0.995846
0.995846
0.995846
0.995847
0.995847
0.995847
0.995848
0.995848
0.995848
0.995849
0.995849
0.99585
0.99585
0.99585
0.995851
0.995851
0.995851
0.995852
0.995852
0.995852
0.995853
0.995853
0.995853
0.995854
0.995854
0.995854
0.995855
0.995855
0.995855
0.995856
0.995856
0.995856
0.995857
0.995857
0.995857
0.995858
0.995858
0.995858
0.995859
0.995859
0.995859
0.99586
0.99586
0.99586
0.995861
0.995861
0.995861
0.995862
0.995862
0.995862
0.995863
0.995863
0.995863
0.995864
0.995864
0.995864
0.995864
0.995865
0.995865
0.995865
0.995866
0.995866
0.995866
0.995867
0.995867
0.995867
0.995868
0.995868
0.995868
0.995869
0.995869
0.995869
0.995869
0.99587
0.99587
0.99587
0.995871
0.995871
0.995871
0.995872
0.995872
0.995872
0.995872
0.995873
0.995873
0.995873
0.995874
0.995874
0.995874
0.995875
0.995875
0.995875
0.995875
0.995876
0.995876
0.995876
0.995877
0.995877
0.995877
0.995877
0.995878
0.995878
0.995878
0.995879
0.995879
0.995879
0.995879
0.99588
0.99588
0.99588
0.995881
0.995881
0.995881
0.995881
0.995882
0.995882
0.995882
0.995883
0.995883
0.995883
0.995883
0.995884
0.995884
0.995884
0.995884
0.995885
0.995885
0.995885
0.995886
0.995886
0.995886
0.995886
0.995887
0.995887
0.995887
0.995887
0.995888
0.995888
0.995888
0.995888
0.995889
0.995889
0.995889
0.99589
0.99589
0.99589
0.99589
0.995891
0.995891
0.995891
0.995891
0.995892
0.995892
0.995892
0.995892
0.995893
0.995893
0.995893
0.995893
0.995894
0.995894
0.995894
0.995894
0.995895
0.995895
0.995895
0.995895
0.995896
0.995896
0.995896
0.995896
0.995897
0.995897
0.995897
0.995897
0.995898
0.995898
0.995898
0.995898
0.995899
0.995899
0.995899
0.995899
0.995899
0.9959
0.9959
0.9959
0.9959
0.995901
0.995901
0.995901
0.995901
0.995902
0.995902
0.995902
0.995902
0.995903
0.995903
0.995903
0.995903
0.995903
0.995904
0.995904
0.995904
0.995904
0.995905
0.995905
0.995905
0.995905
0.995906
0.995906
0.995906
0.995906
0.995906
0.995907
0.995907
0.995907
0.995907
0.995908
0.995908
0.995908
0.995908
0.995908
0.995909
0.995909
0.995909
0.995909
0.995909
0.99591
0.99591
0.99591
0.99591
0.995911
0.995911
0.995911
0.995911
0.995911
0.995912
0.995912
0.995912
0.995912
0.995912
0.995913
0.995913
0.995913
0.995913
0.995914
0.995914
0.995914
0.995914
0.995914
0.995915
0.995915
0.995915
0.995915
0.995915
0.995916
0.995916
0.995916
0.995916
0.995916
0.995917
0.995917
0.995917
0.995917
0.995917
0.995918
0.995918
0.995918
0.995918
0.995918
0.995919
0.995919
0.995919
0.995919
0.995919
0.99592
0.99592
0.99592
0.99592
0.99592
0.995921
0.995921
0.995921
0.995921
0.995921
0.995921
0.995922
0.995922
0.995922
0.995922
0.995922
0.995923
0.995923
0.995923
0.995923
0.995923
0.995924
0.995924
0.995924
0.995924
0.995924
0.995924
0.995925
0.995925
0.995925
0.995925
0.995925
0.995926
0.995926
0.995926
0.995926
0.995926
0.995926
0.995927
0.995927
0.995927
0.995927
0.995927
0.995927
0.995928
0.995928
0.995928
0.995928
0.995928
0.995929
0.995929
0.995929
0.995929
0.995929
0.995929
0.99593
0.99593
0.99593
0.99593
0.99593
0.99593
0.995931
0.995931
0.995931
0.995931
0.995931
0.995931
0.995932
0.995932
0.995932
0.995932
0.995932
0.995932
0.995933
0.995933
0.995933
0.995933
0.995933
0.995933
0.995934
0.995934
0.995934
0.995934
0.995934
0.995934
0.995935
0.995935
0.995935
0.995935
0.995935
0.995935
0.995936
0.995936
0.995936
0.995936
0.995936
0.995936
0.995936
0.995937
0.995937
0.995937
0.995937
0.995937
0.995937
0.995938
0.995938
0.995938
0.995938
0.995938
0.995938
0.995938
0.995939
0.995939
0.995939
0.995939
0.995939
0.995939
0.99594
0.99594
0.99594
0.99594
0.99594
0.99594
0.99594
0.995941
0.995941
0.995941
0.995941
0.995941
0.995941
0.995941
0.995942
0.995942
0.995942
0.995942
0.995942
0.995942
0.995942
0.995943
0.995943
0.995943
0.995943
0.995943
0.995943
0.995943
0.995944
0.995944
0.995944
0.995944
0.995944
0.995944
0.995944
0.995945
0.995945
0.995945
0.995945
0.995945
0.995945
0.995945
0.995946
0.995946
0.995946
0.995946
0.995946
0.995946
0.995946
0.995946
0.995947
0.995947
0.995947
0.995947
0.995947
0.995947
0.995947
0.995948
0.995948
0.995948
0.995948
0.995948
0.995948
0.995948
0.995948
0.995949
0.995949
0.995949
0.995949
0.995949
0.995949
0.995949
0.995949
0.99595
0.99595
0.99595
0.99595
0.99595
0.99595
0.99595
0.995951
0.995951
0.995951
0.995951
0.995951
0.995951
0.995951
0.995951
0.995952
0.995952
0.995952
0.995952
0.995952
0.995952
0.995952
0.995952
0.995952
0.995953
0.995953
0.995953
0.995953
0.995953
0.995953
0.995953
0.995953
0.995954
0.995954
0.995954
0.995954
0.995954
0.995954
0.995954
0.995954
0.995954
0.995955
0.995955
0.995955
0.995955
0.995955
0.995955
0.995955
0.995955
0.995956
0.995956
0.995956
0.995956
0.995956
0.995956
0.995956
0.995956
0.995956
0.995957
0.995957
0.995957
0.995957
0.995957
0.995957
0.995957
0.995957
0.995957
0.995958
0.995958
0.995958
0.995958
0.995958
0.995958
0.995958
0.995958
0.995958
0.995959
0.995959
0.995959
0.995959
0.995959
0.995959
0.995959
0.995959
0.995959
0.995959
0.99596
0.99596
0.99596
0.99596
0.99596
0.99596
0.99596
0.99596
0.99596
0.995961
0.995961
0.995961
0.995961
0.995961
0.995961
0.995961
0.995961
0.995961
0.995961
0.995962
0.995962
0.995962
0.995962
0.995962
0.995962
0.995962
0.995962
0.995962
0.995962
0.995963
0.995963
0.995963
0.995963
0.995963
0.995963
0.995963
0.995963
0.995963
0.995963
0.995964
0.995964
0.995964
0.995964
0.995964
0.995964
0.995964
0.995964
0.995964
0.995964
0.995964
0.995965
0.995965
0.995965
0.995965
0.995965
0.995965
0.995965
0.995965
0.995965
0.995965
0.995966
0.995966
0.995966
0.995966
0.995966
0.995966
0.995966
0.995966
0.995966
0.995966
0.995966
0.995967
0.995967
0.995967
0.995967
0.995967
0.995967
0.995967
0.995967
0.995967
0.995967
0.995967
0.995967
0.995968
0.995968
0.995968
0.995968
0.995968
0.995968
0.995968
0.995968
0.995968
0.995968
0.995968
0.995969
0.995969
0.995969
0.995969
0.995969
0.995969
0.995969
0.995969
0.995969
0.995969
0.995969
0.995969
0.99597
0.99597
0.99597
0.99597
0.99597
0.99597
0.99597
0.99597
0.99597
0.99597
0.99597
0.99597
0.995971
0.995971
0.995971
0.995971
0.995971
0.995971
0.995971
0.995971
0.995971
0.995971
0.995971
0.995971
0.995971
0.995972
0.995972
0.995972
0.995972
0.995972
0.995972
0.995972
0.995972
0.995972
0.995972
0.995972
0.995972
0.995972
0.995973
0.995973
0.995973
0.995973
0.995973
0.995973
0.995973
0.995973
0.995973
0.995973
0.995973
0.995973
0.995973
0.995974
0.995974
0.995974
0.995974
0.995974
0.995974
0.995974
0.995974
0.995974
0.995974
0.995974
0.995974
0.995974
0.995974
0.995975
0.995975
0.995975
0.995975
0.995975
0.995975
0.995975
0.995975
0.995975
0.995975
0.995975
0.995975
0.995975
0.995975
0.995976
0.995976
0.995976
0.995976
0.995976
0.995976
0.995976
0.995976
0.995976
0.995976
0.995976
0.995976
0.995976
0.995976
0.995977
0.995977
0.995977
0.995977
0.995977
0.995977
0.995977
0.995977
0.995977
0.995977
0.995977
0.995977
0.995977
0.995977
0.995977
0.995978
0.995978
0.995978
0.995978
0.995978
0.995978
0.995978
0.995978
0.995978
0.995978
0.995978
0.995978
0.995978
0.995978
0.995978
0.995978
0.995979
0.995979
0.995979
0.995979
0.995979
0.995979
0.995979
0.995979
0.995979
0.995979
0.995979
0.995979
0.995979
0.995979
0.995979
0.995979
0.99598
0.99598
0.99598
0.99598
0.99598
0.99598
0.99598
0.99598
0.99598
0.99598
0.99598
0.99598
0.99598
0.99598
0.99598
0.99598
0.99598
0.995981
0.995981
0.995981
0.995981
0.995981
0.995981
0.995981
0.995981
0.995981
0.995981
0.995981
0.995981
0.995981
0.995981
0.995981
0.995981
0.995981
0.995982
0.995982
0.995982
0.995982
0.995982
0.995982
0.995982
0.995982
0.995982
0.995982
0.995982
0.995982
0.995982
0.995982
0.995982
0.995982
0.995982
0.995982
0.995983
0.995983
0.995983
0.995983
0.995983
0.995983
0.995983
0.995983
0.995983
0.995983
0.995983
0.995983
0.995983
0.995983
0.995983
0.995983
0.995983
0.995983
0.995983
0.995984
0.995984
0.995984
0.995984
0.995984
0.995984
0.995984
0.995984
0.995984
0.995984
0.995984
0.995984
0.995984
0.995984
0.995984
0.995984
0.995984
0.995984
0.995984
0.995985
0.995985
0.995985
0.995985
0.995985
0.995985
0.995985
0.995985
0.995985
0.995985
0.995985
0.995985
0.995985
0.995985
0.995985
0.995985
0.995985
0.995985
0.995985
0.995985
0.995985
0.995986
0.995986
0.995986
0.995986
0.995986
0.995986
0.995986
0.995986
0.995986
0.995986
0.995986
0.995986
0.995986
0.995986
0.995986
0.995986
0.995986
0.995986
0.995986
0.995986
0.995986
0.995987
0.995987
0.995987
0.995987
0.995987
0.995987
0.995987
0.995987
0.995987
0.995987
0.995987
0.995987
0.995987
0.995987
0.995987
0.995987
0.995987
0.995987
0.995987
0.995987
0.995987
0.995987
0.995987
0.995988
0.995988
0.995988
0.995988
0.995988
0.995988
0.995988
0.995988
0.995988
0.995988
0.995988
0.995988
0.995988
0.995988
0.995988
0.995988
0.995988
0.995988
0.995988
0.995988
0.995988
0.995988
0.995988
0.995988
0.995989
0.995989
0.995989
0.995989
0.995989
0.995989
0.995989
0.995989
0.995989
0.995989
0.995989
0.995989
0.995989
0.995989
0.995989
0.995989
0.995989
0.995989
0.995989
0.995989
0.995989
0.995989
0.995989
0.995989
0.995989
0.99599
0.99599
0.99599
0.99599
0.99599
0.99599
0.99599
0.99599
0.99599
0.99599
0.99599
0.99599
0.99599
0.99599
0.99599
0.99599
0.99599
0.99599
0.99599
0.99599
0.99599
0.99599
0.99599
0.99599
0.99599
0.99599
0.995991
0.995991
0.995991
0.995991
0.995991
0.995991
0.995991
0.995991
0.995991
0.995991
0.995991
0.995991
0.995991
0.995991
0.995991
0.995991
0.995991
0.995991
0.995991
0.995991
0.995991
0.995991
0.995991
0.995991
0.995991
0.995991
0.995991
0.995991
0.995992
0.995992
0.995992
0.995992
0.995992
0.995992
0.995992
0.995992
0.995992
0.995992
0.995992
0.995992
0.995992
0.995992
0.995992
0.995992
