0.5
0.501329
0.502793
0.504308
0.505845
0.507389
0.508934
0.510476
0.512014
0.513546
0.51507
0.516587
0.518095
0.519596
0.521088
0.522572
0.524047
0.525515
0.526975
0.528427
0.529872
0.531309
0.532739
0.534162
0.535578
0.536988
0.538391
0.539787
0.541177
0.54256
0.543938
0.545309
0.546674
0.548034
0.549387
0.550735
0.552076
0.553412
0.554743
0.556068
0.557387
0.5587
0.560008
0.561311
0.562608
0.5639
0.565186
0.566467
0.567743
0.569013
0.570278
0.571538
0.572792
0.574041
0.575286
0.576524
0.577758
0.578987
0.58021
0.581428
0.582642
0.58385
0.585053
0.586251
0.587444
0.588632
0.589815
0.590993
0.592166
0.593335
0.594498
0.595657
0.59681
0.597959
0.599103
0.600242
0.601377
0.602506
0.603631
0.604752
0.605867
0.606978
0.608084
0.609186
0.610282
0.611375
0.612462
0.613545
0.614624
0.615698
0.616768
0.617833
0.618893
0.619949
0.621001
0.622048
0.623091
0.624129
0.625163
0.626193
0.627219
0.62824
0.629257
0.630269
0.631277
0.632282
0.633281
0.634277
0.635269
0.636256
0.637239
0.638218
0.639193
0.640164
0.641131
0.642094
0.643053
0.644008
0.644958
0.645905
0.646848
0.647787
0.648722
0.649653
0.650581
0.651504
0.652423
0.653339
0.654251
0.655159
0.656064
0.656964
0.657861
0.658754
0.659643
0.660529
0.661411
0.662289
0.663164
0.664035
0.664903
0.665767
0.666627
0.667484
0.668337
0.669186
0.670033
0.670875
0.671714
0.67255
0.673382
0.674211
0.675037
0.675859
0.676677
0.677492
0.678304
0.679113
0.679918
0.68072
0.681519
0.682314
0.683106
0.683895
0.68468
0.685463
0.686242
0.687018
0.687791
0.68856
0.689327
0.69009
0.69085
0.691607
0.692362
0.693112
0.69386
0.694605
0.695347
0.696086
0.696821
0.697554
0.698284
0.699011
0.699735
0.700456
0.701174
0.701889
0.702601
0.70331
0.704016
0.70472
0.705421
0.706119
0.706814
0.707506
0.708195
0.708882
0.709566
0.710247
0.710925
0.711601
0.712274
0.712944
0.713611
0.714276
0.714938
0.715597
0.716254
0.716908
0.71756
0.718209
0.718855
0.719499
0.72014
0.720778
0.721414
0.722048
0.722679
0.723307
0.723933
0.724556
0.725177
0.725795
0.726411
0.727025
0.727636
0.728244
0.72885
0.729454
0.730055
0.730654
0.731251
0.731845
0.732436
0.733026
0.733613
0.734198
0.73478
0.73536
0.735938
0.736513
0.737087
0.737658
0.738226
0.738793
0.739357
0.739919
0.740479
0.741036
0.741591
0.742144
0.742695
0.743244
0.743791
0.744335
0.744877
0.745417
0.745955
0.746491
0.747025
0.747557
0.748086
0.748614
0.749139
0.749663
0.750184
0.750703
0.75122
0.751735
0.752249
0.75276
0.753269
0.753776
0.754281
0.754784
0.755286
0.755785
0.756282
0.756777
0.757271
0.757762
0.758252
0.758739
0.759225
0.759709
0.760191
0.760671
0.761149
0.761626
0.7621
0.762573
0.763043
0.763512
0.76398
0.764445
0.764908
0.76537
0.76583
0.766288
0.766745
0.767199
0.767652
0.768103
0.768552
0.769
0.769446
0.76989
0.770332
0.770773
0.771212
0.771649
0.772085
0.772519
0.772951
0.773381
0.77381
0.774238
0.774663
0.775087
0.775509
0.77593
0.776349
0.776767
0.777182
0.777597
0.778009
0.77842
0.77883
0.779238
0.779644
0.780049
0.780452
0.780854
0.781254
0.781653
0.78205
0.782445
0.782839
0.783232
0.783623
0.784012
0.7844
0.784787
0.785172
0.785556
0.785938
0.786318
0.786698
0.787075
0.787452
0.787827
0.7882
0.788572
0.788943
0.789312
0.78968
0.790046
0.790411
0.790775
0.791137
0.791498
0.791858
0.792216
0.792572
0.792928
0.793282
0.793635
0.793986
0.794336
0.794685
0.795032
0.795378
0.795723
0.796066
0.796409
0.79675
0.797089
0.797427
0.797764
0.7981
0.798435
0.798768
0.7991
0.79943
0.79976
0.800088
0.800415
0.800741
0.801065
0.801389
0.801711
0.802032
0.802351
0.80267
0.802987
0.803303
0.803618
0.803932
0.804244
0.804555
0.804866
0.805175
0.805482
0.805789
0.806095
0.806399
0.806702
0.807004
0.807305
0.807605
0.807904
0.808202
0.808498
0.808793
0.809088
0.809381
0.809673
0.809964
0.810254
0.810543
0.810831
0.811117
0.811403
0.811687
0.811971
0.812253
0.812535
0.812815
0.813094
0.813373
0.81365
0.813926
0.814201
0.814475
0.814748
0.81502
0.815292
0.815562
0.815831
0.816099
0.816366
0.816632
0.816897
0.817161
0.817424
0.817687
0.817948
0.818208
0.818467
0.818726
0.818983
0.819239
0.819495
0.819749
0.820003
0.820256
0.820507
0.820758
0.821008
0.821257
0.821505
0.821752
0.821998
0.822244
0.822488
0.822732
0.822974
0.823216
0.823457
0.823697
0.823936
0.824174
0.824411
0.824648
0.824883
0.825118
0.825352
0.825585
0.825817
0.826048
0.826278
0.826508
0.826737
0.826965
0.827192
0.827418
0.827643
0.827868
0.828092
0.828315
0.828537
0.828758
0.828979
0.829199
0.829417
0.829636
0.829853
0.830069
0.830285
0.8305
0.830714
0.830928
0.83114
0.831352
0.831563
0.831774
0.831983
0.832192
0.8324
0.832607
0.832814
0.83302
0.833225
0.833429
0.833633
0.833835
0.834037
0.834239
0.834439
0.834639
0.834838
0.835037
0.835235
0.835432
0.835628
0.835824
0.836019
0.836213
0.836406
0.836599
0.836791
0.836983
0.837173
0.837363
0.837553
0.837741
0.837929
0.838117
0.838303
0.838489
0.838675
0.838859
0.839043
0.839226
0.839409
0.839591
0.839772
0.839953
0.840133
0.840313
0.840491
0.84067
0.840847
0.841024
0.8412
0.841376
0.841551
0.841725
0.841899
0.842072
0.842244
0.842416
0.842587
0.842758
0.842928
0.843098
0.843266
0.843435
0.843602
0.843769
0.843936
0.844102
0.844267
0.844432
0.844596
0.844759
0.844922
0.845084
0.845246
0.845407
0.845568
0.845728
0.845888
0.846046
0.846205
0.846363
0.84652
0.846677
0.846833
0.846988
0.847143
0.847298
0.847452
0.847605
0.847758
0.84791
0.848062
0.848213
0.848364
0.848514
0.848664
0.848813
0.848962
0.84911
0.849257
0.849404
0.849551
0.849697
0.849842
0.849987
0.850132
0.850276
0.850419
0.850562
0.850705
0.850847
0.850988
0.851129
0.85127
0.85141
0.851549
0.851688
0.851827
0.851965
0.852103
0.85224
0.852376
0.852512
0.852648
0.852783
0.852918
0.853052
0.853186
0.853319
0.853452
0.853585
0.853717
0.853848
0.853979
0.85411
0.85424
0.854369
0.854499
0.854627
0.854756
0.854884
0.855011
0.855138
0.855265
0.855391
0.855517
0.855642
0.855767
0.855891
0.856015
0.856139
0.856262
0.856384
0.856507
0.856628
0.85675
0.856871
0.856991
0.857112
0.857231
0.857351
0.85747
0.857588
0.857706
0.857824
0.857941
0.858058
0.858175
0.858291
0.858407
0.858522
0.858637
0.858752
0.858866
0.85898
0.859093
0.859206
0.859319
0.859431
0.859543
0.859654
0.859765
0.859876
0.859986
0.860096
0.860206
0.860315
0.860424
0.860532
0.86064
0.860748
0.860855
0.860962
0.861069
0.861175
0.861281
0.861387
0.861492
0.861597
0.861701
0.861806
0.861909
0.862013
0.862116
0.862219
0.862321
0.862423
0.862525
0.862626
0.862727
0.862828
0.862928
0.863028
0.863128
0.863227
0.863326
0.863425
0.863523
0.863621
0.863719
0.863817
0.863914
0.86401
0.864107
0.864203
0.864299
0.864394
0.864489
0.864584
0.864678
0.864773
0.864866
0.86496
0.865053
0.865146
0.865239
0.865331
0.865423
0.865515
0.865606
0.865697
0.865788
0.865879
0.865969
0.866059
0.866148
0.866238
0.866327
0.866415
0.866504
0.866592
0.86668
0.866767
0.866854
0.866941
0.867028
0.867114
0.867201
0.867286
0.867372
0.867457
0.867542
0.867627
0.867711
0.867796
0.867879
0.867963
0.868046
0.868129
0.868212
0.868295
0.868377
0.868459
0.868541
0.868622
0.868703
0.868784
0.868865
0.868945
0.869025
0.869105
0.869185
0.869264
0.869343
0.869422
0.869501
0.869579
0.869657
0.869735
0.869813
0.86989
0.869967
0.870044
0.870121
0.870197
0.870273
0.870349
0.870424
0.8705
0.870575
0.87065
0.870724
0.870799
0.870873
0.870947
0.87102
0.871094
0.871167
0.87124
0.871313
0.871385
0.871458
0.87153
0.871601
0.871673
0.871744
0.871816
0.871886
0.871957
0.872028
0.872098
0.872168
0.872238
0.872307
0.872377
0.872446
0.872515
0.872583
0.872652
0.87272
0.872788
0.872856
0.872923
0.872991
0.873058
0.873125
0.873192
0.873258
0.873325
0.873391
0.873457
0.873522
0.873588
0.873653
0.873718
0.873783
0.873848
0.873912
0.873977
0.874041
0.874105
0.874168
0.874232
0.874295
0.874358
0.874421
0.874484
0.874546
0.874609
0.874671
0.874733
0.874794
0.874856
0.874917
0.874979
0.87504
0.8751
0.875161
0.875221
0.875282
0.875342
0.875401
0.875461
0.875521
0.87558
0.875639
0.875698
0.875757
0.875815
0.875874
0.875932
0.87599
0.876048
0.876106
0.876163
0.87622
0.876278
0.876335
0.876391
0.876448
0.876504
0.876561
0.876617
0.876673
0.876729
0.876784
0.87684
0.876895
0.87695
0.877005
0.87706
0.877114
0.877169
0.877223
0.877277
0.877331
0.877385
0.877439
0.877492
0.877545
0.877599
0.877652
0.877704
0.877757
0.87781
0.877862
0.877914
0.877966
0.878018
0.87807
0.878121
0.878173
0.878224
0.878275
0.878326
0.878377
0.878428
0.878478
0.878529
0.878579
0.878629
0.878679
0.878729
0.878778
0.878828
0.878877
0.878926
0.878975
0.879024
0.879073
0.879122
0.87917
0.879218
0.879267
0.879315
0.879363
0.87941
0.879458
0.879505
0.879553
0.8796
0.879647
0.879694
0.879741
0.879788
0.879834
0.87988
0.879927
0.879973
0.880019
0.880065
0.88011
0.880156
0.880201
0.880247
0.880292
0.880337
0.880382
0.880427
0.880471
0.880516
0.88056
0.880605
0.880649
0.880693
0.880737
0.880781
0.880824
0.880868
0.880911
0.880955
0.880998
0.881041
0.881084
0.881127
0.881169
0.881212
0.881254
0.881297
0.881339
0.881381
0.881423
0.881465
0.881506
0.881548
0.88159
0.881631
0.881672
0.881713
0.881754
0.881795
0.881836
0.881877
0.881917
0.881958
0.881998
0.882038
0.882079
0.882119
0.882158
0.882198
0.882238
0.882277
0.882317
0.882356
0.882396
0.882435
0.882474
0.882513
0.882551
0.88259
0.882629
0.882667
0.882706
0.882744
0.882782
0.88282
0.882858
0.882896
0.882934
0.882971
0.883009
0.883046
0.883084
0.883121
0.883158
0.883195
0.883232
0.883269
0.883306
0.883342
0.883379
0.883415
0.883452
0.883488
0.883524
0.88356
0.883596
0.883632
0.883668
0.883703
0.883739
0.883774
0.88381
0.883845
0.88388
0.883915
0.88395
0.883985
0.88402
0.884055
0.88409
0.884124
0.884159
0.884193
0.884227
0.884261
0.884295
0.884329
0.884363
0.884397
0.884431
0.884465
0.884498
0.884532
0.884565
0.884598
0.884632
0.884665
0.884698
0.884731
0.884764
0.884796
0.884829
0.884862
0.884894
0.884927
0.884959
0.884991
0.885023
0.885055
0.885088
0.885119
0.885151
0.885183
0.885215
0.885246
0.885278
0.885309
0.885341
0.885372
0.885403
0.885434
0.885465
0.885496
0.885527
0.885558
0.885589
0.88562
0.88565
0.885681
0.885711
0.885741
0.885772
0.885802
0.885832
0.885862
0.885892
0.885922
0.885952
0.885982
0.886011
0.886041
0.88607
0.8861
0.886129
0.886159
0.886188
0.886217
0.886246
0.886275
0.886304
0.886333
0.886362
0.88639
0.886419
0.886448
0.886476
0.886505
0.886533
0.886561
0.88659
0.886618
0.886646
0.886674
0.886702
0.88673
0.886758
0.886785
0.886813
0.886841
0.886868
0.886896
0.886923
0.886951
0.886978
0.887005
0.887032
0.887059
0.887086
0.887113
0.88714
0.887167
0.887194
0.887221
0.887247
0.887274
0.8873
0.887327
0.887353
0.88738
0.887406
0.887432
0.887458
0.887484
0.88751
0.887536
0.887562
0.887588
0.887614
0.88764
0.887665
0.887691
0.887717
0.887742
0.887767
0.887793
0.887818
0.887843
0.887869
0.887894
0.887919
0.887944
0.887969
0.887994
0.888019
0.888043
0.888068
0.888093
0.888117
0.888142
0.888167
0.888191
0.888215
0.88824
0.888264
0.888288
0.888312
0.888337
0.888361
0.888385
0.888409
0.888433
0.888456
0.88848
0.888504
0.888528
0.888551
0.888575
0.888598
0.888622
0.888645
0.888669
0.888692
0.888715
0.888739
0.888762
0.888785
0.888808
0.888831
0.888854
0.888877
0.8889
0.888923
0.888945
0.888968
0.888991
0.889013
0.889036
0.889058
0.889081
0.889103
0.889126
0.889148
0.88917
0.889193
0.889215
0.889237
0.889259
0.889281
0.889303
0.889325
0.889347
0.889369
0.88939
0.889412
0.889434
0.889456
0.889477
0.889499
0.88952
0.889542
0.889563
0.889585
0.889606
0.889627
0.889649
0.88967
0.889691
0.889712
0.889733
0.889754
0.889775
0.889796
0.889817
0.889838
0.889859
0.88988
0.8899
0.889921
0.889942
0.889962
0.889983
0.890003
0.890024
0.890044
0.890065
0.890085
0.890105
0.890126
0.890146
0.890166
0.890186
0.890206
0.890226
0.890246
0.890266
0.890286
0.890306
0.890326
0.890346
0.890366
0.890386
0.890405
0.890425
0.890445
0.890464
0.890484
0.890503
0.890523
0.890542
0.890562
0.890581
0.8906
0.89062
0.890639
0.890658
0.890677
0.890696
0.890715
0.890734
0.890753
0.890772
0.890791
0.89081
0.890829
0.890848
0.890867
0.890886
0.890904
0.890923
0.890942
0.89096
0.890979
0.890997
0.891016
0.891034
0.891053
0.891071
0.89109
0.891108
0.891126
0.891145
0.891163
0.891181
0.891199
0.891217
0.891235
0.891254
0.891272
0.89129
0.891308
0.891326
0.891343
0.891361
0.891379
0.891397
0.891415
0.891432
0.89145
0.891468
0.891485
0.891503
0.891521
0.891538
0.891556
0.891573
0.891591
0.891608
0.891625
0.891643
0.89166
0.891677
0.891695
0.891712
0.891729
0.891746
0.891763
0.89178
0.891798
0.891815
0.891832
0.891849
0.891866
0.891882
0.891899
0.891916
0.891933
0.89195
0.891967
0.891983
0.892
0.892017
0.892033
0.89205
0.892067
0.892083
0.8921
0.892116
0.892133
0.892149
0.892166
0.892182
0.892198
0.892215
0.892231
0.892247
0.892264
0.89228
0.892296
0.892312
0.892328
0.892345
0.892361
0.892377
0.892393
0.892409
0.892425
0.892441
0.892457
0.892473
0.892488
0.892504
0.89252
0.892536
0.892552
0.892567
0.892583
0.892599
0.892614
0.89263
0.892646
0.892661
0.892677
0.892692
0.892708
0.892723
0.892739
0.892754
0.89277
0.892785
0.8928
0.892816
0.892831
0.892846
0.892862
0.892877
0.892892
0.892907
0.892923
0.892938
0.892953
0.892968
0.892983
0.892998
0.893013
0.893028
0.893043
0.893058
0.893073
0.893088
0.893103
0.893118
0.893132
0.893147
0.893162
0.893177
0.893191
0.893206
0.893221
0.893236
0.89325
0.893265
0.893279
0.893294
0.893309
0.893323
0.893338
0.893352
0.893367
0.893381
0.893395
0.89341
0.893424
0.893439
0.893453
0.893467
0.893482
0.893496
0.89351
0.893524
0.893539
0.893553
0.893567
0.893581
0.893595
0.893609
0.893623
0.893637
0.893651
0.893666
0.89368
0.893694
0.893707
0.893721
0.893735
0.893749
0.893763
0.893777
0.893791
0.893805
0.893818
0.893832
0.893846
0.89386
0.893873
0.893887
0.893901
0.893914
0.893928
0.893942
0.893955
0.893969
0.893982
0.893996
0.89401
0.894023
0.894037
0.89405
0.894063
0.894077
0.89409
0.894104
0.894117
0.89413
0.894144
0.894157
0.89417
0.894184
0.894197
0.89421
0.894223
0.894237
0.89425
0.894263
0.894276
0.894289
0.894302
0.894315
0.894329
0.894342
0.894355
0.894368
0.894381
0.894394
0.894407
0.89442
0.894433
0.894446
0.894458
0.894471
0.894484
0.894497
0.89451
0.894523
0.894536
0.894548
0.894561
0.894574
0.894587
0.894599
0.894612
0.894625
0.894637
0.89465
0.894663
0.894675
0.894688
0.8947
0.894713
0.894726
0.894738
0.894751
0.894763
0.894776
0.894788
0.894801
0.894813
0.894825
0.894838
0.89485
0.894863
0.894875
0.894887
0.8949
0.894912
0.894924
0.894937
0.894949
0.894961
0.894973
0.894986
0.894998
0.89501
0.895022
0.895034
0.895047
0.895059
0.895071
0.895083
0.895095
0.895107
0.895119
0.895131
0.895143
0.895155
0.895167
0.895179
0.895191
0.895203
0.895215
0.895227
0.895239
0.895251
0.895263
0.895275
0.895286
0.895298
0.89531
0.895322
0.895334
0.895346
0.895357
0.895369
0.895381
0.895393
0.895404
0.895416
0.895428
0.895439
0.895451
0.895463
0.895474
0.895486
0.895498
0.895509
0.895521
0.895532
0.895544
0.895555
0.895567
0.895578
0.89559
0.895601
0.895613
0.895624
0.895636
0.895647
0.895659
0.89567
0.895681
0.895693
0.895704
0.895716
0.895727
0.895738
0.89575
0.895761
0.895772
0.895784
0.895795
0.895806
0.895817
0.895829
0.89584
0.895851
0.895862
0.895873
0.895885
0.895896
0.895907
0.895918
0.895929
0.89594
0.895951
0.895962
0.895973
0.895985
0.895996
0.896007
0.896018
0.896029
0.89604
0.896051
0.896062
0.896073
0.896084
0.896095
0.896105
0.896116
0.896127
0.896138
0.896149
0.89616
0.896171
0.896182
0.896193
0.896203
0.896214
0.896225
0.896236
0.896247
0.896257
0.896268
0.896279
0.89629
0.8963
0.896311
0.896322
0.896332
0.896343
0.896354
0.896365
0.896375
0.896386
0.896396
0.896407
0.896418
0.896428
0.896439
0.896449
0.89646
0.896471
0.896481
0.896492
0.896502
0.896513
0.896523
0.896534
0.896544
0.896555
0.896565
0.896576
0.896586
0.896596
0.896607
0.896617
0.896628
0.896638
0.896648
0.896659
0.896669
0.89668
0.89669
0.8967
0.896711
0.896721
0.896731
0.896741
0.896752
0.896762
0.896772
0.896783
0.896793
0.896803
0.896813
0.896823
0.896834
0.896844
0.896854
0.896864
0.896874
0.896885
0.896895
0.896905
0.896915
0.896925
0.896935
0.896945
0.896955
0.896965
0.896976
0.896986
0.896996
0.897006
0.897016
0.897026
0.897036
0.897046
0.897056
0.897066
0.897076
0.897086
0.897096
0.897106
0.897116
0.897126
0.897135
0.897145
0.897155
0.897165
0.897175
0.897185
0.897195
0.897205
0.897215
0.897224
0.897234
0.897244
0.897254
0.897264
0.897273
0.897283
0.897293
0.897303
0.897313
0.897322
0.897332
0.897342
0.897352
0.897361
0.897371
0.897381
0.89739
0.8974
0.89741
0.897419
0.897429
0.897439
0.897448
0.897458
0.897468
0.897477
0.897487
0.897497
0.897506
0.897516
0.897525
0.897535
0.897544
0.897554
0.897564
0.897573
0.897583
0.897592
0.897602
0.897611
0.897621
0.89763
0.89764
0.897649
0.897659
0.897668
0.897678
0.897687
0.897696
0.897706
0.897715
0.897725
0.897734
0.897744
0.897753
0.897762
0.897772
0.897781
0.89779
0.8978
0.897809
0.897818
0.897828
0.897837
0.897846
0.897856
0.897865
0.897874
0.897884
0.897893
0.897902
0.897911
0.897921
0.89793
0.897939
0.897948
0.897958
0.897967
0.897976
0.897985
0.897995
0.898004
0.898013
0.898022
0.898031
0.89804
0.89805
0.898059
0.898068
0.898077
0.898086
0.898095
0.898104
0.898113
0.898123
0.898132
0.898141
0.89815
0.898159
0.898168
0.898177
0.898186
0.898195
0.898204
0.898213
0.898222
0.898231
0.89824
0.898249
0.898258
0.898267
0.898276
0.898285
0.898294
0.898303
0.898312
0.898321
0.89833
0.898339
0.898348
0.898357
0.898366
0.898375
0.898383
0.898392
0.898401
0.89841
0.898419
0.898428
0.898437
0.898446
0.898454
0.898463
0.898472
0.898481
0.89849
0.898499
0.898507
0.898516
0.898525
0.898534
0.898543
0.898551
0.89856
0.898569
0.898578
0.898586
0.898595
0.898604
0.898613
0.898621
0.89863
0.898639
0.898647
0.898656
0.898665
0.898674
0.898682
0.898691
0.8987
0.898708
0.898717
0.898726
0.898734
0.898743
0.898751
0.89876
0.898769
0.898777
0.898786
0.898795
0.898803
0.898812
0.89882
0.898829
0.898837
0.898846
0.898855
0.898863
0.898872
0.89888
0.898889
0.898897
0.898906
0.898914
0.898923
0.898931
0.89894
0.898948
0.898957
0.898965
0.898974
0.898982
0.898991
0.898999
0.899008
0.899016
0.899025
0.899033
0.899042
0.89905
0.899058
0.899067
0.899075
0.899084
0.899092
0.8991
0.899109
0.899117
0.899126
0.899134
0.899142
0.899151
0.899159
0.899167
0.899176
0.899184
0.899192
0.899201
0.899209
0.899217
0.899226
0.899234
0.899242
0.899251
0.899259
0.899267
0.899275
0.899284
0.899292
0.8993
0.899309
0.899317
0.899325
0.899333
0.899342
0.89935
0.899358
0.899366
0.899374
0.899383
0.899391
0.899399
0.899407
0.899415
0.899424
0.899432
0.89944
0.899448
0.899456
0.899465
0.899473
0.899481
0.899489
0.899497
0.899505
0.899513
0.899521
0.89953
0.899538
0.899546
0.899554
0.899562
0.89957
0.899578
0.899586
0.899594
0.899602
0.899611
0.899619
0.899627
0.899635
0.899643
0.899651
0.899659
0.899667
0.899675
0.899683
0.899691
0.899699
0.899707
0.899715
0.899723
0.899731
0.899739
0.899747
0.899755
0.899763
0.899771
0.899779
0.899787
0.899795
0.899803
0.899811
0.899819
0.899827
0.899834
0.899842
0.89985
0.899858
0.899866
0.899874
0.899882
0.89989
0.899898
0.899906
0.899914
0.899921
0.899929
0.899937
0.899945
0.899953
0.899961
0.899969
0.899976
0.899984
0.899992
0.9
0.900008
0.900016
0.900023
0.900031
0.900039
0.900047
0.900055
0.900062
0.90007
0.900078
0.900086
0.900094
0.900101
0.900109
0.900117
0.900125
0.900132
0.90014
0.900148
0.900156
0.900163
0.900171
0.900179
0.900187
0.900194
0.900202
0.90021
0.900217
0.900225
0.900233
0.900241
0.900248
0.900256
0.900264
0.900271
0.900279
0.900287
0.900294
0.900302
0.90031
0.900317
0.900325
0.900333
0.90034
0.900348
0.900355
0.900363
0.900371
0.900378
0.900386
0.900393
0.900401
0.900409
0.900416
0.900424
0.900431
0.900439
0.900447
0.900454
0.900462
0.900469
0.900477
0.900484
0.900492
0.9005
0.900507
0.900515
0.900522
0.90053
0.900537
0.900545
0.900552
0.90056
0.900567
0.900575
0.900582
0.90059
0.900597
0.900605
0.900612
0.90062
0.900627
0.900635
0.900642
0.90065
0.900657
0.900665
0.900672
0.900679
0.900687
0.900694
0.900702
0.900709
0.900717
0.900724
0.900732
0.900739
0.900746
0.900754
0.900761
0.900769
0.900776
0.900783
0.900791
0.900798
0.900806
0.900813
0.90082
0.900828
0.900835
0.900842
0.90085
0.900857
0.900864
0.900872
0.900879
0.900886
0.900894
0.900901
0.900908
0.900916
0.900923
0.90093
0.900938
0.900945
0.900952
0.90096
0.900967
0.900974
0.900982
0.900989
0.900996
0.901003
0.901011
0.901018
0.901025
0.901032
0.90104
0.901047
0.901054
0.901061
0.901069
0.901076
0.901083
0.90109
0.901098
0.901105
0.901112
0.901119
0.901127
0.901134
0.901141
0.901148
0.901155
0.901163
0.90117
0.901177
0.901184
0.901191
0.901198
0.901206
0.901213
0.90122
0.901227
0.901234
0.901241
0.901249
0.901256
0.901263
0.90127
0.901277
0.901284
0.901291
0.901299
0.901306
0.901313
0.90132
0.901327
0.901334
0.901341
0.901348
0.901355
0.901363
0.90137
0.901377
0.901384
0.901391
0.901398
0.901405
0.901412
0.901419
0.901426
0.901433
0.90144
0.901447
0.901454
0.901461
0.901468
0.901476
0.901483
0.90149
0.901497
0.901504
0.901511
0.901518
0.901525
0.901532
0.901539
0.901546
0.901553
0.90156
0.901567
0.901574
0.901581
0.901588
0.901595
0.901602
0.901609
0.901616
0.901623
0.901629
0.901636
0.901643
0.90165
0.901657
0.901664
0.901671
0.901678
0.901685
0.901692
0.901699
0.901706
0.901713
0.90172
0.901727
0.901733
0.90174
0.901747
0.901754
0.901761
0.901768
0.901775
0.901782
0.901789
0.901796
0.901802
0.901809
0.901816
0.901823
0.90183
0.901837
0.901844
0.90185
0.901857
0.901864
0.901871
0.901878
0.901885
0.901891
0.901898
0.901905
0.901912
0.901919
0.901926
0.901932
0.901939
0.901946
0.901953
0.90196
0.901966
0.901973
0.90198
0.901987
0.901994
0.902
0.902007
0.902014
0.902021
0.902027
0.902034
0.902041
0.902048
0.902055
0.902061
0.902068
0.902075
0.902082
0.902088
0.902095
0.902102
0.902108
0.902115
0.902122
0.902129
0.902135
0.902142
0.902149
0.902155
0.902162
0.902169
0.902176
0.902182
0.902189
0.902196
0.902202
0.902209
0.902216
0.902222
0.902229
0.902236
0.902242
0.902249
0.902256
0.902262
0.902269
0.902276
0.902282
0.902289
0.902296
0.902302
0.902309
0.902316
0.902322
0.902329
0.902335
0.902342
0.902349
0.902355
0.902362
0.902368
0.902375
0.902382
0.902388
0.902395
0.902401
0.902408
0.902415
0.902421
0.902428
0.902434
0.902441
0.902448
0.902454
0.902461
0.902467
0.902474
0.90248
0.902487
0.902493
0.9025
0.902507
0.902513
0.90252
0.902526
0.902533
0.902539
0.902546
0.902552
0.902559
0.902565
0.902572
0.902578
0.902585
0.902591
0.902598
0.902604
0.902611
0.902617
0.902624
0.90263
0.902637
0.902643
0.90265
0.902656
0.902663
0.902669
0.902676
0.902682
0.902689
0.902695
0.902702
0.902708
0.902714
0.902721
0.902727
0.902734
0.90274
0.902747
0.902753
0.90276
0.902766
0.902772
0.902779
0.902785
0.902792
0.902798
0.902804
0.902811
0.902817
0.902824
0.90283
0.902836
0.902843
0.902849
0.902856
0.902862
0.902868
0.902875
0.902881
0.902888
0.902894
0.9029
0.902907
0.902913
0.902919
0.902926
0.902932
0.902938
0.902945
0.902951
0.902957
0.902964
0.90297
0.902976
0.902983
0.902989
0.902995
0.903002
0.903008
0.903014
0.903021
0.903027
0.903033
0.90304
0.903046
0.903052
0.903059
0.903065
0.903071
0.903077
0.903084
0.90309
0.903096
0.903103
0.903109
0.903115
0.903121
0.903128
0.903134
0.90314
0.903146
0.903153
0.903159
0.903165
0.903171
0.903178
0.903184
0.90319
0.903196
0.903203
0.903209
0.903215
0.903221
0.903228
0.903234
0.90324
0.903246
0.903252
0.903259
0.903265
0.903271
0.903277
0.903283
0.90329
0.903296
0.903302
0.903308
0.903314
0.903321
0.903327
0.903333
0.903339
0.903345
0.903351
0.903358
0.903364
0.90337
0.903376
0.903382
0.903388
0.903395
0.903401
0.903407
0.903413
0.903419
0.903425
0.903431
0.903438
0.903444
0.90345
0.903456
0.903462
0.903468
0.903474
0.90348
0.903486
0.903493
0.903499
0.903505
0.903511
0.903517
0.903523
0.903529
0.903535
0.903541
0.903547
0.903554
0.90356
0.903566
0.903572
0.903578
0.903584
0.90359
0.903596
0.903602
0.903608
0.903614
0.90362
0.903626
0.903632
0.903638
0.903644
0.90365
0.903657
0.903663
0.903669
0.903675
0.903681
0.903687
0.903693
0.903699
0.903705
0.903711
0.903717
0.903723
0.903729
0.903735
0.903741
0.903747
0.903753
0.903759
0.903765
0.903771
0.903777
0.903783
0.903789
0.903795
0.903801
0.903807
0.903813
0.903819
0.903824
0.90383
0.903836
0.903842
0.903848
0.903854
0.90386
0.903866
0.903872
0.903878
0.903884
0.90389
0.903896
0.903902
0.903908
0.903914
0.90392
0.903926
0.903931
0.903937
0.903943
0.903949
0.903955
0.903961
0.903967
0.903973
0.903979
0.903985
0.90399
0.903996
0.904002
0.904008
0.904014
0.90402
0.904026
0.904032
0.904038
0.904043
0.904049
0.904055
0.904061
0.904067
0.904073
0.904079
0.904084
0.90409
0.904096
0.904102
0.904108
0.904114
0.90412
0.904125
0.904131
0.904137
0.904143
0.904149
0.904155
0.90416
0.904166
0.904172
0.904178
0.904184
0.904189
0.904195
0.904201
0.904207
0.904213
0.904218
0.904224
0.90423
0.904236
0.904242
0.904247
0.904253
0.904259
0.904265
0.904271
0.904276
0.904282
0.904288
0.904294
0.904299
0.904305
0.904311
0.904317
0.904322
0.904328
0.904334
0.90434
0.904345
0.904351
0.904357
0.904363
0.904368
0.904374
0.90438
0.904386
0.904391
0.904397
0.904403
0.904408
0.904414
0.90442
0.904426
0.904431
0.904437
0.904443
0.904448
0.904454
0.90446
0.904466
0.904471
0.904477
0.904483
0.904488
0.904494
0.9045
0.904505
0.904511
0.904517
0.904522
0.904528
0.904534
0.904539
0.904545
0.904551
0.904556
0.904562
0.904568
0.904573
0.904579
0.904585
0.90459
0.904596
0.904602
0.904607
0.904613
0.904618
0.904624
0.90463
0.904635
0.904641
0.904647
0.904652
0.904658
0.904663
0.904669
0.904675
0.90468
0.904686
0.904691
0.904697
0.904703
0.904708
0.904714
0.904719
0.904725
0.904731
0.904736
0.904742
0.904747
0.904753
0.904758
0.904764
0.90477
0.904775
0.904781
0.904786
0.904792
0.904797
0.904803
0.904809
0.904814
0.90482
0.904825
0.904831
0.904836
0.904842
0.904847
0.904853
0.904858
0.904864
0.904869
0.904875
0.904881
0.904886
0.904892
0.904897
0.904903
0.904908
0.904914
0.904919
0.904925
0.90493
0.904936
0.904941
0.904947
0.904952
0.904958
0.904963
0.904969
0.904974
0.90498
0.904985
0.904991
0.904996
0.905002
0.905007
0.905012
0.905018
0.905023
0.905029
0.905034
0.90504
0.905045
0.905051
0.905056
0.905062
0.905067
0.905072
0.905078
0.905083
0.905089
0.905094
0.9051
0.905105
0.905111
0.905116
0.905121
0.905127
0.905132
0.905138
0.905143
0.905148
0.905154
0.905159
0.905165
0.90517
0.905176
0.905181
0.905186
0.905192
0.905197
0.905203
0.905208
0.905213
0.905219
0.905224
0.905229
0.905235
0.90524
0.905246
0.905251
0.905256
0.905262
0.905267
0.905272
0.905278
0.905283
0.905288
0.905294
0.905299
0.905305
0.90531
0.905315
0.905321
0.905326
0.905331
0.905337
0.905342
0.905347
0.905353
0.905358
0.905363
0.905369
0.905374
0.905379
0.905385
0.90539
0.905395
0.9054
0.905406
0.905411
0.905416
0.905422
0.905427
0.905432
0.905438
0.905443
0.905448
0.905453
0.905459
0.905464
0.905469
0.905475
0.90548
0.905485
0.90549
0.905496
0.905501
0.905506
0.905512
0.905517
0.905522
0.905527
0.905533
0.905538
0.905543
0.905548
0.905554
0.905559
0.905564
0.905569
0.905575
0.90558
0.905585
0.90559
0.905596
0.905601
0.905606
0.905611
0.905616
0.905622
0.905627
0.905632
0.905637
0.905643
0.905648
0.905653
0.905658
0.905663
0.905669
0.905674
0.905679
0.905684
0.905689
0.905695
0.9057
0.905705
0.90571
0.905715
0.90572
0.905726
0.905731
0.905736
0.905741
0.905746
0.905752
0.905757
0.905762
0.905767
0.905772
0.905777
0.905783
0.905788
0.905793
0.905798
0.905803
0.905808
0.905813
0.905819
0.905824
0.905829
0.905834
0.905839
0.905844
0.905849
0.905854
0.90586
0.905865
0.90587
0.905875
0.90588
0.905885
0.90589
0.905895
0.905901
0.905906
0.905911
0.905916
0.905921
0.905926
0.905931
0.905936
0.905941
0.905946
0.905952
0.905957
0.905962
0.905967
0.905972
0.905977
0.905982
0.905987
0.905992
0.905997
0.906002
0.906007
0.906012
0.906018
0.906023
0.906028
0.906033
0.906038
0.906043
0.906048
0.906053
0.906058
0.906063
0.906068
0.906073
0.906078
0.906083
0.906088
0.906093
0.906098
0.906103
0.906108
0.906113
0.906118
0.906123
0.906128
0.906133
0.906138
0.906143
0.906148
0.906153
0.906158
0.906163
0.906168
0.906173
0.906178
0.906183
0.906188
0.906193
0.906198
0.906203
0.906208
0.906213
0.906218
0.906223
0.906228
0.906233
0.906238
0.906243
0.906248
0.906253
0.906258
0.906263
0.906268
0.906273
0.906278
0.906283
0.906288
0.906293
0.906298
0.906303
0.906308
0.906313
0.906318
0.906323
0.906327
0.906332
0.906337
0.906342
0.906347
0.906352
0.906357
0.906362
0.906367
0.906372
0.906377
0.906382
0.906387
0.906392
0.906396
0.906401
0.906406
0.906411
0.906416
0.906421
0.906426
0.906431
0.906436
0.906441
0.906445
0.90645
0.906455
0.90646
0.906465
0.90647
0.906475
0.90648
0.906484
0.906489
0.906494
0.906499
0.906504
0.906509
0.906514
0.906519
0.906523
0.906528
0.906533
0.906538
0.906543
0.906548
0.906553
0.906557
0.906562
0.906567
0.906572
0.906577
0.906582
0.906586
0.906591
0.906596
0.906601
0.906606
0.906611
0.906615
0.90662
0.906625
0.90663
0.906635
0.906639
0.906644
0.906649
0.906654
0.906659
0.906664
0.906668
0.906673
0.906678
0.906683
0.906688
0.906692
0.906697
0.906702
0.906707
0.906711
0.906716
0.906721
0.906726
0.906731
0.906735
0.90674
0.906745
0.90675
0.906754
0.906759
0.906764
0.906769
0.906774
0.906778
0.906783
0.906788
0.906793
0.906797
0.906802
0.906807
0.906812
0.906816
0.906821
0.906826
0.90683
0.906835
0.90684
0.906845
0.906849
0.906854
0.906859
0.906864
0.906868
0.906873
0.906878
0.906882
0.906887
0.906892
0.906897
0.906901
0.906906
0.906911
0.906915
0.90692
0.906925
0.90693
0.906934
0.906939
0.906944
0.906948
0.906953
0.906958
0.906962
0.906967
0.906972
0.906976
0.906981
0.906986
0.90699
0.906995
0.907
0.907004
0.907009
0.907014
0.907018
0.907023
0.907028
0.907032
0.907037
0.907042
0.907046
0.907051
0.907056
0.90706
0.907065
0.90707
0.907074
0.907079
0.907084
0.907088
0.907093
0.907097
0.907102
0.907107
0.907111
0.907116
0.907121
0.907125
0.90713
0.907134
0.907139
0.907144
0.907148
0.907153
0.907158
0.907162
0.907167
0.907171
0.907176
0.907181
0.907185
0.90719
0.907194
0.907199
0.907203
0.907208
0.907213
0.907217
0.907222
0.907226
0.907231
0.907236
0.90724
0.907245
0.907249
0.907254
0.907258
0.907263
0.907268
0.907272
0.907277
0.907281
0.907286
0.90729
0.907295
0.907299
0.907304
0.907309
0.907313
0.907318
0.907322
0.907327
0.907331
0.907336
0.90734
0.907345
0.907349
0.907354
0.907358
0.907363
0.907368
0.907372
0.907377
0.907381
0.907386
0.90739
0.907395
0.907399
0.907404
0.907408
0.907413
0.907417
0.907422
0.907426
0.907431
0.907435
0.90744
0.907444
0.907449
0.907453
0.907458
0.907462
0.907467
0.907471
0.907476
0.90748
0.907485
0.907489
0.907493
0.907498
0.907502
0.907507
0.907511
0.907516
0.90752
0.907525
0.907529
0.907534
0.907538
0.907543
0.907547
0.907552
0.907556
0.90756
0.907565
0.907569
0.907574
0.907578
0.907583
0.907587
0.907591
0.907596
0.9076
0.907605
0.907609
0.907614
0.907618
0.907622
0.907627
0.907631
0.907636
0.90764
0.907645
0.907649
0.907653
0.907658
0.907662
0.907667
0.907671
0.907675
0.90768
0.907684
0.907689
0.907693
0.907697
0.907702
0.907706
0.907711
0.907715
0.907719
0.907724
0.907728
0.907733
0.907737
0.907741
0.907746
0.90775
0.907754
0.907759
0.907763
0.907768
0.907772
0.907776
0.907781
0.907785
0.907789
0.907794
0.907798
0.907802
0.907807
0.907811
0.907815
0.90782
0.907824
0.907828
0.907833
0.907837
0.907841
0.907846
0.90785
0.907854
0.907859
0.907863
0.907867
0.907872
0.907876
0.90788
0.907885
0.907889
0.907893
0.907898
0.907902
0.907906
0.907911
0.907915
0.907919
0.907924
0.907928
0.907932
0.907936
0.907941
0.907945
0.907949
0.907954
0.907958
0.907962
0.907967
0.907971
0.907975
0.907979
0.907984
0.907988
0.907992
0.907996
0.908001
0.908005
0.908009
0.908014
0.908018
0.908022
0.908026
0.908031
0.908035
0.908039
0.908043
0.908048
0.908052
0.908056
0.90806
0.908065
0.908069
0.908073
0.908077
0.908082
0.908086
0.90809
0.908094
0.908099
0.908103
0.908107
0.908111
0.908116
0.90812
0.908124
0.908128
0.908132
0.908137
0.908141
0.908145
0.908149
0.908154
0.908158
0.908162
0.908166
0.90817
0.908175
0.908179
0.908183
0.908187
0.908191
0.908196
0.9082
0.908204
0.908208
0.908212
0.908217
0.908221
0.908225
0.908229
0.908233
0.908237
0.908242
0.908246
0.90825
0.908254
0.908258
0.908262
0.908267
0.908271
0.908275
0.908279
0.908283
0.908287
0.908292
0.908296
0.9083
0.908304
0.908308
0.908312
0.908317
0.908321
0.908325
0.908329
0.908333
0.908337
0.908341
0.908346
0.90835
0.908354
0.908358
0.908362
0.908366
0.90837
0.908374
0.908379
0.908383
0.908387
0.908391
0.908395
0.908399
0.908403
0.908407
0.908412
0.908416
0.90842
0.908424
0.908428
0.908432
0.908436
0.90844
0.908444
0.908448
0.908453
0.908457
0.908461
0.908465
0.908469
0.908473
0.908477
0.908481
0.908485
0.908489
0.908493
0.908498
0.908502
0.908506
0.90851
0.908514
0.908518
0.908522
0.908526
0.90853
0.908534
0.908538
0.908542
0.908546
0.90855
0.908554
0.908559
0.908563
0.908567
0.908571
0.908575
0.908579
0.908583
0.908587
0.908591
0.908595
0.908599
0.908603
0.908607
0.908611
0.908615
0.908619
0.908623
0.908627
0.908631
0.908635
0.908639
0.908643
0.908647
0.908651
0.908655
0.908659
0.908663
0.908667
0.908671
0.908675
0.908679
0.908683
0.908687
0.908691
0.908695
0.908699
0.908703
0.908707
0.908711
0.908715
0.908719
0.908723
0.908727
0.908731
0.908735
0.908739
0.908743
0.908747
0.908751
0.908755
0.908759
0.908763
0.908767
0.908771
0.908775
0.908779
0.908783
0.908787
0.908791
0.908795
0.908799
0.908803
0.908807
0.908811
0.908815
0.908819
0.908823
0.908827
0.90883
0.908834
0.908838
0.908842
0.908846
0.90885
0.908854
0.908858
0.908862
0.908866
0.90887
0.908874
0.908878
0.908882
0.908886
0.908889
0.908893
0.908897
0.908901
0.908905
0.908909
0.908913
0.908917
0.908921
0.908925
0.908929
0.908933
0.908936
0.90894
0.908944
0.908948
0.908952
0.908956
0.90896
0.908964
0.908968
0.908972
0.908975
0.908979
0.908983
0.908987
0.908991
0.908995
0.908999
0.909003
0.909006
0.90901
0.909014
0.909018
0.909022
0.909026
0.90903
0.909034
0.909037
0.909041
0.909045
0.909049
0.909053
0.909057
0.909061
0.909064
0.909068
0.909072
0.909076
0.90908
0.909084
0.909088
0.909091
0.909095
0.909099
0.909103
0.909107
0.909111
0.909114
0.909118
0.909122
0.909126
0.90913
0.909134
0.909137
0.909141
0.909145
0.909149
0.909153
0.909157
0.90916
0.909164
0.909168
0.909172
0.909176
0.909179
0.909183
0.909187
0.909191
0.909195
0.909198
0.909202
0.909206
0.90921
0.909214
0.909217
0.909221
0.909225
0.909229
0.909233
0.909236
0.90924
0.909244
0.909248
0.909251
0.909255
0.909259
0.909263
0.909267
0.90927
0.909274
0.909278
0.909282
0.909285
0.909289
0.909293
0.909297
0.909301
0.909304
0.909308
0.909312
0.909316
0.909319
0.909323
0.909327
0.909331
0.909334
0.909338
0.909342
0.909346
0.909349
0.909353
0.909357
0.90936
0.909364
0.909368
0.909372
0.909375
0.909379
0.909383
0.909387
0.90939
0.909394
0.909398
0.909402
0.909405
0.909409
0.909413
0.909416
0.90942
0.909424
0.909428
0.909431
0.909435
0.909439
0.909442
0.909446
0.90945
0.909453
0.909457
0.909461
0.909465
0.909468
0.909472
0.909476
0.909479
0.909483
0.909487
0.90949
0.909494
0.909498
0.909501
0.909505
0.909509
0.909512
0.909516
0.90952
0.909524
0.909527
0.909531
0.909535
0.909538
0.909542
0.909546
0.909549
0.909553
0.909557
0.90956
0.909564
0.909567
0.909571
0.909575
0.909578
0.909582
0.909586
0.909589
0.909593
0.909597
0.9096
0.909604
0.909608
0.909611
0.909615
0.909619
0.909622
0.909626
0.909629
0.909633
0.909637
0.90964
0.909644
0.909648
0.909651
0.909655
0.909658
0.909662
0.909666
0.909669
0.909673
0.909677
0.90968
0.909684
0.909687
0.909691
0.909695
0.909698
0.909702
0.909705
0.909709
0.909713
0.909716
0.90972
0.909723
0.909727
0.909731
0.909734
0.909738
0.909741
0.909745
0.909748
0.909752
0.909756
0.909759
0.909763
0.909766
0.90977
0.909774
0.909777
0.909781
0.909784
0.909788
0.909791
0.909795
0.909799
0.909802
0.909806
0.909809
0.909813
0.909816
0.90982
0.909823
0.909827
0.909831
0.909834
0.909838
0.909841
0.909845
0.909848
0.909852
0.909855
0.909859
0.909862
0.909866
0.90987
0.909873
0.909877
0.90988
0.909884
0.909887
0.909891
0.909894
0.909898
0.909901
0.909905
0.909908
0.909912
0.909915
0.909919
0.909922
0.909926
0.909929
0.909933
0.909936
0.90994
0.909944
0.909947
0.909951
0.909954
0.909958
0.909961
0.909965
0.909968
0.909972
0.909975
0.909979
0.909982
0.909986
0.909989
0.909992
0.909996
0.909999
0.910003
0.910006
0.91001
0.910013
0.910017
0.91002
0.910024
0.910027
0.910031
0.910034
0.910038
0.910041
0.910045
0.910048
0.910052
0.910055
0.910059
0.910062
0.910065
0.910069
0.910072
0.910076
0.910079
0.910083
0.910086
0.91009
0.910093
0.910097
0.9101
0.910103
0.910107
0.91011
0.910114
0.910117
0.910121
0.910124
0.910128
0.910131
0.910134
0.910138
0.910141
0.910145
0.910148
0.910152
0.910155
0.910158
0.910162
0.910165
0.910169
0.910172
0.910175
0.910179
0.910182
0.910186
0.910189
0.910193
0.910196
0.910199
0.910203
0.910206
0.91021
0.910213
0.910216
0.91022
0.910223
0.910227
0.91023
0.910233
0.910237
0.91024
0.910244
0.910247
0.91025
0.910254
0.910257
0.91026
0.910264
0.910267
0.910271
0.910274
0.910277
0.910281
0.910284
0.910287
0.910291
0.910294
0.910298
0.910301
0.910304
0.910308
0.910311
0.910314
0.910318
0.910321
0.910324
0.910328
0.910331
0.910335
0.910338
0.910341
0.910345
0.910348
0.910351
0.910355
0.910358
0.910361
0.910365
0.910368
0.910371
0.910375
0.910378
0.910381
0.910385
0.910388
0.910391
0.910395
0.910398
0.910401
0.910405
0.910408
0.910411
0.910415
0.910418
0.910421
0.910425
0.910428
0.910431
0.910435
0.910438
0.910441
0.910445
0.910448
0.910451
0.910454
0.910458
0.910461
0.910464
0.910468
0.910471
0.910474
0.910478
0.910481
0.910484
0.910487
0.910491
0.910494
0.910497
0.910501
0.910504
0.910507
0.91051
0.910514
0.910517
0.91052
0.910524
0.910527
0.91053
0.910533
0.910537
0.91054
0.910543
0.910547
0.91055
0.910553
0.910556
0.91056
0.910563
0.910566
0.910569
0.910573
0.910576
0.910579
0.910582
0.910586
0.910589
0.910592
0.910595
0.910599
0.910602
0.910605
0.910608
0.910612
0.910615
0.910618
0.910621
0.910625
0.910628
0.910631
0.910634
0.910638
0.910641
0.910644
0.910647
0.910651
0.910654
0.910657
0.91066
0.910663
0.910667
0.91067
0.910673
0.910676
0.91068
0.910683
0.910686
0.910689
0.910692
0.910696
0.910699
0.910702
0.910705
0.910708
0.910712
0.910715
0.910718
0.910721
0.910724
0.910728
0.910731
0.910734
0.910737
0.91074
0.910744
0.910747
0.91075
0.910753
0.910756
0.91076
0.910763
0.910766
0.910769
0.910772
0.910776
0.910779
0.910782
0.910785
0.910788
0.910791
0.910795
0.910798
0.910801
0.910804
0.910807
0.91081
0.910814
0.910817
0.91082
0.910823
0.910826
0.910829
0.910833
0.910836
0.910839
0.910842
0.910845
0.910848
0.910851
0.910855
0.910858
0.910861
0.910864
0.910867
0.91087
0.910873
0.910877
0.91088
0.910883
0.910886
0.910889
0.910892
0.910895
0.910899
0.910902
0.910905
0.910908
0.910911
0.910914
0.910917
0.91092
0.910924
0.910927
0.91093
0.910933
0.910936
0.910939
0.910942
0.910945
0.910949
0.910952
0.910955
0.910958
0.910961
0.910964
0.910967
0.91097
0.910973
0.910977
0.91098
0.910983
0.910986
0.910989
0.910992
0.910995
0.910998
0.911001
0.911004
0.911007
0.911011
0.911014
0.911017
0.91102
0.911023
0.911026
0.911029
0.911032
0.911035
0.911038
0.911041
0.911044
0.911048
0.911051
0.911054
0.911057
0.91106
0.911063
0.911066
0.911069
0.911072
0.911075
0.911078
0.911081
0.911084
0.911087
0.91109
0.911093
0.911097
0.9111
0.911103
0.911106
0.911109
0.911112
0.911115
0.911118
0.911121
0.911124
0.911127
0.91113
0.911133
0.911136
0.911139
0.911142
0.911145
0.911148
0.911151
0.911154
0.911157
0.91116
0.911163
0.911166
0.911169
0.911172
0.911176
0.911179
0.911182
0.911185
0.911188
0.911191
0.911194
0.911197
0.9112
0.911203
0.911206
0.911209
0.911212
0.911215
0.911218
0.911221
0.911224
0.911227
0.91123
0.911233
0.911236
0.911239
0.911242
0.911245
0.911248
0.911251
0.911254
0.911257
0.91126
0.911263
0.911266
0.911269
0.911272
0.911275
0.911278
0.911281
0.911284
0.911287
0.91129
0.911293
0.911295
0.911298
0.911301
0.911304
0.911307
0.91131
0.911313
0.911316
0.911319
0.911322
0.911325
0.911328
0.911331
0.911334
0.911337
0.91134
0.911343
0.911346
0.911349
0.911352
0.911355
0.911358
0.911361
0.911364
0.911367
0.91137
0.911372
0.911375
0.911378
0.911381
0.911384
0.911387
0.91139
0.911393
0.911396
0.911399
0.911402
0.911405
0.911408
0.911411
0.911414
0.911417
0.911419
0.911422
0.911425
0.911428
0.911431
0.911434
0.911437
0.91144
0.911443
0.911446
0.911449
0.911452
0.911454
0.911457
0.91146
0.911463
0.911466
0.911469
0.911472
0.911475
0.911478
0.911481
0.911484
0.911486
0.911489
0.911492
0.911495
0.911498
0.911501
0.911504
0.911507
0.91151
0.911512
0.911515
0.911518
0.911521
0.911524
0.911527
0.91153
0.911533
0.911536
0.911538
0.911541
0.911544
0.911547
0.91155
0.911553
0.911556
0.911559
0.911561
0.911564
0.911567
0.91157
0.911573
0.911576
0.911579
0.911582
0.911584
0.911587
0.91159
0.911593
0.911596
0.911599
0.911602
0.911604
0.911607
0.91161
0.911613
0.911616
0.911619
0.911622
0.911624
0.911627
0.91163
0.911633
0.911636
0.911639
0.911641
0.911644
0.911647
0.91165
0.911653
0.911656
0.911658
0.911661
0.911664
0.911667
0.91167
0.911673
0.911675
0.911678
0.911681
0.911684
0.911687
0.91169
0.911692
0.911695
0.911698
0.911701
0.911704
0.911706
0.911709
0.911712
0.911715
0.911718
0.91172
0.911723
0.911726
0.911729
0.911732
0.911734
0.911737
0.91174
0.911743
0.911746
0.911748
0.911751
0.911754
0.911757
0.91176
0.911762
0.911765
0.911768
0.911771
0.911774
0.911776
0.911779
0.911782
0.911785
0.911788
0.91179
0.911793
0.911796
0.911799
0.911801
0.911804
0.911807
0.91181
0.911813
0.911815
0.911818
0.911821
0.911824
0.911826
0.911829
0.911832
0.911835
0.911837
0.91184
0.911843
0.911846
0.911848
0.911851
0.911854
0.911857
0.91186
0.911862
0.911865
0.911868
0.911871
0.911873
0.911876
0.911879
0.911882
0.911884
0.911887
0.91189
0.911892
0.911895
0.911898
0.911901
0.911903
0.911906
0.911909
0.911912
0.911914
0.911917
0.91192
0.911923
0.911925
0.911928
0.911931
0.911933
0.911936
0.911939
0.911942
0.911944
0.911947
0.91195
0.911953
0.911955
0.911958
0.911961
0.911963
0.911966
0.911969
0.911971
0.911974
0.911977
0.91198
0.911982
0.911985
0.911988
0.91199
0.911993
0.911996
0.911999
0.912001
0.912004
0.912007
0.912009
0.912012
0.912015
0.912017
0.91202
0.912023
0.912025
0.912028
0.912031
0.912034
0.912036
0.912039
0.912042
0.912044
0.912047
0.91205
0.912052
0.912055
0.912058
0.91206
0.912063
0.912066
0.912068
0.912071
0.912074
0.912076
0.912079
0.912082
0.912084
0.912087
0.91209
0.912092
0.912095
0.912098
0.9121
0.912103
0.912106
0.912108
0.912111
0.912114
0.912116
0.912119
0.912122
0.912124
0.912127
0.91213
0.912132
0.912135
0.912137
0.91214
0.912143
0.912145
0.912148
0.912151
0.912153
0.912156
0.912159
0.912161
0.912164
0.912166
0.912169
0.912172
0.912174
0.912177
0.91218
0.912182
0.912185
0.912187
0.91219
0.912193
0.912195
0.912198
0.912201
0.912203
0.912206
0.912208
0.912211
0.912214
0.912216
0.912219
0.912222
0.912224
0.912227
0.912229
0.912232
0.912235
0.912237
0.91224
0.912242
0.912245
0.912248
0.91225
0.912253
0.912255
0.912258
0.912261
0.912263
0.912266
0.912268
0.912271
0.912274
0.912276
0.912279
0.912281
0.912284
0.912286
0.912289
0.912292
0.912294
0.912297
0.912299
0.912302
0.912305
0.912307
0.91231
0.912312
0.912315
0.912317
0.91232
0.912323
0.912325
0.912328
0.91233
0.912333
0.912335
0.912338
0.912341
0.912343
0.912346
0.912348
0.912351
0.912353
0.912356
0.912358
0.912361
0.912364
0.912366
0.912369
0.912371
0.912374
0.912376
0.912379
0.912381
0.912384
0.912387
0.912389
0.912392
0.912394
0.912397
0.912399
0.912402
0.912404
0.912407
0.912409
0.912412
0.912414
0.912417
0.91242
0.912422
0.912425
0.912427
0.91243
0.912432
0.912435
0.912437
0.91244
0.912442
0.912445
0.912447
0.91245
0.912452
0.912455
0.912457
0.91246
0.912462
0.912465
0.912467
0.91247
0.912473
0.912475
0.912478
0.91248
0.912483
0.912485
0.912488
0.91249
0.912493
0.912495
0.912498
0.9125
0.912503
0.912505
0.912508
0.91251
0.912513
0.912515
0.912518
0.91252
0.912523
0.912525
0.912528
0.91253
0.912533
0.912535
0.912537
0.91254
0.912542
0.912545
0.912547
0.91255
0.912552
0.912555
0.912557
0.91256
0.912562
0.912565
0.912567
0.91257
0.912572
0.912575
0.912577
0.91258
0.912582
0.912585
0.912587
0.912589
0.912592
0.912594
0.912597
0.912599
0.912602
0.912604
0.912607
0.912609
0.912612
0.912614
0.912617
0.912619
0.912621
0.912624
0.912626
0.912629
0.912631
0.912634
0.912636
0.912639
0.912641
0.912644
0.912646
0.912648
0.912651
0.912653
0.912656
0.912658
0.912661
0.912663
0.912665
0.912668
0.91267
0.912673
0.912675
0.912678
0.91268
0.912682
0.912685
0.912687
0.91269
0.912692
0.912695
0.912697
0.912699
0.912702
0.912704
0.912707
0.912709
0.912712
0.912714
0.912716
0.912719
0.912721
0.912724
0.912726
0.912728
0.912731
0.912733
0.912736
0.912738
0.912741
0.912743
0.912745
0.912748
0.91275
0.912753
0.912755
0.912757
0.91276
0.912762
0.912765
0.912767
0.912769
0.912772
0.912774
0.912777
0.912779
0.912781
0.912784
0.912786
0.912788
0.912791
0.912793
0.912796
0.912798
