0.001
0.0131926
0.0264804
0.0399755
0.0533017
0.0662991
0.0789042
0.091098
0.102882
0.114269
0.125275
0.135917
0.146214
0.156184
0.165845
0.175212
0.184302
0.193128
0.201705
0.210046
0.218162
0.226066
0.233766
0.241274
0.248599
0.255749
0.262732
0.269557
0.276229
0.282757
0.289146
0.295403
0.301532
0.30754
0.313432
0.319211
0.324883
0.330451
0.335921
0.341295
0.346576
0.35177
0.356878
0.361903
0.366849
0.371719
0.376514
0.381238
0.385892
0.390479
0.395001
0.39946
0.403858
0.408196
0.412477
0.416702
0.420873
0.424991
0.429057
0.433074
0.437041
0.440961
0.444835
0.448663
0.452448
0.456189
0.459888
0.463546
0.467164
0.470743
0.474283
0.477785
0.481251
0.48468
0.488074
0.491433
0.494758
0.49805
0.501308
0.504535
0.50773
0.510893
0.514026
0.517129
0.520202
0.523246
0.526262
0.529249
0.532209
0.535141
0.538046
0.540924
0.543777
0.546603
0.549404
0.55218
0.554931
0.557658
0.560361
0.563039
0.565695
0.568327
0.570936
0.573522
0.576086
0.578628
0.581149
0.583647
0.586124
0.588581
0.591016
0.59343
0.595825
0.598199
0.600553
0.602887
0.605202
0.607497
0.609774
0.612031
0.61427
0.61649
0.618692
0.620875
0.623041
0.625189
0.627319
0.629431
0.631527
0.633605
0.635666
0.63771
0.639738
0.641749
0.643744
0.645723
0.647686
0.649632
0.651563
0.653478
0.655378
0.657263
0.659132
0.660986
0.662826
0.66465
0.66646
0.668255
0.670036
0.671803
0.673555
0.675294
0.677018
0.678729
0.680426
0.68211
0.68378
0.685436
0.68708
0.68871
0.690328
0.691932
0.693524
0.695103
0.696669
0.698223
0.699765
0.701294
0.702812
0.704317
0.70581
0.707292
0.708761
0.710219
0.711666
0.713101
0.714525
0.715937
0.717338
0.718728
0.720107
0.721476
0.722833
0.72418
0.725516
0.726841
0.728156
0.729461
0.730755
0.732039
0.733313
0.734577
0.735831
0.737075
0.73831
0.739534
0.740749
0.741954
0.74315
0.744336
0.745514
0.746681
0.74784
0.748989
0.75013
0.751261
0.752384
0.753498
0.754603
0.755699
0.756787
0.757866
0.758937
0.759999
0.761053
0.762098
0.763136
0.764165
0.765186
0.7662
0.767205
0.768202
0.769192
0.770174
0.771148
0.772114
0.773073
0.774024
0.774968
0.775905
0.776834
0.777756
0.778671
0.779578
0.780479
0.781372
0.782259
0.783138
0.784011
0.784876
0.785735
0.786588
0.787433
0.788272
0.789105
0.789931
0.79075
0.791564
0.79237
0.793171
0.793965
0.794753
0.795535
0.796311
0.79708
0.797844
0.798602
0.799354
0.8001
0.80084
0.801574
0.802303
0.803026
0.803744
0.804455
0.805162
0.805862
0.806558
0.807248
0.807932
0.808611
0.809285
0.809954
0.810617
0.811276
0.811929
0.812577
0.81322
0.813858
0.814492
0.81512
0.815743
0.816362
0.816975
0.817584
0.818189
0.818788
0.819383
0.819974
0.820559
0.82114
0.821717
0.822289
0.822857
0.823421
0.82398
0.824534
0.825085
0.825631
0.826173
0.826711
0.827244
0.827774
0.828299
0.82882
0.829338
0.829851
0.83036
0.830866
0.831367
0.831865
0.832359
0.832849
0.833335
0.833817
0.834296
0.834771
0.835243
0.83571
0.836175
0.836635
0.837092
0.837546
0.837996
0.838442
0.838886
0.839325
0.839762
0.840195
0.840624
0.841051
0.841474
0.841894
0.842311
0.842724
0.843134
0.843541
0.843946
0.844346
0.844744
0.845139
0.845531
0.84592
0.846306
0.846688
0.847068
0.847445
0.84782
0.848191
0.848559
0.848925
0.849288
0.849648
0.850005
0.85036
0.850712
0.851061
0.851408
0.851752
0.852093
0.852432
0.852768
0.853101
0.853432
0.853761
0.854087
0.85441
0.854731
0.85505
0.855366
0.85568
0.855992
0.856301
0.856607
0.856912
0.857214
0.857514
0.857811
0.858107
0.8584
0.858691
0.858979
0.859266
0.85955
0.859832
0.860112
0.86039
0.860666
0.86094
0.861211
0.861481
0.861749
0.862014
0.862278
0.862539
0.862799
0.863057
0.863312
0.863566
0.863818
0.864068
0.864316
0.864562
0.864807
0.86505
0.86529
0.865529
0.865766
0.866002
0.866236
0.866467
0.866698
0.866926
0.867153
0.867378
0.867601
0.867823
0.868043
0.868261
0.868478
0.868693
0.868907
0.869119
0.869329
0.869538
0.869745
0.869951
0.870155
0.870358
0.870559
0.870759
0.870957
0.871154
0.871349
0.871543
0.871735
0.871926
0.872116
0.872304
0.872491
0.872676
0.87286
0.873043
0.873224
0.873404
0.873583
0.87376
0.873937
0.874111
0.874285
0.874457
0.874628
0.874798
0.874966
0.875133
0.875299
0.875464
0.875628
0.87579
0.875951
0.876111
0.87627
0.876428
0.876584
0.87674
0.876894
0.877047
0.877199
0.87735
0.8775
0.877648
0.877796
0.877943
0.878088
0.878233
0.878376
0.878518
0.87866
0.8788
0.878939
0.879078
0.879215
0.879351
0.879487
0.879621
0.879754
0.879887
0.880018
0.880149
0.880278
0.880407
0.880535
0.880662
0.880788
0.880913
0.881037
0.88116
0.881282
0.881404
0.881524
0.881644
0.881763
0.881881
0.881998
0.882115
0.88223
0.882345
0.882459
0.882572
0.882684
0.882796
0.882906
0.883016
0.883126
0.883234
0.883342
0.883448
0.883555
0.88366
0.883764
0.883868
0.883972
0.884074
0.884176
0.884277
0.884377
0.884477
0.884575
0.884674
0.884771
0.884868
0.884964
0.88506
0.885155
0.885249
0.885342
0.885435
0.885527
0.885619
0.88571
0.8858
0.88589
0.885979
0.886067
0.886155
0.886243
0.886329
0.886415
0.886501
0.886586
0.88667
0.886754
0.886837
0.886919
0.887001
0.887083
0.887164
0.887244
0.887324
0.887403
0.887482
0.88756
0.887637
0.887715
0.887791
0.887867
0.887943
0.888018
0.888092
0.888166
0.88824
0.888313
0.888386
0.888458
0.888529
0.8886
0.888671
0.888741
0.888811
0.88888
0.888949
0.889017
0.889085
0.889152
0.889219
0.889286
0.889352
0.889417
0.889483
0.889547
0.889612
0.889676
0.889739
0.889802
0.889865
0.889927
0.889989
0.89005
0.890111
0.890172
0.890232
0.890292
0.890352
0.890411
0.890469
0.890528
0.890585
0.890643
0.8907
0.890757
0.890813
0.890869
0.890925
0.890981
0.891036
0.89109
0.891144
0.891198
0.891252
0.891305
0.891358
0.891411
0.891463
0.891515
0.891567
0.891618
0.891669
0.891719
0.89177
0.89182
0.891869
0.891919
0.891968
0.892016
0.892065
0.892113
0.892161
0.892208
0.892255
0.892302
0.892349
0.892395
0.892441
0.892487
0.892533
0.892578
0.892623
0.892668
0.892712
0.892756
0.8928
0.892843
0.892887
0.89293
0.892973
0.893015
0.893057
0.893099
0.893141
0.893183
0.893224
0.893265
0.893306
0.893346
0.893386
0.893426
0.893466
0.893506
0.893545
0.893584
0.893623
0.893661
0.8937
0.893738
0.893776
0.893814
0.893851
0.893888
0.893925
0.893962
0.893999
0.894035
0.894071
0.894107
0.894143
0.894178
0.894214
0.894249
0.894284
0.894319
0.894353
0.894387
0.894422
0.894456
0.894489
0.894523
0.894556
0.894589
0.894622
0.894655
0.894688
0.89472
0.894752
0.894784
0.894816
0.894848
0.894879
0.894911
0.894942
0.894973
0.895004
0.895034
0.895065
0.895095
0.895125
0.895155
0.895185
0.895215
0.895244
0.895273
0.895303
0.895332
0.89536
0.895389
0.895418
0.895446
0.895474
0.895502
0.89553
0.895558
0.895585
0.895613
0.89564
0.895667
0.895694
0.895721
0.895748
0.895775
0.895801
0.895827
0.895853
0.895879
0.895905
0.895931
0.895957
0.895982
0.896008
0.896033
0.896058
0.896083
0.896108
0.896132
0.896157
0.896181
0.896206
0.89623
0.896254
0.896278
0.896302
0.896325
0.896349
0.896373
0.896396
0.896419
0.896442
0.896465
0.896488
0.896511
0.896533
0.896556
0.896578
0.896601
0.896623
0.896645
0.896667
0.896689
0.896711
0.896732
0.896754
0.896775
0.896797
0.896818
0.896839
0.89686
0.896881
0.896902
0.896923
0.896943
0.896964
0.896984
0.897005
0.897025
0.897045
0.897065
0.897085
0.897105
0.897125
0.897144
0.897164
0.897184
0.897203
0.897222
0.897241
0.897261
0.89728
0.897299
0.897317
0.897336
0.897355
0.897374
0.897392
0.897411
0.897429
0.897447
0.897465
0.897484
0.897502
0.89752
0.897537
0.897555
0.897573
0.897591
0.897608
0.897626
0.897643
0.89766
0.897678
0.897695
0.897712
0.897729
0.897746
0.897763
0.89778
0.897796
0.897813
0.89783
0.897846
0.897863
0.897879
0.897895
0.897911
0.897928
0.897944
0.89796
0.897976
0.897992
0.898007
0.898023
0.898039
0.898055
0.89807
0.898086
0.898101
0.898117
0.898132
0.898147
0.898162
0.898177
0.898193
0.898208
0.898222
0.898237
0.898252
0.898267
0.898282
0.898296
0.898311
0.898325
0.89834
0.898354
0.898369
0.898383
0.898397
0.898412
0.898426
0.89844
0.898454
0.898468
0.898482
0.898496
0.898509
0.898523
0.898537
0.898551
0.898564
0.898578
0.898591
0.898605
0.898618
0.898631
0.898645
0.898658
0.898671
0.898684
0.898698
0.898711
0.898724
0.898737
0.89875
0.898762
0.898775
0.898788
0.898801
0.898813
0.898826
0.898839
0.898851
0.898864
0.898876
0.898889
0.898901
0.898913
0.898926
0.898938
0.89895
0.898962
0.898974
0.898986
0.898998
0.89901
0.899022
0.899034
0.899046
0.899058
0.89907
0.899081
0.899093
0.899105
0.899116
0.899128
0.89914
0.899151
0.899163
0.899174
0.899185
0.899197
0.899208
0.899219
0.899231
0.899242
0.899253
0.899264
0.899275
0.899286
0.899297
0.899308
0.899319
0.89933
0.899341
0.899352
0.899363
0.899374
0.899384
0.899395
0.899406
0.899416
0.899427
0.899438
0.899448
0.899459
0.899469
0.89948
0.89949
0.8995
0.899511
0.899521
0.899531
0.899542
0.899552
0.899562
0.899572
0.899582
0.899592
0.899602
0.899613
0.899623
0.899633
0.899642
0.899652
0.899662
0.899672
0.899682
0.899692
0.899702
0.899711
0.899721
0.899731
0.89974
0.89975
0.89976
0.899769
0.899779
0.899788
0.899798
0.899807
0.899817
0.899826
0.899836
0.899845
0.899854
0.899864
0.899873
0.899882
0.899891
0.899901
0.89991
0.899919
0.899928
0.899937
0.899946
0.899955
0.899964
0.899974
0.899983
0.899991
0.9
0.900009
0.900018
0.900027
0.900036
0.900045
0.900054
0.900062
0.900071
0.90008
0.900089
0.900097
0.900106
0.900115
0.900123
0.900132
0.90014
0.900149
0.900157
0.900166
0.900174
0.900183
0.900191
0.9002
0.900208
0.900217
0.900225
0.900233
0.900242
0.90025
0.900258
0.900266
0.900275
0.900283
0.900291
0.900299
0.900307
0.900315
0.900324
0.900332
0.90034
0.900348
0.900356
0.900364
0.900372
0.90038
0.900388
0.900396
0.900404
0.900412
0.900419
0.900427
0.900435
0.900443
0.900451
0.900459
0.900466
0.900474
0.900482
0.90049
0.900497
0.900505
0.900513
0.90052
0.900528
0.900536
0.900543
0.900551
0.900558
0.900566
0.900573
0.900581
0.900588
0.900596
0.900603
0.900611
0.900618
0.900626
0.900633
0.90064
0.900648
0.900655
0.900662
0.90067
0.900677
0.900684
0.900691
0.900699
0.900706
0.900713
0.90072
0.900728
0.900735
0.900742
0.900749
0.900756
0.900763
0.90077
0.900777
0.900784
0.900792
0.900799
0.900806
0.900813
0.90082
0.900827
0.900834
0.90084
0.900847
0.900854
0.900861
0.900868
0.900875
0.900882
0.900889
0.900896
0.900902
0.900909
0.900916
0.900923
0.900929
0.900936
0.900943
0.90095
0.900956
0.900963
0.90097
0.900976
0.900983
0.90099
0.900996
0.901003
0.90101
0.901016
0.901023
0.901029
0.901036
0.901042
0.901049
0.901055
0.901062
0.901068
0.901075
0.901081
0.901088
0.901094
0.901101
0.901107
0.901113
0.90112
0.901126
0.901133
0.901139
0.901145
0.901152
0.901158
0.901164
0.90117
0.901177
0.901183
0.901189
0.901195
0.901202
0.901208
0.901214
0.90122
0.901227
0.901233
0.901239
0.901245
0.901251
0.901257
0.901263
0.901269
0.901276
0.901282
0.901288
0.901294
0.9013
0.901306
0.901312
0.901318
0.901324
0.90133
0.901336
0.901342
0.901348
0.901354
0.90136
0.901366
0.901372
0.901378
0.901383
0.901389
0.901395
0.901401
0.901407
0.901413
0.901419
0.901424
0.90143
0.901436
0.901442
0.901448
0.901453
0.901459
0.901465
0.901471
0.901476
0.901482
0.901488
0.901494
0.901499
0.901505
0.901511
0.901516
0.901522
0.901528
0.901533
0.901539
0.901544
0.90155
0.901556
0.901561
0.901567
0.901572
0.901578
0.901584
0.901589
0.901595
0.9016
0.901606
0.901611
0.901617
0.901622
0.901628
0.901633
0.901639
0.901644
0.901649
0.901655
0.90166
0.901666
0.901671
0.901677
0.901682
0.901687
0.901693
0.901698
0.901703
0.901709
0.901714
0.901719
0.901725
0.90173
0.901735
0.901741
0.901746
0.901751
0.901756
0.901762
0.901767
0.901772
0.901777
0.901783
0.901788
0.901793
0.901798
0.901803
0.901809
0.901814
0.901819
0.901824
0.901829
0.901834
0.90184
0.901845
0.90185
0.901855
0.90186
0.901865
0.90187
0.901875
0.90188
0.901885
0.901891
0.901896
0.901901
0.901906
0.901911
0.901916
0.901921
0.901926
0.901931
0.901936
0.901941
0.901946
0.901951
0.901956
0.901961
0.901965
0.90197
0.901975
0.90198
0.901985
0.90199
0.901995
0.902
0.902005
0.90201
0.902014
0.902019
0.902024
0.902029
0.902034
0.902039
0.902044
0.902048
0.902053
0.902058
0.902063
0.902068
0.902072
0.902077
0.902082
0.902087
0.902091
0.902096
0.902101
0.902106
0.90211
0.902115
0.90212
0.902124
0.902129
0.902134
0.902138
0.902143
0.902148
0.902152
0.902157
0.902162
0.902166
0.902171
0.902176
0.90218
0.902185
0.90219
0.902194
0.902199
0.902203
0.902208
0.902212
0.902217
0.902222
0.902226
0.902231
0.902235
0.90224
0.902244
0.902249
0.902253
0.902258
0.902262
0.902267
0.902271
0.902276
0.90228
0.902285
0.902289
0.902294
0.902298
0.902303
0.902307
0.902311
0.902316
0.90232
0.902325
0.902329
0.902334
0.902338
0.902342
0.902347
0.902351
0.902355
0.90236
0.902364
0.902369
0.902373
0.902377
0.902382
0.902386
0.90239
0.902395
0.902399
0.902403
0.902407
0.902412
0.902416
0.90242
0.902425
0.902429
0.902433
0.902437
0.902442
0.902446
0.90245
0.902454
0.902459
0.902463
0.902467
0.902471
0.902475
0.90248
0.902484
0.902488
0.902492
0.902496
0.902501
0.902505
0.902509
0.902513
0.902517
0.902521
0.902525
0.90253
0.902534
0.902538
0.902542
0.902546
0.90255
0.902554
0.902558
0.902562
0.902567
0.902571
0.902575
0.902579
0.902583
0.902587
0.902591
0.902595
0.902599
0.902603
0.902607
0.902611
0.902615
0.902619
0.902623
0.902627
0.902631
0.902635
0.902639
0.902643
0.902647
0.902651
0.902655
0.902659
0.902663
0.902667
0.902671
0.902675
0.902679
0.902683
0.902687
0.90269
0.902694
0.902698
0.902702
0.902706
0.90271
0.902714
0.902718
0.902722
0.902725
0.902729
0.902733
0.902737
0.902741
0.902745
0.902749
0.902752
0.902756
0.90276
0.902764
0.902768
0.902772
0.902775
0.902779
0.902783
0.902787
0.90279
0.902794
0.902798
0.902802
0.902806
0.902809
0.902813
0.902817
0.902821
0.902824
0.902828
0.902832
0.902836
0.902839
0.902843
0.902847
0.90285
0.902854
0.902858
0.902862
0.902865
0.902869
0.902873
0.902876
0.90288
0.902884
0.902887
0.902891
0.902895
0.902898
0.902902
0.902905
0.902909
0.902913
0.902916
0.90292
0.902924
0.902927
0.902931
0.902934
0.902938
0.902942
0.902945
0.902949
0.902952
0.902956
0.90296
0.902963
0.902967
0.90297
0.902974
0.902977
0.902981
0.902984
0.902988
0.902991
0.902995
0.902999
0.903002
0.903006
0.903009
0.903013
0.903016
0.90302
0.903023
0.903027
0.90303
0.903034
0.903037
0.90304
0.903044
0.903047
0.903051
0.903054
0.903058
0.903061
0.903065
0.903068
0.903071
0.903075
0.903078
0.903082
0.903085
0.903089
0.903092
0.903095
0.903099
0.903102
0.903106
0.903109
0.903112
0.903116
0.903119
0.903122
0.903126
0.903129
0.903133
0.903136
0.903139
0.903143
0.903146
0.903149
0.903153
0.903156
0.903159
0.903163
0.903166
0.903169
0.903172
0.903176
0.903179
0.903182
0.903186
0.903189
0.903192
0.903196
0.903199
0.903202
0.903205
0.903209
0.903212
0.903215
0.903218
0.903222
0.903225
0.903228
0.903231
0.903235
0.903238
0.903241
0.903244
0.903247
0.903251
0.903254
0.903257
0.90326
0.903263
0.903267
0.90327
0.903273
0.903276
0.903279
0.903283
0.903286
0.903289
0.903292
0.903295
0.903298
0.903302
0.903305
0.903308
0.903311
0.903314
0.903317
0.90332
0.903324
0.903327
0.90333
0.903333
0.903336
0.903339
0.903342
0.903345
0.903348
0.903351
0.903355
0.903358
0.903361
0.903364
0.903367
0.90337
0.903373
0.903376
0.903379
0.903382
0.903385
0.903388
0.903391
0.903394
0.903397
0.9034
0.903403
0.903407
0.90341
0.903413
0.903416
0.903419
0.903422
0.903425
0.903428
0.903431
0.903434
0.903437
0.90344
0.903443
0.903446
0.903449
0.903452
0.903454
0.903457
0.90346
0.903463
0.903466
0.903469
0.903472
0.903475
0.903478
0.903481
0.903484
0.903487
0.90349
0.903493
0.903496
0.903499
0.903502
0.903504
0.903507
0.90351
0.903513
0.903516
0.903519
0.903522
0.903525
0.903528
0.903531
0.903533
0.903536
0.903539
0.903542
0.903545
0.903548
0.903551
0.903553
0.903556
0.903559
0.903562
0.903565
0.903568
0.903571
0.903573
0.903576
0.903579
0.903582
0.903585
0.903587
0.90359
0.903593
0.903596
0.903599
0.903602
0.903604
0.903607
0.90361
0.903613
0.903615
0.903618
0.903621
0.903624
0.903627
0.903629
0.903632
0.903635
0.903638
0.90364
0.903643
0.903646
0.903649
0.903651
0.903654
0.903657
0.90366
0.903662
0.903665
0.903668
0.90367
0.903673
0.903676
0.903679
0.903681
0.903684
0.903687
0.903689
0.903692
0.903695
0.903698
0.9037
0.903703
0.903706
0.903708
0.903711
0.903714
0.903716
0.903719
0.903722
0.903724
0.903727
0.90373
0.903732
0.903735
0.903738
0.90374
0.903743
0.903745
0.903748
0.903751
0.903753
0.903756
0.903759
0.903761
0.903764
0.903766
0.903769
0.903772
0.903774
0.903777
0.903779
0.903782
0.903785
0.903787
0.90379
0.903792
0.903795
0.903798
0.9038
0.903803
0.903805
0.903808
0.90381
0.903813
0.903816
0.903818
0.903821
0.903823
0.903826
0.903828
0.903831
0.903833
0.903836
0.903838
0.903841
0.903844
0.903846
0.903849
0.903851
0.903854
0.903856
0.903859
0.903861
0.903864
0.903866
0.903869
0.903871
0.903874
0.903876
0.903879
0.903881
0.903884
0.903886
0.903889
0.903891
0.903893
0.903896
0.903898
0.903901
0.903903
0.903906
0.903908
0.903911
0.903913
0.903916
0.903918
0.90392
0.903923
0.903925
0.903928
0.90393
0.903933
0.903935
0.903938
0.90394
0.903942
0.903945
0.903947
0.90395
0.903952
0.903954
0.903957
0.903959
0.903962
0.903964
0.903966
0.903969
0.903971
0.903974
0.903976
0.903978
0.903981
0.903983
0.903985
0.903988
0.90399
0.903993
0.903995
0.903997
0.904
0.904002
0.904004
0.904007
0.904009
0.904011
0.904014
0.904016
0.904018
0.904021
0.904023
0.904025
0.904028
0.90403
0.904032
0.904035
0.904037
0.904039
0.904042
0.904044
0.904046
0.904048
0.904051
0.904053
0.904055
0.904058
0.90406
0.904062
0.904065
0.904067
0.904069
0.904071
0.904074
0.904076
0.904078
0.90408
0.904083
0.904085
0.904087
0.90409
0.904092
0.904094
0.904096
0.904099
0.904101
0.904103
0.904105
0.904108
0.90411
0.904112
0.904114
0.904116
0.904119
0.904121
0.904123
0.904125
0.904128
0.90413
0.904132
0.904134
0.904136
0.904139
0.904141
0.904143
0.904145
0.904147
0.90415
0.904152
0.904154
0.904156
0.904158
0.904161
0.904163
0.904165
0.904167
0.904169
0.904171
0.904174
0.904176
0.904178
0.90418
0.904182
0.904184
0.904187
0.904189
0.904191
0.904193
0.904195
0.904197
0.904199
0.904202
0.904204
0.904206
0.904208
0.90421
0.904212
0.904214
0.904216
0.904219
0.904221
0.904223
0.904225
0.904227
0.904229
0.904231
0.904233
0.904235
0.904238
0.90424
0.904242
0.904244
0.904246
0.904248
0.90425
0.904252
0.904254
0.904256
0.904258
0.904261
0.904263
0.904265
0.904267
0.904269
0.904271
0.904273
0.904275
0.904277
0.904279
0.904281
0.904283
0.904285
0.904287
0.904289
0.904291
0.904293
0.904296
0.904298
0.9043
0.904302
0.904304
0.904306
0.904308
0.90431
0.904312
0.904314
0.904316
0.904318
0.90432
0.904322
0.904324
0.904326
0.904328
0.90433
0.904332
0.904334
0.904336
0.904338
0.90434
0.904342
0.904344
0.904346
0.904348
0.90435
0.904352
0.904354
0.904356
0.904358
0.90436
0.904362
0.904364
0.904366
0.904368
0.90437
0.904371
0.904373
0.904375
0.904377
0.904379
0.904381
0.904383
0.904385
0.904387
0.904389
0.904391
0.904393
0.904395
0.904397
0.904399
0.904401
0.904403
0.904404
0.904406
0.904408
0.90441
0.904412
0.904414
0.904416
0.904418
0.90442
0.904422
0.904424
0.904426
0.904427
0.904429
0.904431
0.904433
0.904435
0.904437
0.904439
0.904441
0.904443
0.904444
0.904446
0.904448
0.90445
0.904452
0.904454
0.904456
0.904458
0.90446
0.904461
0.904463
0.904465
0.904467
0.904469
0.904471
0.904473
0.904474
0.904476
0.904478
0.90448
0.904482
0.904484
0.904485
0.904487
0.904489
0.904491
0.904493
0.904495
0.904497
0.904498
0.9045
0.904502
0.904504
0.904506
0.904507
0.904509
0.904511
0.904513
0.904515
0.904517
0.904518
0.90452
0.904522
0.904524
0.904526
0.904527
0.904529
0.904531
0.904533
0.904535
0.904536
0.904538
0.90454
0.904542
0.904543
0.904545
0.904547
0.904549
0.904551
0.904552
0.904554
0.904556
0.904558
0.904559
0.904561
0.904563
0.904565
0.904567
0.904568
0.90457
0.904572
0.904574
0.904575
0.904577
0.904579
0.904581
0.904582
0.904584
0.904586
0.904588
0.904589
0.904591
0.904593
0.904594
0.904596
0.904598
0.9046
0.904601
0.904603
0.904605
0.904607
0.904608
0.90461
0.904612
0.904613
0.904615
0.904617
0.904619
0.90462
0.904622
0.904624
0.904625
0.904627
0.904629
0.90463
0.904632
0.904634
0.904636
0.904637
0.904639
0.904641
0.904642
0.904644
0.904646
0.904647
0.904649
0.904651
0.904652
0.904654
0.904656
0.904657
0.904659
0.904661
0.904662
0.904664
0.904666
0.904667
0.904669
0.904671
0.904672
0.904674
0.904676
0.904677
0.904679
0.904681
0.904682
0.904684
0.904685
0.904687
0.904689
0.90469
0.904692
0.904694
0.904695
0.904697
0.904699
0.9047
0.904702
0.904703
0.904705
0.904707
0.904708
0.90471
0.904712
0.904713
0.904715
0.904716
0.904718
0.90472
0.904721
0.904723
0.904724
0.904726
0.904728
0.904729
0.904731
0.904732
0.904734
0.904736
0.904737
0.904739
0.90474
0.904742
0.904744
0.904745
0.904747
0.904748
0.90475
0.904751
0.904753
0.904755
0.904756
0.904758
0.904759
0.904761
0.904762
0.904764
0.904766
0.904767
0.904769
0.90477
0.904772
0.904773
0.904775
0.904776
0.904778
0.90478
0.904781
0.904783
0.904784
0.904786
0.904787
0.904789
0.90479
0.904792
0.904793
0.904795
0.904796
0.904798
0.904799
0.904801
0.904803
0.904804
0.904806
0.904807
0.904809
0.90481
0.904812
0.904813
0.904815
0.904816
0.904818
0.904819
0.904821
0.904822
0.904824
0.904825
0.904827
0.904828
0.90483
0.904831
0.904833
0.904834
0.904836
0.904837
0.904839
0.90484
0.904842
0.904843
0.904845
0.904846
0.904848
0.904849
0.904851
0.904852
0.904854
0.904855
0.904856
0.904858
0.904859
0.904861
0.904862
0.904864
0.904865
0.904867
0.904868
0.90487
0.904871
0.904873
0.904874
0.904876
0.904877
0.904878
0.90488
0.904881
0.904883
0.904884
0.904886
0.904887
0.904889
0.90489
0.904891
0.904893
0.904894
0.904896
0.904897
0.904899
0.9049
0.904901
0.904903
0.904904
0.904906
0.904907
0.904909
0.90491
0.904911
0.904913
0.904914
0.904916
0.904917
0.904918
0.90492
0.904921
0.904923
0.904924
0.904926
0.904927
0.904928
0.90493
0.904931
0.904933
0.904934
0.904935
0.904937
0.904938
0.90494
0.904941
0.904942
0.904944
0.904945
0.904946
0.904948
0.904949
0.904951
0.904952
0.904953
0.904955
0.904956
0.904957
0.904959
0.90496
0.904962
0.904963
0.904964
0.904966
0.904967
0.904968
0.90497
0.904971
0.904973
0.904974
0.904975
0.904977
0.904978
0.904979
0.904981
0.904982
0.904983
0.904985
0.904986
0.904987
0.904989
0.90499
0.904991
0.904993
0.904994
0.904995
0.904997
0.904998
0.904999
0.905001
0.905002
0.905003
0.905005
0.905006
0.905007
0.905009
0.90501
0.905011
0.905013
0.905014
0.905015
0.905017
0.905018
0.905019
0.905021
0.905022
0.905023
0.905025
0.905026
0.905027
0.905029
0.90503
0.905031
0.905032
0.905034
0.905035
0.905036
0.905038
0.905039
0.90504
0.905042
0.905043
0.905044
0.905045
0.905047
0.905048
0.905049
0.905051
0.905052
0.905053
0.905054
0.905056
0.905057
0.905058
0.90506
0.905061
0.905062
0.905063
0.905065
0.905066
0.905067
0.905068
0.90507
0.905071
0.905072
0.905073
0.905075
0.905076
0.905077
0.905079
0.90508
0.905081
0.905082
0.905084
0.905085
0.905086
0.905087
0.905089
0.90509
0.905091
0.905092
0.905094
0.905095
0.905096
0.905097
0.905099
0.9051
0.905101
0.905102
0.905103
0.905105
0.905106
0.905107
0.905108
0.90511
0.905111
0.905112
0.905113
0.905115
0.905116
0.905117
0.905118
0.905119
0.905121
0.905122
0.905123
0.905124
0.905126
0.905127
0.905128
0.905129
0.90513
0.905132
0.905133
0.905134
0.905135
0.905136
0.905138
0.905139
0.90514
0.905141
0.905142
0.905144
0.905145
0.905146
0.905147
0.905148
0.90515
0.905151
0.905152
0.905153
0.905154
0.905156
0.905157
0.905158
0.905159
0.90516
0.905161
0.905163
0.905164
0.905165
0.905166
0.905167
0.905169
0.90517
0.905171
0.905172
0.905173
0.905174
0.905176
0.905177
0.905178
0.905179
0.90518
0.905181
0.905183
0.905184
0.905185
0.905186
0.905187
0.905188
0.905189
0.905191
0.905192
0.905193
0.905194
0.905195
0.905196
0.905198
0.905199
0.9052
0.905201
0.905202
0.905203
0.905204
0.905206
0.905207
0.905208
0.905209
0.90521
0.905211
0.905212
0.905213
0.905215
0.905216
0.905217
0.905218
0.905219
0.90522
0.905221
0.905222
0.905224
0.905225
0.905226
0.905227
0.905228
0.905229
0.90523
0.905231
0.905233
0.905234
0.905235
0.905236
0.905237
0.905238
0.905239
0.90524
0.905241
0.905243
0.905244
0.905245
0.905246
0.905247
0.905248
0.905249
0.90525
0.905251
0.905252
0.905254
0.905255
0.905256
0.905257
0.905258
0.905259
0.90526
0.905261
0.905262
0.905263
0.905264
0.905266
0.905267
0.905268
0.905269
0.90527
0.905271
0.905272
0.905273
0.905274
0.905275
0.905276
0.905277
0.905278
0.90528
0.905281
0.905282
0.905283
0.905284
0.905285
0.905286
0.905287
0.905288
0.905289
0.90529
0.905291
0.905292
0.905293
0.905294
0.905295
0.905297
0.905298
0.905299
0.9053
0.905301
0.905302
0.905303
0.905304
0.905305
0.905306
0.905307
0.905308
0.905309
0.90531
0.905311
0.905312
0.905313
0.905314
0.905315
0.905316
0.905317
0.905318
0.905319
0.905321
0.905322
0.905323
0.905324
0.905325
0.905326
0.905327
0.905328
0.905329
0.90533
0.905331
0.905332
0.905333
0.905334
0.905335
0.905336
0.905337
0.905338
0.905339
0.90534
0.905341
0.905342
0.905343
0.905344
0.905345
0.905346
0.905347
0.905348
0.905349
0.90535
0.905351
0.905352
0.905353
0.905354
0.905355
0.905356
0.905357
0.905358
0.905359
0.90536
0.905361
0.905362
0.905363
0.905364
0.905365
0.905366
0.905367
0.905368
0.905369
0.90537
0.905371
0.905372
0.905373
0.905374
0.905375
0.905376
0.905377
0.905378
0.905379
0.90538
0.905381
0.905382
0.905383
0.905384
0.905385
0.905386
0.905387
0.905388
0.905389
0.90539
0.905391
0.905392
0.905392
0.905393
0.905394
0.905395
0.905396
0.905397
0.905398
0.905399
0.9054
0.905401
0.905402
0.905403
0.905404
0.905405
0.905406
0.905407
0.905408
0.905409
0.90541
0.905411
0.905412
0.905413
0.905414
0.905414
0.905415
0.905416
0.905417
0.905418
0.905419
0.90542
0.905421
0.905422
0.905423
0.905424
0.905425
0.905426
0.905427
0.905428
0.905429
0.90543
0.90543
0.905431
0.905432
0.905433
0.905434
0.905435
0.905436
0.905437
0.905438
0.905439
0.90544
0.905441
0.905442
0.905442
0.905443
0.905444
0.905445
0.905446
0.905447
0.905448
0.905449
0.90545
0.905451
0.905452
0.905453
0.905453
0.905454
0.905455
0.905456
0.905457
0.905458
0.905459
0.90546
0.905461
0.905462
0.905463
0.905463
0.905464
0.905465
0.905466
0.905467
0.905468
0.905469
0.90547
0.905471
0.905472
0.905472
0.905473
0.905474
0.905475
0.905476
0.905477
0.905478
0.905479
0.90548
0.90548
0.905481
0.905482
0.905483
0.905484
0.905485
0.905486
0.905487
0.905488
0.905488
0.905489
0.90549
0.905491
0.905492
0.905493
0.905494
0.905495
0.905495
0.905496
0.905497
0.905498
0.905499
0.9055
0.905501
0.905502
0.905502
0.905503
0.905504
0.905505
0.905506
0.905507
0.905508
0.905508
0.905509
0.90551
0.905511
0.905512
0.905513
0.905514
0.905514
0.905515
0.905516
0.905517
0.905518
0.905519
0.90552
0.90552
0.905521
0.905522
0.905523
0.905524
0.905525
0.905525
0.905526
0.905527
0.905528
0.905529
0.90553
0.905531
0.905531
0.905532
0.905533
0.905534
0.905535
0.905536
0.905536
0.905537
0.905538
0.905539
0.90554
0.905541
0.905541
0.905542
0.905543
0.905544
0.905545
0.905546
0.905546
0.905547
0.905548
0.905549
0.90555
0.905551
0.905551
0.905552
0.905553
0.905554
0.905555
0.905555
0.905556
0.905557
0.905558
0.905559
0.90556
0.90556
0.905561
0.905562
0.905563
0.905564
0.905564
0.905565
0.905566
0.905567
0.905568
0.905568
0.905569
0.90557
0.905571
0.905572
0.905573
0.905573
0.905574
0.905575
0.905576
0.905577
0.905577
0.905578
0.905579
0.90558
0.905581
0.905581
0.905582
0.905583
0.905584
0.905584
0.905585
0.905586
0.905587
0.905588
0.905588
0.905589
0.90559
0.905591
0.905592
0.905592
0.905593
0.905594
0.905595
0.905596
0.905596
0.905597
0.905598
0.905599
0.905599
0.9056
0.905601
0.905602
0.905603
0.905603
0.905604
0.905605
0.905606
0.905606
0.905607
0.905608
0.905609
0.90561
0.90561
0.905611
0.905612
0.905613
0.905613
0.905614
0.905615
0.905616
0.905616
0.905617
0.905618
0.905619
0.905619
0.90562
0.905621
0.905622
0.905623
0.905623
0.905624
0.905625
0.905626
0.905626
0.905627
0.905628
0.905629
0.905629
0.90563
0.905631
0.905632
0.905632
0.905633
0.905634
0.905635
0.905635
0.905636
0.905637
0.905638
0.905638
0.905639
0.90564
0.905641
0.905641
0.905642
0.905643
0.905644
0.905644
0.905645
0.905646
0.905646
0.905647
0.905648
0.905649
0.905649
0.90565
0.905651
0.905652
0.905652
0.905653
0.905654
0.905655
0.905655
0.905656
0.905657
0.905657
0.905658
0.905659
0.90566
0.90566
0.905661
0.905662
0.905663
0.905663
0.905664
0.905665
0.905665
0.905666
0.905667
0.905668
0.905668
0.905669
0.90567
0.90567
0.905671
0.905672
0.905673
0.905673
0.905674
0.905675
0.905675
0.905676
0.905677
0.905678
0.905678
0.905679
0.90568
0.90568
0.905681
0.905682
0.905683
0.905683
0.905684
0.905685
0.905685
0.905686
0.905687
0.905687
0.905688
0.905689
0.90569
0.90569
0.905691
0.905692
0.905692
0.905693
0.905694
0.905694
0.905695
0.905696
0.905697
0.905697
0.905698
0.905699
0.905699
0.9057
0.905701
0.905701
0.905702
0.905703
0.905703
0.905704
0.905705
0.905706
0.905706
0.905707
0.905708
0.905708
0.905709
0.90571
0.90571
0.905711
0.905712
0.905712
0.905713
0.905714
0.905714
0.905715
0.905716
0.905716
0.905717
0.905718
0.905718
0.905719
0.90572
0.90572
0.905721
0.905722
0.905722
0.905723
0.905724
0.905724
0.905725
0.905726
0.905726
0.905727
0.905728
0.905728
0.905729
0.90573
0.90573
0.905731
0.905732
0.905732
0.905733
0.905734
0.905734
0.905735
0.905736
0.905736
0.905737
0.905738
0.905738
0.905739
0.90574
0.90574
0.905741
0.905742
0.905742
0.905743
0.905744
0.905744
0.905745
0.905746
0.905746
0.905747
0.905748
0.905748
0.905749
0.905749
0.90575
0.905751
0.905751
0.905752
0.905753
0.905753
0.905754
0.905755
0.905755
0.905756
0.905757
0.905757
0.905758
0.905758
0.905759
0.90576
0.90576
0.905761
0.905762
0.905762
0.905763
0.905764
0.905764
0.905765
0.905765
0.905766
0.905767
0.905767
0.905768
0.905769
0.905769
0.90577
0.90577
0.905771
0.905772
0.905772
0.905773
0.905774
0.905774
0.905775
0.905775
0.905776
0.905777
0.905777
0.905778
0.905779
0.905779
0.90578
0.90578
0.905781
0.905782
0.905782
0.905783
0.905784
0.905784
0.905785
0.905785
0.905786
0.905787
0.905787
0.905788
0.905788
0.905789
0.90579
0.90579
0.905791
0.905792
0.905792
0.905793
0.905793
0.905794
0.905795
0.905795
0.905796
0.905796
0.905797
0.905798
0.905798
0.905799
0.905799
0.9058
0.905801
0.905801
0.905802
0.905802
0.905803
0.905804
0.905804
0.905805
0.905805
0.905806
0.905807
0.905807
0.905808
0.905808
0.905809
0.90581
0.90581
0.905811
0.905811
0.905812
0.905813
0.905813
0.905814
0.905814
0.905815
0.905815
0.905816
0.905817
0.905817
0.905818
0.905818
0.905819
0.90582
0.90582
0.905821
0.905821
0.905822
0.905823
0.905823
0.905824
0.905824
0.905825
0.905825
0.905826
0.905827
0.905827
0.905828
0.905828
0.905829
0.905829
0.90583
0.905831
0.905831
0.905832
0.905832
0.905833
0.905833
0.905834
0.905835
0.905835
0.905836
0.905836
0.905837
0.905837
0.905838
0.905839
0.905839
0.90584
0.90584
0.905841
0.905841
0.905842
0.905843
0.905843
0.905844
0.905844
0.905845
0.905845
0.905846
0.905847
0.905847
0.905848
0.905848
0.905849
0.905849
0.90585
0.90585
0.905851
0.905852
0.905852
0.905853
0.905853
0.905854
0.905854
0.905855
0.905855
0.905856
0.905857
0.905857
0.905858
0.905858
0.905859
0.905859
0.90586
0.90586
0.905861
0.905862
0.905862
0.905863
0.905863
0.905864
0.905864
0.905865
0.905865
0.905866
0.905866
0.905867
0.905868
0.905868
0.905869
0.905869
0.90587
0.90587
0.905871
0.905871
0.905872
0.905872
0.905873
0.905873
0.905874
0.905875
0.905875
0.905876
0.905876
0.905877
0.905877
0.905878
0.905878
0.905879
0.905879
0.90588
0.90588
0.905881
0.905882
0.905882
0.905883
0.905883
0.905884
0.905884
0.905885
0.905885
0.905886
0.905886
0.905887
0.905887
0.905888
0.905888
0.905889
0.905889
0.90589
0.90589
0.905891
0.905892
0.905892
0.905893
0.905893
0.905894
0.905894
0.905895
0.905895
0.905896
0.905896
0.905897
0.905897
0.905898
0.905898
0.905899
0.905899
0.9059
0.9059
0.905901
0.905901
0.905902
0.905902
0.905903
0.905903
0.905904
0.905904
0.905905
0.905905
0.905906
0.905906
0.905907
0.905907
0.905908
0.905909
0.905909
0.90591
0.90591
0.905911
0.905911
0.905912
0.905912
0.905913
0.905913
0.905914
0.905914
0.905915
0.905915
0.905916
0.905916
0.905917
0.905917
0.905918
0.905918
0.905919
0.905919
0.90592
0.90592
0.905921
0.905921
0.905922
0.905922
0.905923
0.905923
0.905924
0.905924
0.905925
0.905925
0.905926
0.905926
0.905926
0.905927
0.905927
0.905928
0.905928
0.905929
0.905929
0.90593
0.90593
0.905931
0.905931
0.905932
0.905932
0.905933
0.905933
0.905934
0.905934
0.905935
0.905935
0.905936
0.905936
0.905937
0.905937
0.905938
0.905938
0.905939
0.905939
0.90594
0.90594
0.905941
0.905941
0.905942
0.905942
0.905942
0.905943
0.905943
0.905944
0.905944
0.905945
0.905945
0.905946
0.905946
0.905947
0.905947
0.905948
0.905948
0.905949
0.905949
0.90595
0.90595
0.905951
0.905951
0.905952
0.905952
0.905952
0.905953
0.905953
0.905954
0.905954
0.905955
0.905955
0.905956
0.905956
0.905957
0.905957
0.905958
0.905958
0.905959
0.905959
0.905959
0.90596
0.90596
0.905961
0.905961
0.905962
0.905962
0.905963
0.905963
0.905964
0.905964
0.905965
0.905965
0.905965
0.905966
0.905966
0.905967
0.905967
0.905968
0.905968
0.905969
0.905969
0.90597
0.90597
0.90597
0.905971
0.905971
0.905972
0.905972
0.905973
0.905973
0.905974
0.905974
0.905975
0.905975
0.905975
0.905976
0.905976
0.905977
0.905977
0.905978
0.905978
0.905979
0.905979
0.905979
0.90598
0.90598
0.905981
0.905981
0.905982
0.905982
0.905983
0.905983
0.905983
0.905984
0.905984
0.905985
0.905985
0.905986
0.905986
0.905987
0.905987
0.905987
0.905988
0.905988
0.905989
0.905989
0.90599
0.90599
0.90599
0.905991
0.905991
0.905992
0.905992
0.905993
0.905993
0.905994
0.905994
0.905994
0.905995
0.905995
0.905996
0.905996
0.905997
0.905997
0.905997
0.905998
0.905998
0.905999
0.905999
0.906
0.906
0.906
0.906001
0.906001
0.906002
0.906002
0.906003
0.906003
0.906003
0.906004
0.906004
0.906005
0.906005
0.906006
0.906006
0.906006
0.906007
0.906007
0.906008
0.906008
0.906008
0.906009
0.906009
0.90601
0.90601
0.906011
0.906011
0.906011
0.906012
0.906012
0.906013
0.906013
0.906014
0.906014
0.906014
0.906015
0.906015
0.906016
0.906016
0.906016
0.906017
0.906017
0.906018
0.906018
0.906018
0.906019
0.906019
0.90602
0.90602
0.906021
0.906021
0.906021
0.906022
0.906022
0.906023
0.906023
0.906023
0.906024
0.906024
0.906025
0.906025
0.906025
0.906026
0.906026
0.906027
0.906027
0.906027
0.906028
0.906028
0.906029
0.906029
0.906029
0.90603
0.90603
0.906031
0.906031
0.906032
0.906032
0.906032
0.906033
0.906033
0.906034
0.906034
0.906034
0.906035
0.906035
0.906036
0.906036
0.906036
0.906037
0.906037
0.906037
0.906038
0.906038
0.906039
0.906039
0.906039
0.90604
0.90604
0.906041
0.906041
0.906041
0.906042
0.906042
0.906043
0.906043
0.906043
0.906044
0.906044
0.906045
0.906045
0.906045
0.906046
0.906046
0.906047
0.906047
0.906047
0.906048
0.906048
0.906048
0.906049
0.906049
0.90605
0.90605
0.90605
0.906051
0.906051
0.906052
0.906052
0.906052
0.906053
0.906053
0.906053
0.906054
0.906054
0.906055
0.906055
0.906055
0.906056
0.906056
0.906056
0.906057
0.906057
0.906058
0.906058
0.906058
0.906059
0.906059
0.90606
0.90606
0.90606
0.906061
0.906061
0.906061
0.906062
0.906062
0.906063
0.906063
0.906063
0.906064
0.906064
0.906064
0.906065
0.906065
0.906066
0.906066
0.906066
0.906067
0.906067
0.906067
0.906068
0.906068
0.906068
0.906069
0.906069
0.90607
0.90607
0.90607
0.906071
0.906071
0.906071
0.906072
0.906072
0.906073
0.906073
0.906073
0.906074
0.906074
0.906074
0.906075
0.906075
0.906075
0.906076
0.906076
0.906077
0.906077
0.906077
0.906078
0.906078
0.906078
0.906079
0.906079
0.906079
0.90608
0.90608
0.90608
0.906081
0.906081
0.906082
0.906082
0.906082
0.906083
0.906083
0.906083
0.906084
0.906084
0.906084
0.906085
0.906085
0.906085
0.906086
0.906086
0.906087
0.906087
0.906087
0.906088
0.906088
0.906088
0.906089
0.906089
0.906089
0.90609
0.90609
0.90609
0.906091
0.906091
0.906091
0.906092
0.906092
0.906093
0.906093
0.906093
0.906094
0.906094
0.906094
0.906095
0.906095
0.906095
0.906096
0.906096
0.906096
0.906097
0.906097
0.906097
0.906098
0.906098
0.906098
0.906099
0.906099
0.906099
0.9061
0.9061
0.9061
0.906101
0.906101
0.906101
0.906102
0.906102
0.906103
0.906103
0.906103
0.906104
0.906104
0.906104
0.906105
0.906105
0.906105
0.906106
0.906106
0.906106
0.906107
0.906107
0.906107
0.906108
0.906108
0.906108
0.906109
0.906109
0.906109
0.90611
0.90611
0.90611
0.906111
0.906111
0.906111
0.906112
0.906112
0.906112
0.906113
0.906113
0.906113
0.906114
0.906114
0.906114
0.906115
0.906115
0.906115
0.906116
0.906116
0.906116
0.906117
0.906117
0.906117
0.906118
0.906118
0.906118
0.906119
0.906119
0.906119
0.906119
0.90612
0.90612
0.90612
0.906121
0.906121
0.906121
0.906122
0.906122
0.906122
0.906123
0.906123
0.906123
0.906124
0.906124
0.906124
0.906125
0.906125
0.906125
0.906126
0.906126
0.906126
0.906127
0.906127
0.906127
0.906128
0.906128
0.906128
0.906129
0.906129
0.906129
0.906129
0.90613
0.90613
0.90613
0.906131
0.906131
0.906131
0.906132
0.906132
0.906132
0.906133
0.906133
0.906133
0.906134
0.906134
0.906134
0.906134
0.906135
0.906135
0.906135
0.906136
0.906136
0.906136
0.906137
0.906137
0.906137
0.906138
0.906138
0.906138
0.906139
0.906139
0.906139
0.906139
0.90614
0.90614
0.90614
0.906141
0.906141
0.906141
0.906142
0.906142
0.906142
0.906143
0.906143
0.906143
0.906143
0.906144
0.906144
0.906144
0.906145
0.906145
0.906145
0.906146
0.906146
0.906146
0.906146
0.906147
0.906147
0.906147
0.906148
0.906148
0.906148
0.906149
0.906149
0.906149
0.90615
0.90615
0.90615
0.90615
0.906151
0.906151
0.906151
0.906152
0.906152
0.906152
0.906152
0.906153
0.906153
0.906153
0.906154
0.906154
0.906154
0.906155
0.906155
0.906155
0.906155
0.906156
0.906156
0.906156
0.906157
0.906157
0.906157
0.906158
0.906158
0.906158
0.906158
0.906159
0.906159
0.906159
0.90616
0.90616
0.90616
0.90616
0.906161
0.906161
0.906161
0.906162
0.906162
0.906162
0.906162
0.906163
0.906163
0.906163
0.906164
0.906164
0.906164
0.906164
0.906165
0.906165
0.906165
0.906166
0.906166
0.906166
0.906166
0.906167
0.906167
0.906167
0.906168
0.906168
0.906168
0.906168
0.906169
0.906169
0.906169
0.90617
0.90617
0.90617
0.90617
0.906171
0.906171
0.906171
0.906172
0.906172
0.906172
0.906172
0.906173
0.906173
0.906173
0.906174
0.906174
0.906174
0.906174
0.906175
0.906175
0.906175
0.906175
0.906176
0.906176
0.906176
0.906177
0.906177
0.906177
0.906177
0.906178
0.906178
0.906178
0.906179
0.906179
0.906179
0.906179
0.90618
0.90618
0.90618
0.90618
0.906181
0.906181
0.906181
0.906182
0.906182
0.906182
0.906182
0.906183
0.906183
0.906183
0.906183
0.906184
0.906184
0.906184
0.906185
0.906185
0.906185
0.906185
0.906186
0.906186
0.906186
0.906186
0.906187
0.906187
0.906187
0.906187
0.906188
0.906188
0.906188
0.906189
0.906189
0.906189
0.906189
0.90619
0.90619
0.90619
0.90619
0.906191
0.906191
0.906191
0.906191
0.906192
0.906192
0.906192
0.906193
0.906193
0.906193
0.906193
0.906194
0.906194
0.906194
0.906194
0.906195
0.906195
0.906195
0.906195
0.906196
0.906196
0.906196
0.906196
0.906197
0.906197
0.906197
0.906197
0.906198
0.906198
0.906198
0.906199
0.906199
0.906199
0.906199
0.9062
0.9062
0.9062
0.9062
0.906201
0.906201
0.906201
0.906201
0.906202
0.906202
0.906202
0.906202
0.906203
0.906203
0.906203
0.906203
0.906204
0.906204
0.906204
0.906204
0.906205
0.906205
0.906205
0.906205
0.906206
0.906206
0.906206
0.906206
0.906207
0.906207
0.906207
0.906207
0.906208
0.906208
0.906208
0.906208
0.906209
0.906209
0.906209
0.906209
0.90621
0.90621
0.90621
0.90621
0.906211
0.906211
0.906211
0.906211
0.906212
0.906212
0.906212
0.906212
0.906213
0.906213
0.906213
0.906213
0.906214
0.906214
0.906214
0.906214
0.906215
0.906215
0.906215
0.906215
0.906216
0.906216
0.906216
0.906216
0.906217
0.906217
0.906217
0.906217
0.906218
0.906218
0.906218
0.906218
0.906218
0.906219
0.906219
0.906219
0.906219
0.90622
0.90622
0.90622
0.90622
0.906221
0.906221
0.906221
0.906221
0.906222
0.906222
0.906222
0.906222
0.906223
0.906223
0.906223
0.906223
0.906224
0.906224
0.906224
0.906224
0.906224
0.906225
0.906225
0.906225
0.906225
0.906226
0.906226
0.906226
0.906226
0.906227
0.906227
0.906227
0.906227
0.906227
0.906228
0.906228
0.906228
0.906228
0.906229
0.906229
0.906229
0.906229
0.90623
0.90623
0.90623
0.90623
0.906231
0.906231
0.906231
0.906231
0.906231
0.906232
0.906232
0.906232
0.906232
0.906233
0.906233
0.906233
0.906233
0.906234
0.906234
0.906234
0.906234
0.906234
0.906235
0.906235
0.906235
0.906235
0.906236
0.906236
0.906236
0.906236
0.906236
0.906237
0.906237
0.906237
0.906237
0.906238
0.906238
0.906238
0.906238
0.906238
0.906239
0.906239
0.906239
0.906239
0.90624
0.90624
0.90624
0.90624
0.90624
0.906241
0.906241
0.906241
0.906241
0.906242
0.906242
0.906242
0.906242
0.906242
0.906243
0.906243
0.906243
0.906243
0.906244
0.906244
0.906244
0.906244
0.906244
0.906245
0.906245
0.906245
0.906245
0.906246
0.906246
0.906246
0.906246
0.906246
0.906247
0.906247
0.906247
0.906247
0.906248
0.906248
0.906248
0.906248
0.906248
0.906249
0.906249
0.906249
0.906249
0.906249
0.90625
0.90625
0.90625
0.90625
0.906251
0.906251
0.906251
0.906251
0.906251
0.906252
0.906252
0.906252
0.906252
0.906252
0.906253
0.906253
0.906253
0.906253
0.906253
0.906254
0.906254
0.906254
0.906254
0.906255
0.906255
0.906255
0.906255
0.906255
0.906256
0.906256
0.906256
0.906256
0.906256
0.906257
0.906257
0.906257
0.906257
0.906257
0.906258
0.906258
0.906258
0.906258
0.906259
0.906259
0.906259
0.906259
0.906259
0.90626
0.90626
0.90626
0.90626
0.90626
0.906261
0.906261
0.906261
0.906261
0.906261
0.906262
0.906262
0.906262
0.906262
0.906262
0.906263
0.906263
0.906263
0.906263
0.906263
0.906264
0.906264
0.906264
0.906264
0.906264
0.906265
0.906265
0.906265
0.906265
0.906265
0.906266
0.906266
0.906266
0.906266
0.906266
0.906267
0.906267
0.906267
0.906267
0.906267
0.906268
0.906268
0.906268
0.906268
0.906268
0.906269
0.906269
0.906269
0.906269
0.906269
0.90627
0.90627
0.90627
0.90627
0.90627
0.906271
0.906271
0.906271
0.906271
0.906271
0.906272
0.906272
0.906272
0.906272
0.906272
0.906273
0.906273
0.906273
0.906273
0.906273
0.906274
0.906274
0.906274
0.906274
0.906274
0.906275
0.906275
0.906275
0.906275
0.906275
0.906275
0.906276
0.906276
0.906276
0.906276
0.906276
0.906277
0.906277
0.906277
0.906277
0.906277
0.906278
0.906278
0.906278
0.906278
0.906278
0.906279
0.906279
0.906279
0.906279
0.906279
0.906279
0.90628
0.90628
0.90628
0.90628
0.90628
0.906281
0.906281
0.906281
0.906281
0.906281
0.906282
0.906282
0.906282
0.906282
0.906282
0.906283
0.906283
0.906283
0.906283
0.906283
0.906283
0.906284
0.906284
0.906284
0.906284
0.906284
0.906285
0.906285
0.906285
0.906285
0.906285
0.906285
0.906286
0.906286
0.906286
0.906286
0.906286
0.906287
0.906287
0.906287
0.906287
0.906287
0.906287
0.906288
0.906288
0.906288
0.906288
0.906288
0.906289
0.906289
0.906289
0.906289
0.906289
0.906289
0.90629
0.90629
0.90629
0.90629
0.90629
0.906291
0.906291
0.906291
0.906291
0.906291
0.906291
0.906292
0.906292
0.906292
0.906292
0.906292
0.906293
0.906293
0.906293
0.906293
0.906293
0.906293
0.906294
0.906294
0.906294
0.906294
0.906294
0.906294
0.906295
0.906295
0.906295
0.906295
0.906295
0.906296
0.906296
0.906296
0.906296
0.906296
0.906296
0.906297
0.906297
0.906297
0.906297
0.906297
0.906297
0.906298
0.906298
0.906298
0.906298
0.906298
0.906298
0.906299
0.906299
0.906299
0.906299
0.906299
0.9063
0.9063
0.9063
0.9063
0.9063
0.9063
0.906301
0.906301
0.906301
0.906301
0.906301
0.906301
0.906302
0.906302
0.906302
0.906302
0.906302
0.906302
0.906303
0.906303
0.906303
0.906303
0.906303
0.906303
0.906304
0.906304
0.906304
0.906304
0.906304
0.906304
0.906305
0.906305
0.906305
0.906305
0.906305
0.906305
0.906306
0.906306
0.906306
0.906306
0.906306
0.906306
0.906307
0.906307
0.906307
0.906307
0.906307
0.906307
0.906308
0.906308
0.906308
0.906308
0.906308
0.906308
0.906309
0.906309
0.906309
0.906309
0.906309
0.906309
0.90631
0.90631
0.90631
0.90631
0.90631
0.90631
0.906311
0.906311
0.906311
0.906311
0.906311
0.906311
0.906312
0.906312
0.906312
0.906312
0.906312
0.906312
0.906313
0.906313
0.906313
0.906313
0.906313
0.906313
0.906313
0.906314
0.906314
0.906314
0.906314
0.906314
0.906314
0.906315
0.906315
0.906315
0.906315
0.906315
0.906315
0.906316
0.906316
0.906316
0.906316
0.906316
0.906316
0.906317
0.906317
0.906317
0.906317
0.906317
0.906317
0.906317
0.906318
0.906318
0.906318
0.906318
0.906318
0.906318
0.906319
0.906319
0.906319
0.906319
0.906319
0.906319
0.906319
0.90632
0.90632
0.90632
0.90632
0.90632
0.90632
0.906321
0.906321
0.906321
0.906321
0.906321
0.906321
0.906321
0.906322
0.906322
0.906322
0.906322
0.906322
0.906322
0.906323
0.906323
0.906323
0.906323
0.906323
0.906323
0.906323
0.906324
0.906324
0.906324
0.906324
0.906324
0.906324
0.906325
0.906325
0.906325
0.906325
0.906325
0.906325
0.906325
0.906326
0.906326
0.906326
0.906326
0.906326
0.906326
0.906326
0.906327
0.906327
0.906327
0.906327
0.906327
0.906327
0.906328
0.906328
0.906328
0.906328
0.906328
0.906328
0.906328
0.906329
0.906329
0.906329
0.906329
0.906329
0.906329
0.906329
0.90633
0.90633
0.90633
0.90633
0.90633
0.90633
0.90633
