0.001
0.00461862
0.00901544
0.0136165
0.0181613
0.0225401
0.0267166
0.0306891
0.034472
0.0380858
0.0415522
0.0448924
0.048125
0.0512667
0.0543317
0.0573317
0.0602769
0.0631753
0.0660339
0.0688581
0.0716525
0.0744209
0.0771662
0.0798909
0.0825971
0.0852864
0.0879601
0.0906193
0.0932649
0.0958976
0.0985181
0.101127
0.103724
0.106311
0.108886
0.111452
0.114006
0.116551
0.119086
0.121611
0.124126
0.126632
0.129128
0.131614
0.134091
0.136559
0.139017
0.141467
0.143907
0.146337
0.148759
0.151172
0.153575
0.15597
0.158356
0.160732
0.1631
0.165459
0.167809
0.170151
0.172483
0.174807
0.177122
0.179429
0.181727
0.184016
0.186297
0.188569
0.190833
0.193088
0.195335
0.197574
0.199804
0.202026
0.204239
0.206445
0.208642
0.210831
0.213011
0.215184
0.217348
0.219504
0.221653
0.223793
0.225925
0.228049
0.230165
0.232274
0.234374
0.236467
0.238552
0.240629
0.242698
0.24476
0.246813
0.24886
0.250898
0.252929
0.254952
0.256968
0.258976
0.260977
0.26297
0.264956
0.266934
0.268905
0.270869
0.272825
0.274774
0.276715
0.27865
0.280577
0.282497
0.284409
0.286315
0.288213
0.290105
0.291989
0.293866
0.295736
0.297599
0.299456
0.301305
0.303147
0.304983
0.306811
0.308633
0.310448
0.312256
0.314057
0.315852
0.31764
0.319421
0.321196
0.322964
0.324725
0.32648
0.328228
0.329969
0.331704
0.333433
0.335155
0.336871
0.33858
0.340283
0.341979
0.343669
0.345353
0.347031
0.348702
0.350367
0.352026
0.353678
0.355324
0.356965
0.358599
0.360226
0.361848
0.363464
0.365074
0.366677
0.368275
0.369867
0.371452
0.373032
0.374606
0.376174
0.377736
0.379292
0.380843
0.382387
0.383926
0.385459
0.386986
0.388508
0.390024
0.391534
0.393038
0.394537
0.396031
0.397518
0.399
0.400477
0.401948
0.403414
0.404874
0.406328
0.407777
0.409221
0.410659
0.412092
0.41352
0.414942
0.416359
0.41777
0.419176
0.420577
0.421973
0.423363
0.424749
0.426129
0.427504
0.428874
0.430238
0.431598
0.432952
0.434301
0.435646
0.436985
0.438319
0.439648
0.440973
0.442292
0.443606
0.444916
0.44622
0.44752
0.448814
0.450104
0.451389
0.45267
0.453945
0.455216
0.456481
0.457743
0.458999
0.460251
0.461498
0.46274
0.463978
0.465211
0.466439
0.467663
0.468882
0.470097
0.471307
0.472512
0.473713
0.47491
0.476102
0.477289
0.478473
0.479651
0.480825
0.481995
0.483161
0.484322
0.485479
0.486631
0.487779
0.488923
0.490062
0.491197
0.492328
0.493455
0.494578
0.495696
0.49681
0.49792
0.499026
0.500127
0.501225
0.502318
0.503407
0.504492
0.505573
0.50665
0.507723
0.508792
0.509857
0.510918
0.511975
0.513028
0.514077
0.515122
0.516163
0.517201
0.518234
0.519264
0.520289
0.521311
0.522329
0.523343
0.524354
0.52536
0.526363
0.527362
0.528357
0.529349
0.530337
0.531321
0.532301
0.533278
0.534251
0.53522
0.536186
0.537148
0.538107
0.539062
0.540013
0.540961
0.541905
0.542846
0.543783
0.544717
0.545647
0.546573
0.547497
0.548416
0.549332
0.550245
0.551155
0.552061
0.552963
0.553862
0.554758
0.555651
0.55654
0.557426
0.558308
0.559187
0.560063
0.560935
0.561805
0.562671
0.563533
0.564393
0.565249
0.566102
0.566952
0.567799
0.568642
0.569483
0.57032
0.571154
0.571985
0.572813
0.573637
0.574459
0.575277
0.576093
0.576905
0.577714
0.578521
0.579324
0.580124
0.580921
0.581716
0.582507
0.583295
0.584081
0.584863
0.585642
0.586419
0.587192
0.587963
0.588731
0.589496
0.590258
0.591017
0.591773
0.592527
0.593278
0.594025
0.59477
0.595513
0.596252
0.596989
0.597723
0.598454
0.599182
0.599908
0.600631
0.601351
0.602069
0.602783
0.603496
0.604205
0.604912
0.605616
0.606317
0.607016
0.607713
0.608406
0.609097
0.609786
0.610472
0.611155
0.611836
0.612514
0.613189
0.613862
0.614533
0.615201
0.615866
0.616529
0.61719
0.617848
0.618504
0.619157
0.619807
0.620455
0.621101
0.621745
0.622386
0.623024
0.62366
0.624294
0.624925
0.625554
0.626181
0.626805
0.627427
0.628047
0.628664
0.629279
0.629892
0.630502
0.63111
0.631716
0.632319
0.63292
0.633519
0.634116
0.63471
0.635303
0.635893
0.63648
0.637066
0.637649
0.638231
0.63881
0.639386
0.639961
0.640534
0.641104
0.641672
0.642238
0.642802
0.643364
0.643924
0.644481
0.645037
0.64559
0.646142
0.646691
0.647238
0.647783
0.648327
0.648868
0.649407
0.649944
0.650479
0.651012
0.651543
0.652072
0.652599
0.653124
0.653647
0.654168
0.654687
0.655204
0.655719
0.656233
0.656744
0.657254
0.657761
0.658267
0.65877
0.659272
0.659772
0.66027
0.660767
0.661261
0.661753
0.662244
0.662733
0.66322
0.663705
0.664188
0.66467
0.665149
0.665627
0.666103
0.666578
0.66705
0.667521
0.66799
0.668457
0.668922
0.669386
0.669848
0.670308
0.670767
0.671224
0.671679
0.672132
0.672584
0.673033
0.673482
0.673928
0.674373
0.674816
0.675258
0.675698
0.676136
0.676573
0.677008
0.677441
0.677873
0.678303
0.678731
0.679158
0.679583
0.680007
0.680429
0.680849
0.681268
0.681686
0.682101
0.682515
0.682928
0.683339
0.683749
0.684157
0.684563
0.684968
0.685371
0.685773
0.686174
0.686573
0.68697
0.687366
0.68776
0.688153
0.688545
0.688934
0.689323
0.68971
0.690096
0.69048
0.690862
0.691244
0.691623
0.692002
0.692379
0.692754
0.693129
0.693501
0.693873
0.694243
0.694611
0.694978
0.695344
0.695708
0.696071
0.696433
0.696793
0.697152
0.69751
0.697866
0.698221
0.698575
0.698927
0.699278
0.699628
0.699976
0.700323
0.700669
0.701013
0.701356
0.701698
0.702038
0.702378
0.702716
0.703052
0.703388
0.703722
0.704055
0.704387
0.704717
0.705046
0.705374
0.705701
0.706026
0.706351
0.706674
0.706995
0.707316
0.707635
0.707954
0.708271
0.708586
0.708901
0.709215
0.709527
0.709838
0.710148
0.710457
0.710764
0.711071
0.711376
0.71168
0.711983
0.712285
0.712586
0.712885
0.713184
0.713481
0.713777
0.714073
0.714367
0.714659
0.714951
0.715242
0.715532
0.71582
0.716108
0.716394
0.716679
0.716963
0.717247
0.717529
0.71781
0.71809
0.718369
0.718646
0.718923
0.719199
0.719474
0.719748
0.72002
0.720292
0.720563
0.720832
0.721101
0.721368
0.721635
0.721901
0.722165
0.722429
0.722691
0.722953
0.723214
0.723473
0.723732
0.72399
0.724246
0.724502
0.724757
0.725011
0.725264
0.725516
0.725767
0.726017
0.726266
0.726514
0.726761
0.727008
0.727253
0.727497
0.727741
0.727984
0.728225
0.728466
0.728706
0.728945
0.729183
0.72942
0.729657
0.729892
0.730127
0.73036
0.730593
0.730825
0.731056
0.731286
0.731516
0.731744
0.731972
0.732198
0.732424
0.732649
0.732873
0.733097
0.733319
0.733541
0.733762
0.733982
0.734201
0.734419
0.734637
0.734854
0.735069
0.735285
0.735499
0.735712
0.735925
0.736137
0.736348
0.736558
0.736768
0.736976
0.737184
0.737391
0.737598
0.737803
0.738008
0.738212
0.738416
0.738618
0.73882
0.739021
0.739221
0.73942
0.739619
0.739817
0.740014
0.740211
0.740407
0.740602
0.740796
0.74099
0.741182
0.741374
0.741566
0.741757
0.741946
0.742136
0.742324
0.742512
0.742699
0.742886
0.743071
0.743256
0.743441
0.743624
0.743807
0.743989
0.744171
0.744352
0.744532
0.744712
0.74489
0.745069
0.745246
0.745423
0.745599
0.745775
0.745949
0.746124
0.746297
0.74647
0.746642
0.746814
0.746985
0.747155
0.747325
0.747494
0.747662
0.74783
0.747997
0.748163
0.748329
0.748494
0.748659
0.748823
0.748986
0.749149
0.749311
0.749473
0.749634
0.749794
0.749954
0.750113
0.750272
0.75043
0.750587
0.750744
0.7509
0.751055
0.75121
0.751365
0.751519
0.751672
0.751825
0.751977
0.752128
0.752279
0.752429
0.752579
0.752729
0.752877
0.753025
0.753173
0.75332
0.753466
0.753612
0.753758
0.753903
0.754047
0.754191
0.754334
0.754476
0.754619
0.75476
0.754901
0.755042
0.755182
0.755321
0.75546
0.755599
0.755737
0.755874
0.756011
0.756147
0.756283
0.756418
0.756553
0.756688
0.756821
0.756955
0.757087
0.75722
0.757352
0.757483
0.757614
0.757744
0.757874
0.758003
0.758132
0.75826
0.758388
0.758516
0.758643
0.758769
0.758895
0.759021
0.759146
0.75927
0.759394
0.759518
0.759641
0.759764
0.759886
0.760008
0.760129
0.76025
0.760371
0.760491
0.76061
0.760729
0.760848
0.760966
0.761084
0.761201
0.761318
0.761434
0.76155
0.761666
0.761781
0.761895
0.76201
0.762124
0.762237
0.76235
0.762462
0.762574
0.762686
0.762797
0.762908
0.763019
0.763129
0.763238
0.763347
0.763456
0.763565
0.763673
0.76378
0.763887
0.763994
0.7641
0.764206
0.764312
0.764417
0.764522
0.764626
0.76473
0.764834
0.764937
0.76504
0.765142
0.765244
0.765346
0.765447
0.765548
0.765648
0.765748
0.765848
0.765948
0.766047
0.766145
0.766243
0.766341
0.766439
0.766536
0.766633
0.766729
0.766825
0.766921
0.767016
0.767111
0.767206
0.7673
0.767394
0.767488
0.767581
0.767674
0.767766
0.767858
0.76795
0.768042
0.768133
0.768224
0.768314
0.768404
0.768494
0.768583
0.768672
0.768761
0.76885
0.768938
0.769025
0.769113
0.7692
0.769287
0.769373
0.769459
0.769545
0.769631
0.769716
0.769801
0.769885
0.769969
0.770053
0.770137
0.77022
0.770303
0.770385
0.770468
0.77055
0.770631
0.770713
0.770794
0.770875
0.770955
0.771035
0.771115
0.771195
0.771274
0.771353
0.771432
0.77151
0.771588
0.771666
0.771743
0.771821
0.771898
0.771974
0.772051
0.772127
0.772202
0.772278
0.772353
0.772428
0.772503
0.772577
0.772651
0.772725
0.772798
0.772872
0.772945
0.773017
0.77309
0.773162
0.773234
0.773305
0.773377
0.773448
0.773518
0.773589
0.773659
0.773729
0.773799
0.773868
0.773938
0.774007
0.774075
0.774144
0.774212
0.77428
0.774348
0.774415
0.774482
0.774549
0.774616
0.774682
0.774748
0.774814
0.77488
0.774945
0.77501
0.775075
0.77514
0.775204
0.775269
0.775333
0.775396
0.77546
0.775523
0.775586
0.775649
0.775711
0.775774
0.775836
0.775897
0.775959
0.77602
0.776082
0.776142
0.776203
0.776264
0.776324
0.776384
0.776443
0.776503
0.776562
0.776621
0.77668
0.776739
0.776797
0.776856
0.776914
0.776971
0.777029
0.777086
0.777143
0.7772
0.777257
0.777313
0.77737
0.777426
0.777482
0.777537
0.777593
0.777648
0.777703
0.777758
0.777812
0.777867
0.777921
0.777975
0.778029
0.778082
0.778135
0.778189
0.778242
0.778294
0.778347
0.778399
0.778452
0.778503
0.778555
0.778607
0.778658
0.778709
0.77876
0.778811
0.778862
0.778912
0.778963
0.779013
0.779063
0.779112
0.779162
0.779211
0.77926
0.779309
0.779358
0.779406
0.779455
0.779503
0.779551
0.779599
0.779647
0.779694
0.779741
0.779789
0.779836
0.779882
0.779929
0.779975
0.780022
0.780068
0.780114
0.780159
0.780205
0.78025
0.780295
0.780341
0.780385
0.78043
0.780475
0.780519
0.780563
0.780607
0.780651
0.780695
0.780738
0.780782
0.780825
0.780868
0.780911
0.780954
0.780996
0.781039
0.781081
0.781123
0.781165
0.781207
0.781248
0.78129
0.781331
0.781372
0.781413
0.781454
0.781495
0.781535
0.781576
0.781616
0.781656
0.781696
0.781736
0.781776
0.781815
0.781854
0.781894
0.781933
0.781971
0.78201
0.782049
0.782087
0.782126
0.782164
0.782202
0.78224
0.782277
0.782315
0.782352
0.78239
0.782427
0.782464
0.782501
0.782538
0.782574
0.782611
0.782647
0.782683
0.782719
0.782755
0.782791
0.782827
0.782862
0.782898
0.782933
0.782968
0.783003
0.783038
0.783073
0.783107
0.783142
0.783176
0.78321
0.783244
0.783278
0.783312
0.783346
0.78338
0.783413
0.783446
0.78348
0.783513
0.783546
0.783578
0.783611
0.783644
0.783676
0.783708
0.783741
0.783773
0.783805
0.783837
0.783868
0.7839
0.783931
0.783963
0.783994
0.784025
0.784056
0.784087
0.784118
0.784149
0.784179
0.78421
0.78424
0.78427
0.7843
0.78433
0.78436
0.78439
0.78442
0.784449
0.784479
0.784508
0.784537
0.784566
0.784595
0.784624
0.784653
0.784682
0.78471
0.784739
0.784767
0.784795
0.784823
0.784851
0.784879
0.784907
0.784935
0.784962
0.78499
0.785017
0.785045
0.785072
0.785099
0.785126
0.785153
0.785179
0.785206
0.785233
0.785259
0.785286
0.785312
0.785338
0.785364
0.78539
0.785416
0.785442
0.785468
0.785493
0.785519
0.785544
0.785569
0.785595
0.78562
0.785645
0.78567
0.785695
0.785719
0.785744
0.785769
0.785793
0.785817
0.785842
0.785866
0.78589
0.785914
0.785938
0.785962
0.785985
0.786009
0.786033
0.786056
0.78608
0.786103
0.786126
0.786149
0.786172
0.786195
0.786218
0.786241
0.786264
0.786286
0.786309
0.786331
0.786353
0.786376
0.786398
0.78642
0.786442
0.786464
0.786486
0.786508
0.786529
0.786551
0.786572
0.786594
0.786615
0.786637
0.786658
0.786679
0.7867
0.786721
0.786742
0.786763
0.786783
0.786804
0.786825
0.786845
0.786866
0.786886
0.786906
0.786926
0.786946
0.786966
0.786986
0.787006
0.787026
0.787046
0.787066
0.787085
0.787105
0.787124
0.787144
0.787163
0.787182
0.787201
0.78722
0.787239
0.787258
0.787277
0.787296
0.787315
0.787333
0.787352
0.78737
0.787389
0.787407
0.787426
0.787444
0.787462
0.78748
0.787498
0.787516
0.787534
0.787552
0.78757
0.787587
0.787605
0.787622
0.78764
0.787657
0.787675
0.787692
0.787709
0.787726
0.787744
0.787761
0.787778
0.787795
0.787811
0.787828
0.787845
0.787862
0.787878
0.787895
0.787911
0.787928
0.787944
0.78796
0.787976
0.787993
0.788009
0.788025
0.788041
0.788057
0.788073
0.788088
0.788104
0.78812
0.788135
0.788151
0.788167
0.788182
0.788197
0.788213
0.788228
0.788243
0.788258
0.788273
0.788289
0.788304
0.788318
0.788333
0.788348
0.788363
0.788378
0.788392
0.788407
0.788421
0.788436
0.78845
0.788465
0.788479
0.788493
0.788508
0.788522
0.788536
0.78855
0.788564
0.788578
0.788592
0.788606
0.78862
0.788633
0.788647
0.788661
0.788674
0.788688
0.788701
0.788715
0.788728
0.788741
0.788755
0.788768
0.788781
0.788794
0.788807
0.78882
0.788833
0.788846
0.788859
0.788872
0.788885
0.788898
0.78891
0.788923
0.788936
0.788948
0.788961
0.788973
0.788986
0.788998
0.78901
0.789023
0.789035
0.789047
0.789059
0.789071
0.789083
0.789095
0.789107
0.789119
0.789131
0.789143
0.789155
0.789166
0.789178
0.78919
0.789201
0.789213
0.789225
0.789236
0.789247
0.789259
0.78927
0.789281
0.789293
0.789304
0.789315
0.789326
0.789337
0.789348
0.789359
0.78937
0.789381
0.789392
0.789403
0.789414
0.789425
0.789435
0.789446
0.789457
0.789467
0.789478
0.789488
0.789499
0.789509
0.78952
0.78953
0.78954
0.789551
0.789561
0.789571
0.789581
0.789591
0.789602
0.789612
0.789622
0.789632
0.789642
0.789651
0.789661
0.789671
0.789681
0.789691
0.7897
0.78971
0.78972
0.789729
0.789739
0.789748
0.789758
0.789767
0.789777
0.789786
0.789796
0.789805
0.789814
0.789824
0.789833
0.789842
0.789851
0.78986
0.789869
0.789878
0.789887
0.789896
0.789905
0.789914
0.789923
0.789932
0.789941
0.78995
0.789958
0.789967
0.789976
0.789984
0.789993
0.790002
0.79001
0.790019
0.790027
0.790036
0.790044
0.790052
0.790061
0.790069
0.790077
0.790086
0.790094
0.790102
0.79011
0.790118
0.790127
0.790135
0.790143
0.790151
0.790159
0.790167
0.790175
0.790183
0.79019
0.790198
0.790206
0.790214
0.790222
0.790229
0.790237
0.790245
0.790252
0.79026
0.790268
0.790275
0.790283
0.79029
0.790298
0.790305
0.790312
0.79032
0.790327
0.790335
0.790342
0.790349
0.790356
0.790364
0.790371
0.790378
0.790385
0.790392
0.790399
0.790406
0.790413
0.79042
0.790427
0.790434
0.790441
0.790448
0.790455
0.790462
0.790469
0.790475
0.790482
0.790489
0.790496
0.790502
0.790509
0.790516
0.790522
0.790529
0.790536
0.790542
0.790549
0.790555
0.790562
0.790568
0.790574
0.790581
0.790587
0.790594
0.7906
0.790606
0.790612
0.790619
0.790625
0.790631
0.790637
0.790644
0.79065
0.790656
0.790662
0.790668
0.790674
0.79068
0.790686
0.790692
0.790698
0.790704
0.79071
0.790716
0.790722
0.790727
0.790733
0.790739
0.790745
0.790751
0.790756
0.790762
0.790768
0.790773
0.790779
0.790785
0.79079
0.790796
0.790801
0.790807
0.790813
0.790818
0.790824
0.790829
0.790834
0.79084
0.790845
0.790851
0.790856
0.790861
0.790867
0.790872
0.790877
0.790883
0.790888
0.790893
0.790898
0.790903
0.790909
0.790914
0.790919
0.790924
0.790929
0.790934
0.790939
0.790944
0.790949
0.790954
0.790959
0.790964
0.790969
0.790974
0.790979
0.790984
0.790989
0.790993
0.790998
0.791003
0.791008
0.791013
0.791017
0.791022
0.791027
0.791031
0.791036
0.791041
0.791045
0.79105
0.791055
0.791059
0.791064
0.791068
0.791073
0.791078
0.791082
0.791087
0.791091
0.791095
0.7911
0.791104
0.791109
0.791113
0.791117
0.791122
0.791126
0.791131
0.791135
0.791139
0.791143
0.791148
0.791152
0.791156
0.79116
0.791165
0.791169
0.791173
0.791177
0.791181
0.791185
0.791189
0.791193
0.791198
0.791202
0.791206
0.79121
0.791214
0.791218
0.791222
0.791226
0.79123
0.791234
0.791237
0.791241
0.791245
0.791249
0.791253
0.791257
0.791261
0.791264
0.791268
0.791272
0.791276
0.79128
0.791283
0.791287
0.791291
0.791295
0.791298
0.791302
0.791306
0.791309
0.791313
0.791316
0.79132
0.791324
0.791327
0.791331
0.791334
0.791338
0.791341
0.791345
0.791348
0.791352
0.791355
0.791359
0.791362
0.791366
0.791369
0.791373
0.791376
0.791379
0.791383
0.791386
0.79139
0.791393
0.791396
0.791399
0.791403
0.791406
0.791409
0.791413
0.791416
0.791419
0.791422
0.791426
0.791429
0.791432
0.791435
0.791438
0.791441
0.791445
0.791448
0.791451
0.791454
0.791457
0.79146
0.791463
0.791466
0.791469
0.791472
0.791475
0.791478
0.791481
0.791484
0.791487
0.79149
0.791493
0.791496
0.791499
0.791502
0.791505
0.791508
0.791511
0.791514
0.791516
0.791519
0.791522
0.791525
0.791528
0.791531
0.791533
0.791536
0.791539
0.791542
0.791545
0.791547
0.79155
0.791553
0.791556
0.791558
0.791561
0.791564
0.791566
0.791569
0.791572
0.791574
0.791577
0.79158
0.791582
0.791585
0.791587
0.79159
0.791593
0.791595
0.791598
0.7916
0.791603
0.791605
0.791608
0.79161
0.791613
0.791615
0.791618
0.79162
0.791623
0.791625
0.791628
0.79163
0.791633
0.791635
0.791637
0.79164
0.791642
0.791645
0.791647
0.791649
0.791652
0.791654
0.791656
0.791659
0.791661
0.791663
0.791666
0.791668
0.79167
0.791673
0.791675
0.791677
0.791679
0.791682
0.791684
0.791686
0.791688
0.79169
0.791693
0.791695
0.791697
0.791699
0.791701
0.791704
0.791706
0.791708
0.79171
0.791712
0.791714
0.791716
0.791718
0.791721
0.791723
0.791725
0.791727
0.791729
0.791731
0.791733
0.791735
0.791737
0.791739
0.791741
0.791743
0.791745
0.791747
0.791749
0.791751
0.791753
0.791755
0.791757
0.791759
0.791761
0.791763
0.791765
0.791767
0.791769
0.791771
0.791772
0.791774
0.791776
0.791778
0.79178
0.791782
0.791784
0.791786
0.791787
0.791789
0.791791
0.791793
0.791795
0.791797
0.791798
0.7918
0.791802
0.791804
0.791806
0.791807
0.791809
0.791811
0.791813
0.791814
0.791816
0.791818
0.791819
0.791821
0.791823
0.791825
0.791826
0.791828
0.79183
0.791831
0.791833
0.791835
0.791836
0.791838
0.79184
0.791841
0.791843
0.791845
0.791846
0.791848
0.791849
0.791851
0.791853
0.791854
0.791856
0.791857
0.791859
0.791861
0.791862
0.791864
0.791865
0.791867
0.791868
0.79187
0.791871
0.791873
0.791874
0.791876
0.791877
0.791879
0.79188
0.791882
0.791883
0.791885
0.791886
0.791888
0.791889
0.791891
0.791892
0.791894
0.791895
0.791897
0.791898
0.791899
0.791901
0.791902
0.791904
0.791905
0.791906
0.791908
0.791909
0.791911
0.791912
0.791913
0.791915
0.791916
0.791917
0.791919
0.79192
0.791921
0.791923
0.791924
0.791925
0.791927
0.791928
0.791929
0.791931
0.791932
0.791933
0.791935
0.791936
0.791937
0.791938
0.79194
0.791941
0.791942
0.791943
0.791945
0.791946
0.791947
0.791948
0.79195
0.791951
0.791952
0.791953
0.791955
0.791956
0.791957
0.791958
0.791959
0.791961
0.791962
0.791963
0.791964
0.791965
0.791966
0.791968
0.791969
0.79197
0.791971
0.791972
0.791973
0.791975
0.791976
0.791977
0.791978
0.791979
0.79198
0.791981
0.791982
0.791984
0.791985
0.791986
0.791987
0.791988
0.791989
0.79199
0.791991
0.791992
0.791993
0.791994
0.791995
0.791996
0.791998
0.791999
0.792
0.792001
0.792002
0.792003
0.792004
0.792005
0.792006
0.792007
0.792008
0.792009
0.79201
0.792011
0.792012
0.792013
0.792014
0.792015
0.792016
0.792017
0.792018
0.792019
0.79202
0.792021
0.792022
0.792023
0.792024
0.792025
0.792025
0.792026
0.792027
0.792028
0.792029
0.79203
0.792031
0.792032
0.792033
0.792034
0.792035
0.792036
0.792037
0.792037
0.792038
0.792039
0.79204
0.792041
0.792042
0.792043
0.792044
0.792045
0.792045
0.792046
0.792047
0.792048
0.792049
0.79205
0.792051
0.792051
0.792052
0.792053
0.792054
0.792055
0.792056
0.792056
0.792057
0.792058
0.792059
0.79206
0.792061
0.792061
0.792062
0.792063
0.792064
0.792065
0.792065
0.792066
0.792067
0.792068
0.792069
0.792069
0.79207
0.792071
0.792072
0.792072
0.792073
0.792074
0.792075
0.792076
0.792076
0.792077
0.792078
0.792079
0.792079
0.79208
0.792081
0.792081
0.792082
0.792083
0.792084
0.792084
0.792085
0.792086
0.792087
0.792087
0.792088
0.792089
0.792089
0.79209
0.792091
0.792092
0.792092
0.792093
0.792094
0.792094
0.792095
0.792096
0.792096
0.792097
0.792098
0.792098
0.792099
0.7921
0.7921
0.792101
0.792102
0.792102
0.792103
0.792104
0.792104
0.792105
0.792106
0.792106
0.792107
0.792108
0.792108
0.792109
0.792109
0.79211
0.792111
0.792111
0.792112
0.792113
0.792113
0.792114
0.792114
0.792115
0.792116
0.792116
0.792117
0.792117
0.792118
0.792119
0.792119
0.79212
0.79212
0.792121
0.792122
0.792122
0.792123
0.792123
0.792124
0.792124
0.792125
0.792126
0.792126
0.792127
0.792127
0.792128
0.792128
0.792129
0.79213
0.79213
0.792131
0.792131
0.792132
0.792132
0.792133
0.792133
0.792134
0.792134
0.792135
0.792135
0.792136
0.792137
0.792137
0.792138
0.792138
0.792139
0.792139
0.79214
0.79214
0.792141
0.792141
0.792142
0.792142
0.792143
0.792143
0.792144
0.792144
0.792145
0.792145
0.792146
0.792146
0.792147
0.792147
0.792148
0.792148
0.792149
0.792149
0.79215
0.79215
0.792151
0.792151
0.792152
0.792152
0.792152
0.792153
0.792153
0.792154
0.792154
0.792155
0.792155
0.792156
0.792156
0.792157
0.792157
0.792157
0.792158
0.792158
0.792159
0.792159
0.79216
0.79216
0.792161
0.792161
0.792161
0.792162
0.792162
0.792163
0.792163
0.792164
0.792164
0.792164
0.792165
0.792165
0.792166
0.792166
0.792167
0.792167
0.792167
0.792168
0.792168
0.792169
0.792169
0.792169
0.79217
0.79217
0.792171
0.792171
0.792171
0.792172
0.792172
0.792173
0.792173
0.792173
0.792174
0.792174
0.792175
0.792175
0.792175
0.792176
0.792176
0.792176
0.792177
0.792177
0.792178
0.792178
0.792178
0.792179
0.792179
0.792179
0.79218
0.79218
0.79218
0.792181
0.792181
0.792182
0.792182
0.792182
0.792183
0.792183
0.792183
0.792184
0.792184
0.792184
0.792185
0.792185
0.792185
0.792186
0.792186
0.792186
0.792187
0.792187
0.792187
0.792188
0.792188
0.792188
0.792189
0.792189
0.792189
0.79219
0.79219
0.79219
0.792191
0.792191
0.792191
0.792192
0.792192
0.792192
0.792193
0.792193
0.792193
0.792194
0.792194
0.792194
0.792195
0.792195
0.792195
0.792195
0.792196
0.792196
0.792196
0.792197
0.792197
0.792197
0.792198
0.792198
0.792198
0.792198
0.792199
0.792199
0.792199
0.7922
0.7922
0.7922
0.792201
0.792201
0.792201
0.792201
0.792202
0.792202
0.792202
0.792202
0.792203
0.792203
0.792203
0.792204
0.792204
0.792204
0.792204
0.792205
0.792205
0.792205
0.792205
0.792206
0.792206
0.792206
0.792207
0.792207
0.792207
0.792207
0.792208
0.792208
0.792208
0.792208
0.792209
0.792209
0.792209
0.792209
0.79221
0.79221
0.79221
0.79221
0.792211
0.792211
0.792211
0.792211
0.792212
0.792212
0.792212
0.792212
0.792213
0.792213
0.792213
0.792213
0.792214
0.792214
0.792214
0.792214
0.792215
0.792215
0.792215
0.792215
0.792215
0.792216
0.792216
0.792216
0.792216
0.792217
0.792217
0.792217
0.792217
0.792217
0.792218
0.792218
0.792218
0.792218
0.792219
0.792219
0.792219
0.792219
0.792219
0.79222
0.79222
0.79222
0.79222
0.792221
0.792221
0.792221
0.792221
0.792221
0.792222
0.792222
0.792222
0.792222
0.792222
0.792223
0.792223
0.792223
0.792223
0.792223
0.792224
0.792224
0.792224
0.792224
0.792224
0.792225
0.792225
0.792225
0.792225
0.792225
0.792226
0.792226
0.792226
0.792226
0.792226
0.792227
0.792227
0.792227
0.792227
0.792227
0.792227
0.792228
0.792228
0.792228
0.792228
0.792228
0.792229
0.792229
0.792229
0.792229
0.792229
0.792229
0.79223
0.79223
0.79223
0.79223
0.79223
0.79223
0.792231
0.792231
0.792231
0.792231
0.792231
0.792232
0.792232
0.792232
0.792232
0.792232
0.792232
0.792233
0.792233
0.792233
0.792233
0.792233
0.792233
0.792234
0.792234
0.792234
0.792234
0.792234
0.792234
0.792234
0.792235
0.792235
0.792235
0.792235
0.792235
0.792235
0.792236
0.792236
0.792236
0.792236
0.792236
0.792236
0.792236
0.792237
0.792237
0.792237
0.792237
0.792237
0.792237
0.792238
0.792238
0.792238
0.792238
0.792238
0.792238
0.792238
0.792239
0.792239
0.792239
0.792239
0.792239
0.792239
0.792239
0.79224
0.79224
0.79224
0.79224
0.79224
0.79224
0.79224
0.792241
0.792241
0.792241
0.792241
0.792241
0.792241
0.792241
0.792241
0.792242
0.792242
0.792242
0.792242
0.792242
0.792242
0.792242
0.792242
0.792243
0.792243
0.792243
0.792243
0.792243
0.792243
0.792243
0.792243
0.792244
0.792244
0.792244
0.792244
0.792244
0.792244
0.792244
0.792244
0.792245
0.792245
0.792245
0.792245
0.792245
0.792245
0.792245
0.792245
0.792246
0.792246
0.792246
0.792246
0.792246
0.792246
0.792246
0.792246
0.792246
0.792247
0.792247
0.792247
0.792247
0.792247
0.792247
0.792247
0.792247
0.792247
0.792248
0.792248
0.792248
0.792248
0.792248
0.792248
0.792248
0.792248
0.792248
0.792249
0.792249
0.792249
0.792249
0.792249
0.792249
0.792249
0.792249
0.792249
0.792249
0.79225
0.79225
0.79225
0.79225
0.79225
0.79225
0.79225
0.79225
0.79225
0.79225
0.792251
0.792251
0.792251
0.792251
0.792251
0.792251
0.792251
0.792251
0.792251
0.792251
0.792252
0.792252
0.792252
0.792252
0.792252
0.792252
0.792252
0.792252
0.792252
0.792252
0.792252
0.792253
0.792253
0.792253
0.792253
0.792253
0.792253
0.792253
0.792253
0.792253
0.792253
0.792253
0.792254
0.792254
0.792254
0.792254
0.792254
0.792254
0.792254
0.792254
0.792254
0.792254
0.792254
0.792254
0.792255
0.792255
0.792255
0.792255
0.792255
0.792255
0.792255
0.792255
0.792255
0.792255
0.792255
0.792255
0.792256
0.792256
0.792256
0.792256
0.792256
0.792256
0.792256
0.792256
0.792256
0.792256
0.792256
0.792256
0.792256
0.792257
0.792257
0.792257
0.792257
0.792257
0.792257
0.792257
0.792257
0.792257
0.792257
0.792257
0.792257
0.792257
0.792257
0.792258
0.792258
0.792258
0.792258
0.792258
0.792258
0.792258
0.792258
0.792258
0.792258
0.792258
0.792258
0.792258
0.792258
0.792259
0.792259
0.792259
0.792259
0.792259
0.792259
0.792259
0.792259
0.792259
0.792259
0.792259
0.792259
0.792259
0.792259
0.792259
0.79226
0.79226
0.79226
0.79226
0.79226
0.79226
0.79226
0.79226
0.79226
0.79226
0.79226
0.79226
0.79226
0.79226
0.79226
0.79226
0.792261
0.792261
0.792261
0.792261
0.792261
0.792261
0.792261
0.792261
0.792261
0.792261
0.792261
0.792261
0.792261
0.792261
0.792261
0.792261
0.792261
0.792262
0.792262
0.792262
0.792262
0.792262
0.792262
0.792262
0.792262
0.792262
0.792262
0.792262
0.792262
0.792262
0.792262
0.792262
0.792262
0.792262
0.792262
0.792263
0.792263
0.792263
0.792263
0.792263
0.792263
0.792263
0.792263
0.792263
0.792263
0.792263
0.792263
0.792263
0.792263
0.792263
0.792263
0.792263
0.792263
0.792263
0.792263
0.792264
0.792264
0.792264
0.792264
0.792264
0.792264
0.792264
0.792264
0.792264
0.792264
0.792264
0.792264
0.792264
0.792264
0.792264
0.792264
0.792264
0.792264
0.792264
0.792264
0.792264
0.792265
0.792265
0.792265
0.792265
0.792265
0.792265
0.792265
0.792265
0.792265
0.792265
0.792265
0.792265
0.792265
0.792265
0.792265
0.792265
0.792265
0.792265
0.792265
0.792265
0.792265
0.792265
0.792265
0.792266
0.792266
0.792266
0.792266
0.792266
0.792266
0.792266
0.792266
0.792266
0.792266
0.792266
0.792266
0.792266
0.792266
0.792266
0.792266
0.792266
0.792266
0.792266
0.792266
0.792266
0.792266
0.792266
0.792266
0.792266
0.792267
0.792267
0.792267
0.792267
0.792267
0.792267
0.792267
0.792267
0.792267
0.792267
0.792267
0.792267
0.792267
0.792267
0.792267
0.792267
0.792267
0.792267
0.792267
0.792267
0.792267
0.792267
0.792267
0.792267
0.792267
0.792267
0.792267
0.792267
0.792268
0.792268
0.792268
0.792268
0.792268
0.792268
0.792268
0.792268
0.792268
0.792268
0.792268
0.792268
0.792268
0.792268
0.792268
0.792268
0.792268
0.792268
0.792268
0.792268
0.792268
0.792268
0.792268
0.792268
0.792268
0.792268
0.792268
0.792268
0.792268
0.792268
0.792268
0.792269
0.792269
0.792269
0.792269
0.792269
0.792269
0.792269
0.792269
0.792269
0.792269
0.792269
0.792269
0.792269
0.792269
0.792269
0.792269
0.792269
0.792269
0.792269
0.792269
0.792269
0.792269
0.792269
0.792269
0.792269
0.792269
0.792269
0.792269
0.792269
0.792269
0.792269
0.792269
0.792269
0.792269
0.792269
0.79227
0.79227
0.79227
0.79227
0.79227
0.79227
0.79227
0.79227
0.79227
0.79227
0.79227
0.79227
0.79227
0.79227
0.79227
0.79227
0.79227
0.79227
0.79227
0.79227
0.79227
0.79227
0.79227
0.79227
0.79227
0.79227
0.79227
0.79227
0.79227
0.79227
0.79227
0.79227
0.79227
0.79227
0.79227
0.79227
0.79227
0.79227
0.79227
0.79227
0.792271
0.792271
0.792271
0.792271
0.792271
0.792271
0.792271
0.792271
0.792271
0.792271
0.792271
0.792271
0.792271
0.792271
0.792271
0.792271
0.792271
0.792271
0.792271
0.792271
0.792271
0.792271
0.792271
0.792271
0.792271
0.792271
0.792271
0.792271
0.792271
0.792271
0.792271
0.792271
0.792271
0.792271
0.792271
0.792271
0.792271
0.792271
0.792271
0.792271
0.792271
0.792271
0.792271
0.792271
0.792271
0.792271
0.792271
0.792271
0.792272
0.792272
0.792272
0.792272
0.792272
0.792272
0.792272
0.792272
0.792272
0.792272
0.792272
0.792272
0.792272
0.792272
0.792272
0.792272
0.792272
0.792272
0.792272
0.792272
0.792272
0.792272
0.792272
0.792272
0.792272
0.792272
0.792272
0.792272
0.792272
0.792272
0.792272
0.792272
0.792272
0.792272
0.792272
0.792272
0.792272
0.792272
0.792272
0.792272
0.792272
0.792272
0.792272
0.792272
0.792272
0.792272
0.792272
0.792272
0.792272
0.792272
0.792272
0.792272
0.792272
0.792272
0.792272
0.792272
0.792272
0.792272
0.792273
0.792273
0.792273
0.792273
0.792273
0.792273
0.792273
0.792273
0.792273
0.792273
0.792273
0.792273
0.792273
0.792273
0.792273
0.792273
0.792273
0.792273
0.792273
0.792273
0.792273
0.792273
0.792273
0.792273
0.792273
0.792273
0.792273
0.792273
0.792273
0.792273
0.792273
0.792273
0.792273
0.792273
0.792273
0.792273
0.792273
0.792273
0.792273
0.792273
0.792273
0.792273
0.792273
0.792273
0.792273
0.792273
0.792273
0.792273
0.792273
0.792273
0.792273
0.792273
0.792273
0.792273
0.792273
0.792273
0.792273
0.792273
0.792273
0.792273
0.792273
0.792273
0.792273
0.792273
0.792273
0.792273
0.792273
0.792273
0.792273
0.792273
0.792273
0.792273
0.792273
0.792273
0.792273
0.792274
0.792274
0.792274
0.792274
0.792274
0.792274
0.792274
0.792274
0.792274
0.792274
0.792274
0.792274
0.792274
0.792274
0.792274
0.792274
0.792274
0.792274
0.792274
0.792274
0.792274
0.792274
0.792274
0.792274
0.792274
0.792274
0.792274
0.792274
0.792274
0.792274
0.792274
0.792274
0.792274
0.792274
0.792274
0.792274
0.792274
0.792274
0.792274
0.792274
0.792274
0.792274
0.792274
0.792274
0.792274
0.792274
0.792274
0.792274
0.792274
0.792274
0.792274
0.792274
0.792274
0.792274
0.792274
0.792274
0.792274
0.792274
0.792274
0.792274
0.792274
0.792274
0.792274
0.792274
0.792274
0.792274
0.792274
0.792274
0.792274
0.792274
0.792274
0.792274
0.792274
0.792274
0.792274
0.792274
0.792274
0.792274
0.792274
0.792274
0.792274
0.792274
0.792274
0.792274
0.792274
0.792274
0.792274
0.792274
0.792274
0.792274
0.792274
0.792274
0.792274
0.792274
0.792274
0.792274
0.792274
0.792274
0.792274
0.792274
0.792274
0.792274
0.792274
0.792274
0.792275
0.792275
0.792275
0.792275
0.792275
0.792275
0.792275
0.792275
0.792275
0.792275
0.792275
0.792275
0.792275
0.792275
0.792275
0.792275
0.792275
0.792275
0.792275
0.792275
0.792275
0.792275
0.792275
0.792275
0.792275
0.792275
0.792275
0.792275
0.792275
0.792275
0.792275
0.792275
0.792275
0.792275
0.792275
0.792275
0.792275
0.792275
0.792275
0.792275
0.792275
0.792275
0.792275
0.792275
0.792275
0.792275
0.792275
0.792275
0.792275
0.792275
0.792275
0.792275
0.792275
0.792275
0.792275
0.792275
0.792275
0.792275
0.792275
0.792275
0.792275
0.792275
0.792275
0.792275
0.792275
0.792275
0.792275
0.792275
0.792275
0.792275
0.792275
0.792275
0.792275
0.792275
0.792275
0.792275
0.792275
0.792275
0.792275
0.792275
0.792275
0.792275
0.792275
0.792275
0.792275
0.792275
0.792275
0.792275
0.792275
0.792275
0.792275
0.792275
0.792275
0.792275
0.792275
0.792275
0.792275
0.792275
0.792275
0.792275
0.792275
0.792275
0.792275
0.792275
0.792275
0.792275
0.792275
0.792275
0.792275
0.792275
0.792275
0.792275
0.792275
0.792275
0.792275
0.792275
0.792275
0.792275
0.792275
0.792275
0.792275
0.792275
0.792275
0.792275
0.792275
0.792275
0.792275
0.792275
0.792275
0.792275
0.792275
0.792275
0.792275
0.792275
0.792275
0.792275
0.792275
0.792275
0.792275
0.792275
0.792275
0.792275
0.792275
0.792275
0.792275
0.792275
0.792275
0.792275
0.792275
0.792275
0.792275
0.792275
0.792275
0.792275
0.792275
0.792275
0.792275
0.792275
0.792275
0.792275
0.792275
0.792275
0.792275
0.792275
0.792275
0.792275
0.792275
0.792275
0.792275
0.792275
0.792275
0.792275
0.792275
0.792275
0.792276
0.792276
0.792276
0.792276
0.792276
0.792276
0.792276
0.792276
0.792276
0.792276
0.792276
0.792276
0.792276
0.792276
0.792276
0.792276
0.792276
0.792276
0.792276
0.792276
0.792276
0.792276
0.792276
0.792276
0.792276
0.792276
0.792276
0.792276
0.792276
0.792276
0.792276
0.792276
0.792276
0.792276
0.792276
0.792276
0.792276
0.792276
0.792276
0.792276
0.792276
0.792276
0.792276
0.792276
0.792276
0.792276
0.792276
0.792276
0.792276
0.792276
0.792276
0.792276
0.792276
0.792276
0.792276
0.792276
0.792276
0.792276
0.792276
0.792276
0.792276
0.792276
0.792276
0.792276
0.792276
0.792276
0.792276
0.792276
0.792276
0.792276
0.792276
0.792276
0.792276
0.792276
0.792276
0.792276
0.792276
0.792276
0.792276
0.792276
0.792276
0.792276
0.792276
0.792276
0.792276
0.792276
0.792276
0.792276
0.792276
0.792276
0.792276
0.792276
0.792276
0.792276
0.792276
0.792276
0.792276
0.792276
0.792276
0.792276
0.792276
0.792276
0.792276
0.792276
0.792276
0.792276
0.792276
0.792276
0.792276
0.792276
0.792276
0.792276
0.792276
0.792276
0.792276
0.792276
0.792276
0.792276
0.792276
0.792276
0.792276
0.792276
0.792276
0.792276
0.792276
0.792276
0.792276
0.792276
0.792276
0.792276
0.792276
0.792276
0.792276
0.792276
0.792276
0.792276
0.792276
0.792276
0.792276
0.792276
0.792276
0.792276
0.792276
0.792276
0.792276
0.792276
0.792276
0.792276
0.792276
0.792276
0.792276
0.792276
0.792276
0.792276
0.792276
0.792276
0.792276
0.792276
0.792276
0.792276
0.792276
0.792276
0.792276
0.792276
0.792276
0.792276
0.792276
0.792276
0.792276
0.792276
0.792276
0.792276
0.792276
0.792276
0.792276
0.792276
0.792276
0.792276
0.792276
0.792276
0.792276
0.792276
0.792276
0.792276
0.792276
0.792276
0.792276
0.792276
0.792276
0.792276
0.792276
0.792276
0.792276
0.792276
0.792276
0.792276
0.792276
0.792276
0.792276
0.792276
0.792276
0.792276
0.792276
0.792276
0.792276
0.792276
0.792276
0.792276
0.792276
0.792276
0.792276
0.792276
0.792276
0.792276
0.792276
0.792276
0.792276
0.792276
0.792276
0.792276
0.792276
0.792276
0.792276
0.792276
0.792276
0.792276
0.792276
0.792276
0.792276
0.792276
0.792276
0.792276
0.792276
0.792276
0.792276
0.792276
0.792276
0.792276
0.792276
0.792276
0.792276
0.792276
0.792276
0.792276
0.792276
0.792276
0.792276
0.792276
0.792276
0.792276
0.792276
0.792276
0.792276
0.792276
0.792276
0.792276
0.792276
0.792276
0.792276
0.792276
0.792276
0.792276
0.792276
0.792276
0.792276
0.792276
0.792276
0.792276
0.792276
0.792276
0.792276
0.792276
0.792276
0.792276
0.792276
0.792276
0.792276
0.792276
0.792276
0.792276
0.792276
0.792276
0.792276
0.792276
0.792276
0.792276
0.792276
0.792276
0.792276
0.792276
0.792276
0.792276
0.792276
0.792276
0.792276
0.792276
0.792276
0.792276
0.792276
0.792276
0.792276
0.792276
0.792276
0.792276
0.792276
0.792276
0.792276
0.792276
0.792276
0.792276
0.792276
0.792276
0.792276
0.792276
0.792276
0.792276
0.792276
0.792276
0.792276
0.792276
0.792276
0.792276
0.792276
0.792276
0.792276
0.792276
0.792276
0.792276
0.792276
0.792276
0.792276
0.792276
0.792276
0.792276
0.792276
0.792276
0.792276
0.792276
0.792276
0.792276
0.792276
0.792276
0.792276
0.792276
0.792276
0.792276
0.792276
0.792276
0.792276
0.792276
0.792276
0.792276
0.792276
0.792276
0.792276
0.792276
0.792276
0.792276
0.792276
0.792276
0.792276
0.792276
0.792276
0.792276
0.792276
0.792276
0.792276
0.792276
0.792276
0.792276
0.792276
0.792276
0.792276
0.792276
0.792276
0.792276
0.792276
0.792276
0.792276
0.792276
0.792276
0.792276
0.792276
0.792276
0.792276
0.792276
0.792276
0.792276
0.792276
0.792276
0.792276
0.792276
0.792276
0.792276
0.792276
0.792276
0.792276
0.792276
0.792276
0.792276
0.792276
0.792276
0.792276
0.792276
0.792276
0.792276
0.792276
0.792276
0.792276
0.792276
0.792276
0.792276
0.792276
0.792276
0.792276
0.792276
0.792276
0.792276
0.792276
0.792276
0.792276
0.792276
0.792276
0.792276
0.792276
0.792276
0.792276
0.792276
0.792276
0.792276
0.792276
0.792276
0.792276
0.792276
0.792276
0.792276
0.792276
0.792276
0.792276
0.792276
0.792276
0.792276
0.792276
0.792276
0.792276
0.792276
0.792276
0.792276
0.792276
0.792276
0.792276
0.792276
0.792276
0.792276
0.792276
0.792276
0.792276
0.792276
0.792276
0.792276
0.792276
0.792276
0.792276
0.792276
0.792276
0.792276
0.792276
0.792276
0.792276
0.792276
0.792276
0.792276
0.792276
0.792276
0.792276
0.792276
0.792276
0.792276
0.792276
0.792276
0.792276
0.792276
0.792276
0.792276
0.792276
0.792276
0.792276
0.792276
0.792276
0.792276
0.792276
0.792276
0.792276
0.792276
0.792276
0.792276
0.792276
0.792276
0.792276
0.792276
0.792276
0.792276
0.792276
0.792276
0.792276
0.792276
0.792276
0.792276
0.792276
0.792276
0.792276
0.792276
0.792276
0.792276
0.792276
0.792276
0.792276
0.792276
0.792276
0.792276
0.792276
0.792276
0.792276
0.792276
0.792276
0.792276
0.792276
0.792276
0.792276
0.792276
0.792276
0.792276
0.792276
0.792276
0.792276
0.792276
0.792276
0.792276
0.792276
0.792276
0.792276
0.792276
0.792276
0.792276
0.792276
0.792276
0.792276
0.792276
0.792276
0.792276
0.792276
0.792276
0.792276
0.792276
0.792276
0.792276
0.792276
0.792276
0.792276
0.792276
0.792276
0.792276
0.792276
0.792276
0.792276
0.792276
0.792276
0.792276
0.792276
0.792276
0.792276
0.792276
0.792276
0.792276
0.792276
0.792276
0.792276
0.792276
0.792276
0.792276
0.792276
0.792276
0.792276
0.792276
0.792276
0.792276
0.792276
0.792276
0.792276
0.792276
0.792276
0.792276
0.792276
0.792276
0.792276
0.792276
0.792276
0.792276
0.792276
0.792276
0.792276
0.792276
0.792276
0.792276
0.792276
0.792276
0.792276
0.792276
0.792276
0.792276
0.792276
0.792276
0.792276
0.792276
0.792276
0.792276
0.792276
0.792276
0.792276
0.792276
0.792276
0.792276
0.792276
0.792276
0.792276
0.792276
0.792276
0.792276
0.792276
0.792276
0.792276
0.792276
0.792276
0.792276
0.792276
0.792276
0.792276
0.792276
0.792276
0.792276
0.792276
0.792276
0.792276
0.792276
0.792276
0.792276
0.792276
0.792276
0.792276
0.792276
0.792276
0.792276
0.792276
0.792276
0.792276
0.792276
0.792276
0.792276
0.792276
0.792276
0.792276
0.792276
0.792276
0.792276
0.792276
0.792276
0.792276
0.792276
0.792276
0.792276
0.792276
0.792276
0.792276
0.792276
0.792276
0.792276
0.792276
0.792276
0.792276
0.792276
0.792276
0.792276
0.792276
0.792276
0.792276
0.792276
0.792277
0.792277
0.792277
0.792277
0.792277
0.792277
0.792277
0.792277
0.792277
0.792277
0.792277
0.792277
0.792277
0.792277
0.792277
0.792277
0.792277
0.792277
0.792277
0.792277
0.792277
0.792277
0.792277
0.792277
0.792277
0.792277
0.792277
0.792277
0.792277
0.792277
0.792277
0.792277
0.792277
0.792277
0.792277
0.792277
0.792277
0.792277
0.792277
0.792277
0.792277
0.792277
0.792277
0.792277
0.792277
0.792277
0.792277
0.792277
0.792277
0.792277
0.792277
0.792277
0.792277
0.792277
0.792277
0.792277
0.792277
0.792277
0.792277
0.792277
0.792277
0.792277
0.792277
0.792277
0.792277
0.792277
0.792277
0.792277
0.792277
0.792277
0.792277
0.792277
0.792277
0.792277
0.792277
0.792277
0.792277
0.792277
0.792277
0.792277
0.792277
0.792277
0.792277
0.792277
0.792277
0.792277
0.792277
0.792277
0.792277
0.792277
0.792277
0.792277
0.792277
0.792277
0.792277
0.792277
0.792277
0.792277
0.792277
0.792277
0.792277
0.792277
0.792277
0.792277
0.792277
0.792277
0.792277
0.792277
0.792277
0.792277
0.792277
0.792277
0.792277
0.792277
0.792277
0.792277
0.792277
0.792277
0.792277
0.792277
0.792277
0.792277
0.792277
0.792277
0.792277
0.792277
0.792277
0.792277
0.792277
0.792277
0.792277
0.792277
0.792277
0.792277
0.792277
0.792277
0.792277
0.792277
0.792277
0.792277
0.792277
0.792277
0.792277
0.792277
0.792277
0.792277
0.792277
0.792277
0.792277
0.792277
0.792277
0.792277
0.792277
0.792277
0.792277
0.792277
0.792277
0.792277
0.792277
0.792277
0.792277
0.792277
0.792277
0.792277
0.792277
0.792277
0.792277
0.792277
0.792277
0.792277
0.792277
0.792277
0.792277
0.792277
0.792277
0.792277
0.792277
0.792277
0.792277
0.792277
0.792277
0.792277
0.792277
0.792277
0.792277
0.792277
0.792277
0.792277
0.792277
0.792277
0.792277
0.792277
0.792277
0.792277
0.792277
0.792277
0.792277
0.792277
0.792277
0.792277
0.792277
0.792277
0.792277
0.792277
0.792277
0.792277
0.792277
0.792277
0.792277
0.792277
0.792277
0.792277
0.792277
0.792277
0.792277
0.792277
0.792277
0.792277
0.792277
0.792277
0.792277
0.792277
0.792277
0.792277
0.792277
0.792277
0.792277
0.792277
0.792277
0.792277
0.792277
0.792277
0.792277
0.792277
0.792277
0.792277
0.792277
0.792277
0.792277
0.792277
0.792277
0.792277
0.792277
0.792277
0.792277
0.792277
0.792277
0.792277
0.792277
0.792277
0.792277
0.792277
0.792277
0.792277
0.792277
0.792277
0.792277
0.792277
0.792277
0.792277
0.792277
0.792277
0.792277
0.792277
0.792277
0.792277
0.792277
0.792277
0.792277
0.792277
0.792277
0.792277
0.792277
0.792277
0.792277
0.792277
0.792277
0.792277
0.792277
0.792277
0.792277
0.792277
0.792277
0.792277
0.792277
0.792277
0.792277
0.792277
0.792277
0.792277
0.792277
0.792277
0.792277
0.792277
0.792277
0.792277
0.792277
0.792277
0.792277
0.792277
0.792277
0.792277
0.792277
0.792277
0.792277
0.792277
0.792277
0.792277
0.792277
0.792277
0.792277
0.792277
0.792277
0.792277
0.792277
0.792277
0.792277
0.792277
0.792277
0.792277
0.792277
0.792277
0.792277
0.792277
0.792277
0.792277
0.792277
0.792277
0.792277
0.792277
0.792277
0.792277
0.792277
0.792277
0.792277
0.792277
0.792277
0.792277
0.792277
0.792277
0.792277
0.792277
0.792277
0.792277
0.792277
0.792277
0.792277
0.792277
0.792277
0.792277
0.792277
0.792277
0.792277
0.792277
0.792277
0.792277
0.792277
0.792277
0.792277
0.792277
0.792277
0.792277
0.792277
0.792277
0.792277
0.792277
0.792277
0.792277
0.792277
0.792277
0.792277
0.792277
0.792277
0.792277
0.792277
0.792277
0.792277
0.792277
0.792277
0.792277
0.792277
0.792277
0.792277
0.792277
0.792277
0.792277
0.792277
0.792277
0.792277
0.792277
0.792277
0.792277
0.792277
0.792277
0.792277
0.792277
0.792277
0.792277
0.792277
0.792277
0.792277
0.792277
0.792277
0.792277
0.792277
0.792277
0.792277
0.792277
0.792277
0.792277
0.792277
0.792277
0.792277
0.792277
0.792277
0.792277
0.792277
0.792277
0.792277
0.792277
0.792277
0.792277
0.792277
0.792277
0.792277
0.792277
0.792277
0.792277
0.792277
0.792277
0.792277
0.792277
0.792277
0.792277
0.792277
0.792277
0.792277
0.792277
0.792277
0.792277
0.792277
0.792277
0.792277
0.792277
0.792277
0.792277
0.792277
0.792277
0.792277
0.792277
0.792277
0.792277
0.792277
0.792277
0.792277
0.792277
0.792277
0.792277
0.792277
0.792277
0.792277
0.792277
0.792277
0.792277
0.792277
0.792277
0.792277
0.792277
0.792277
0.792277
0.792277
0.792277
0.792277
0.792277
0.792277
0.792277
0.792277
0.792277
0.792277
0.792277
0.792277
0.792277
0.792277
0.792277
0.792277
0.792277
0.792277
0.792277
0.792277
0.792277
0.792277
0.792277
0.792277
0.792277
0.792277
0.792277
0.792277
0.792277
0.792277
0.792277
0.792277
0.792277
0.792277
0.792277
0.792277
0.792277
0.792277
0.792277
0.792277
0.792277
0.792277
0.792277
0.792277
0.792277
0.792277
0.792277
0.792277
0.792277
0.792277
0.792277
0.792277
0.792277
0.792277
0.792277
0.792277
0.792277
0.792277
0.792277
0.792277
0.792277
0.792277
0.792277
0.792277
0.792277
0.792277
0.792277
0.792277
0.792277
0.792277
0.792277
0.792277
0.792277
0.792277
0.792277
0.792277
0.792277
0.792277
0.792277
0.792277
0.792277
0.792277
0.792277
0.792277
0.792277
0.792277
0.792277
0.792277
0.792277
0.792277
0.792277
0.792277
0.792277
0.792277
0.792277
0.792277
0.792277
0.792277
0.792277
0.792277
0.792277
0.792277
0.792277
0.792277
0.792277
0.792277
0.792277
0.792277
0.792277
0.792277
0.792277
0.792277
0.792277
0.792277
0.792277
0.792277
0.792277
0.792277
0.792277
0.792277
0.792277
0.792277
0.792277
0.792277
0.792277
0.792277
0.792277
0.792277
0.792277
0.792277
0.792277
0.792277
0.792277
0.792277
0.792277
0.792277
0.792277
0.792277
0.792277
0.792277
0.792277
0.792277
0.792277
0.792277
0.792277
0.792277
0.792277
0.792277
0.792277
0.792277
0.792277
0.792277
0.792277
0.792277
0.792277
0.792277
0.792277
0.792277
0.792277
0.792277
0.792277
0.792277
0.792277
0.792277
0.792277
0.792277
0.792277
0.792277
0.792277
0.792277
0.792277
0.792277
0.792277
0.792277
0.792277
0.792277
0.792277
0.792277
0.792277
0.792277
0.792277
0.792277
0.792277
0.792277
0.792277
0.792277
0.792277
0.792277
0.792277
0.792277
0.792277
0.792277
0.792277
0.792277
0.792277
0.792277
0.792277
0.792277
0.792277
0.792277
0.792277
0.792277
0.792277
0.792277
0.792277
0.792277
0.792277
0.792277
0.792277
0.792277
0.792277
0.792277
0.792277
0.792277
0.792277
0.792277
0.792277
0.792277
0.792277
0.792277
0.792277
0.792277
0.792277
0.792277
0.792277
0.792277
0.792277
0.792277
0.792277
0.792277
0.792277
0.792277
0.792277
0.792277
0.792277
0.792277
0.792277
0.792277
0.792277
0.792277
0.792277
0.792277
0.792277
0.792277
0.792277
0.792277
0.792277
0.792277
0.792277
0.792277
0.792277
0.792277
0.792277
0.792277
0.792277
0.792277
0.792277
0.792277
0.792277
0.792277
0.792277
0.792277
0.792277
0.792277
