0.00199501
0.0235794
0.04706
0.0707042
0.0937051
0.115729
0.136688
0.156616
0.175597
0.193731
0.211114
0.227834
0.243961
0.259557
0.27467
0.28934
0.303599
0.317473
0.330985
0.344152
0.356992
0.369516
0.381738
0.393669
0.405318
0.416694
0.427807
0.438663
0.449272
0.459639
0.469773
0.479679
0.489364
0.498833
0.508094
0.517151
0.526009
0.534675
0.543153
0.551448
0.559564
0.567507
0.57528
0.582887
0.590334
0.597623
0.604759
0.611745
0.618585
0.625282
0.63184
0.638262
0.64455
0.650709
0.656742
0.66265
0.668437
0.674106
0.679658
0.685098
0.690427
0.695647
0.700762
0.705773
0.710683
0.715494
0.720207
0.724826
0.729352
0.733787
0.738133
0.742391
0.746565
0.750655
0.754663
0.758591
0.762441
0.766214
0.769912
0.773537
0.777089
0.780571
0.783983
0.787328
0.790606
0.79382
0.79697
0.800057
0.803083
0.80605
0.808957
0.811808
0.814602
0.81734
0.820025
0.822657
0.825236
0.827765
0.830244
0.832675
0.835057
0.837392
0.839682
0.841926
0.844126
0.846283
0.848397
0.85047
0.852502
0.854494
0.856447
0.858362
0.860239
0.862079
0.863883
0.865651
0.867385
0.869084
0.870751
0.872384
0.873986
0.875556
0.877095
0.878604
0.880084
0.881534
0.882956
0.88435
0.885717
0.887057
0.888371
0.889659
0.890922
0.892159
0.893373
0.894563
0.89573
0.896873
0.897994
0.899094
0.900172
0.901228
0.902264
0.90328
0.904276
0.905252
0.906209
0.907147
0.908067
0.908969
0.909853
0.91072
0.91157
0.912404
0.913221
0.914022
0.914807
0.915577
0.916332
0.917072
0.917798
0.918509
0.919207
0.91989
0.920561
0.921218
0.921863
0.922494
0.923114
0.923721
0.924317
0.9249
0.925473
0.926034
0.926584
0.927123
0.927652
0.928171
0.928679
0.929177
0.929666
0.930145
0.930615
0.931075
0.931527
0.931969
0.932403
0.932829
0.933246
0.933655
0.934056
0.934449
0.934835
0.935212
0.935583
0.935946
0.936302
0.936652
0.936994
0.93733
0.937659
0.937981
0.938298
0.938608
0.938912
0.93921
0.939502
0.939789
0.94007
0.940345
0.940615
0.94088
0.94114
0.941394
0.941644
0.941888
0.942128
0.942363
0.942594
0.94282
0.943042
0.943259
0.943472
0.943681
0.943886
0.944086
0.944283
0.944476
0.944665
0.944851
0.945033
0.945211
0.945386
0.945558
0.945726
0.94589
0.946052
0.94621
0.946366
0.946518
0.946667
0.946814
0.946957
0.947098
0.947236
0.947371
0.947503
0.947633
0.947761
0.947886
0.948008
0.948129
0.948246
0.948362
0.948475
0.948586
0.948695
0.948801
0.948906
0.949009
0.949109
0.949208
0.949304
0.949399
0.949492
0.949583
0.949672
0.94976
0.949846
0.94993
0.950013
0.950093
0.950173
0.950251
0.950327
0.950402
0.950475
0.950547
0.950617
0.950686
0.950754
0.95082
0.950885
0.950949
0.951012
0.951073
0.951133
0.951192
0.95125
0.951307
0.951362
0.951417
0.95147
0.951523
0.951574
0.951624
0.951674
0.951722
0.95177
0.951816
0.951862
0.951907
0.95195
0.951993
0.952036
0.952077
0.952117
0.952157
0.952196
0.952234
0.952272
0.952308
0.952344
0.95238
0.952414
0.952448
0.952481
0.952514
0.952546
0.952577
0.952608
0.952638
0.952668
0.952697
0.952725
0.952753
0.95278
0.952807
0.952833
0.952859
0.952884
0.952909
0.952933
0.952957
0.95298
0.953003
0.953025
0.953047
0.953069
0.95309
0.953111
0.953131
0.953151
0.95317
0.95319
0.953208
0.953227
0.953245
0.953262
0.95328
0.953297
0.953313
0.95333
0.953346
0.953361
0.953377
0.953392
0.953407
0.953421
0.953435
0.953449
0.953463
0.953476
0.95349
0.953502
0.953515
0.953527
0.95354
0.953552
0.953563
0.953575
0.953586
0.953597
0.953608
0.953618
0.953629
0.953639
0.953649
0.953658
0.953668
0.953677
0.953687
0.953696
0.953705
0.953713
0.953722
0.95373
0.953738
0.953746
0.953754
0.953762
0.953769
0.953777
0.953784
0.953791
0.953798
0.953805
0.953812
0.953818
0.953825
0.953831
0.953837
0.953843
0.953849
0.953855
0.953861
0.953866
0.953872
0.953877
0.953883
0.953888
0.953893
0.953898
0.953903
0.953908
0.953912
0.953917
0.953921
0.953926
0.95393
0.953935
0.953939
0.953943
0.953947
0.953951
0.953955
0.953958
0.953962
0.953966
0.953969
0.953973
0.953976
0.95398
0.953983
0.953986
0.953989
0.953992
0.953995
0.953998
0.954001
0.954004
0.954007
0.95401
0.954013
0.954015
0.954018
0.95402
0.954023
0.954025
0.954028
0.95403
0.954032
0.954035
0.954037
0.954039
0.954041
0.954043
0.954045
0.954047
0.954049
0.954051
0.954053
0.954055
0.954057
0.954059
0.95406
0.954062
0.954064
0.954065
0.954067
0.954069
0.95407
0.954072
0.954073
0.954075
0.954076
0.954077
0.954079
0.95408
0.954082
0.954083
0.954084
0.954085
0.954087
0.954088
0.954089
0.95409
0.954091
0.954092
0.954093
0.954095
0.954096
0.954097
0.954098
0.954099
0.9541
0.9541
0.954101
0.954102
0.954103
0.954104
0.954105
0.954106
0.954107
0.954107
0.954108
0.954109
0.95411
0.954111
0.954111
0.954112
0.954113
0.954113
0.954114
0.954115
0.954115
0.954116
0.954117
0.954117
0.954118
0.954118
0.954119
0.95412
0.95412
0.954121
0.954121
0.954122
0.954122
0.954123
0.954123
0.954124
0.954124
0.954125
0.954125
0.954126
0.954126
0.954126
0.954127
0.954127
0.954128
0.954128
0.954129
0.954129
0.954129
0.95413
0.95413
0.95413
0.954131
0.954131
0.954131
0.954132
0.954132
0.954132
0.954133
0.954133
0.954133
0.954134
0.954134
0.954134
0.954134
0.954135
0.954135
0.954135
0.954135
0.954136
0.954136
0.954136
0.954136
0.954137
0.954137
0.954137
0.954137
0.954137
0.954138
0.954138
0.954138
0.954138
0.954138
0.954139
0.954139
0.954139
0.954139
0.954139
0.95414
0.95414
0.95414
0.95414
0.95414
0.95414
0.95414
0.954141
0.954141
0.954141
0.954141
0.954141
0.954141
0.954141
0.954142
0.954142
0.954142
0.954142
0.954142
0.954142
0.954142
0.954142
0.954143
0.954143
0.954143
0.954143
0.954143
0.954143
0.954143
0.954143
0.954143
0.954143
0.954144
0.954144
0.954144
0.954144
0.954144
0.954144
0.954144
0.954144
0.954144
0.954144
0.954144
0.954144
0.954144
0.954145
0.954145
0.954145
0.954145
0.954145
0.954145
0.954145
0.954145
0.954145
0.954145
0.954145
0.954145
0.954145
0.954145
0.954145
0.954145
0.954146
0.954146
0.954146
0.954146
0.954146
0.954146
0.954146
0.954146
0.954146
0.954146
0.954146
0.954146
0.954146
0.954146
0.954146
0.954146
0.954146
0.954146
0.954146
0.954146
0.954146
0.954146
0.954146
0.954146
0.954146
0.954147
0.954147
0.954147
0.954147
0.954147
0.954147
0.954147
0.954147
0.954147
0.954147
0.954147
0.954147
0.954147
0.954147
0.954147
0.954147
0.954147
0.954147
0.954147
0.954147
0.954147
0.954147
0.954147
0.954147
0.954147
0.954147
0.954147
0.954147
0.954147
0.954147
0.954147
0.954147
0.954147
0.954147
0.954147
0.954147
0.954147
0.954147
0.954147
0.954147
0.954147
0.954147
0.954147
0.954147
0.954147
0.954147
0.954147
0.954147
0.954147
0.954147
0.954147
0.954147
0.954148
0.954148
0.954148
0.954148
0.954148
0.954148
0.954148
0.954148
0.954148
0.954148
0.954148
0.954148
0.954148
0.954148
0.954148
0.954148
0.954148
0.954148
0.954148
0.954148
0.954148
0.954148
0.954148
0.954148
0.954148
0.954148
0.954148
0.954148
0.954148
0.954148
0.954148
0.954148
0.954148
0.954148
0.954148
0.954148
0.954148
0.954148
0.954148
0.954148
0.954148
0.954148
0.954148
0.954148
0.954148
0.954148
0.954148
0.954148
0.954148
0.954148
0.954148
0.954148
0.954148
0.954148
0.954148
0.954148
0.954148
0.954148
0.954148
0.954148
0.954148
0.954148
0.954148
0.954148
0.954148
0.954148
0.954148
0.954148
0.954148
0.954148
0.954148
0.954148
0.954148
0.954148
0.954148
0.954148
0.954148
0.954148
0.954148
0.954148
0.954148
0.954148
0.954148
0.954148
0.954148
0.954148
0.954148
0.954148
0.954148
0.954148
0.954148
0.954148
0.954148
0.954148
0.954148
0.954148
0.954148
0.954148
0.954148
0.954148
0.954148
0.954148
0.954148
0.954148
0.954148
0.954148
0.954148
0.954148
0.954148
0.954148
0.954148
0.954148
0.954148
0.954148
0.954148
0.954148
0.954148
0.954148
0.954148
0.954148
0.954148
0.954148
0.954148
0.954148
0.954148
0.954148
0.954148
0.954148
0.954148
0.954148
0.954148
0.954148
0.954148
0.954148
0.954148
0.954148
0.954148
0.954148
0.954148
0.954148
0.954148
0.954148
0.954148
0.954148
0.954148
0.954148
0.954148
0.954148
0.954148
0.954148
0.954148
0.954148
0.954148
0.954148
0.954148
0.954148
0.954148
0.954148
0.954148
0.954148
0.954148
0.954148
0.954148
0.954148
0.954148
0.954148
0.954148
0.954148
0.954148
0.954148
0.954148
0.954148
0.954148
0.954148
0.954148
0.954148
0.954148
0.954148
0.954148
0.954148
0.954148
0.954148
0.954148
0.954148
0.954148
0.954148
0.954148
0.954148
0.954148
0.954148
0.954148
0.954148
0.954148
0.954148
0.954148
0.954148
0.954148
0.954148
0.954148
0.954148
0.954148
0.954148
0.954148
0.954148
0.954148
0.954148
0.954148
0.954148
0.954148
0.954148
0.954148
0.954148
0.954148
0.954148
0.954148
0.954148
0.954148
0.954148
0.954148
0.954148
0.954148
0.954148
0.954148
0.954148
0.954148
0.954148
0.954148
0.954148
0.954148
0.954148
0.954148
0.954148
0.954148
0.954148
0.954148
0.954148
0.954148
0.954148
0.954148
0.954148
0.954148
0.954148
0.954148
0.954148
0.954148
0.954148
0.954148
0.954148
0.954148
0.954148
0.954148
0.954148
0.954148
0.954148
0.954148
0.954148
0.954148
0.954148
0.954148
0.954148
0.954148
0.954148
0.954148
0.954148
0.954148
0.954148
0.954148
0.954148
0.954148
0.954148
0.954148
0.954148
0.954148
0.954148
0.954148
0.954148
0.954148
0.954148
0.954148
0.954148
0.954148
0.954148
0.954148
0.954148
0.954148
0.954148
0.954148
0.954148
0.954148
0.954148
0.954148
0.954148
0.954148
0.954148
0.954148
0.954148
0.954148
0.954148
0.954148
0.954148
0.954148
0.954148
0.954148
0.954148
0.954148
0.954148
0.954148
0.954148
0.954148
0.954148
0.954148
0.954148
0.954148
0.954148
0.954148
0.954148
0.954148
0.954148
0.954148
0.954148
0.954148
0.954148
0.954148
0.954148
0.954148
0.954148
0.954148
0.954148
0.954148
0.954148
0.954148
0.954148
0.954148
0.954148
0.954148
0.954148
0.954148
0.954148
0.954148
0.954148
0.954148
0.954148
0.954148
0.954148
0.954148
0.954148
0.954148
0.954148
0.954148
0.954148
0.954148
0.954148
0.954148
0.954148
0.954148
0.954148
0.954148
0.954148
0.954148
0.954148
0.954148
0.954148
0.954148
0.954148
0.954148
0.954148
0.954148
0.954148
0.954148
0.954148
0.954148
0.954148
0.954148
0.954148
0.954148
0.954148
0.954148
0.954148
0.954148
0.954148
0.954148
0.954148
0.954148
0.954148
0.954148
0.954148
0.954148
0.954148
0.954148
0.954148
0.954148
0.954148
0.954148
0.954148
0.954148
0.954148
0.954148
0.954148
0.954148
0.954148
0.954148
0.954148
0.954148
0.954148
0.954148
0.954148
0.954148
0.954148
0.954148
0.954148
0.954148
0.954148
0.954148
0.954148
0.954148
0.954148
0.954148
0.954148
0.954148
0.954148
0.954148
0.954148
0.954148
0.954148
0.954148
0.954148
0.954148
0.954148
0.954148
0.954148
0.954148
0.954148
0.954148
0.954148
0.954148
0.954148
0.954148
0.954148
0.954148
0.954148
0.954148
0.954148
0.954148
0.954148
0.954148
0.954148
0.954148
0.954148
0.954148
0.954148
0.954148
0.954148
0.954148
0.954148
0.954148
0.954148
0.954148
0.954148
0.954148
0.954148
0.954148
0.954148
0.954148
0.954148
0.954148
0.954148
0.954148
0.954148
0.954148
0.954148
0.954148
0.954148
0.954148
0.954148
0.954148
0.954148
0.954148
0.954148
0.954148
0.954148
0.954148
0.954148
0.954148
0.954148
0.954148
0.954148
0.954148
0.954148
0.954148
0.954148
0.954148
0.954148
0.954148
0.954148
0.954148
0.954148
0.954148
0.954148
0.954148
0.954148
0.954148
0.954148
0.954148
0.954148
0.954148
0.954148
0.954148
0.954148
0.954148
0.954148
0.954148
0.954148
0.954148
0.954148
0.954148
0.954148
0.954148
0.954148
0.954148
0.954148
0.954148
0.954148
0.954148
0.954148
0.954148
0.954148
0.954148
0.954148
0.954148
0.954148
0.954148
0.954148
0.954148
0.954148
0.954148
0.954148
0.954148
0.954148
0.954148
0.954148
0.954148
0.954148
0.954148
0.954148
0.954148
0.954148
0.954148
0.954148
0.954148
0.954148
0.954148
0.954148
0.954148
0.954148
0.954148
0.954148
0.954148
0.954148
0.954148
0.954148
0.954148
0.954148
0.954148
0.954148
0.954148
0.954148
0.954148
0.954148
0.954148
0.954148
0.954148
0.954148
0.954148
0.954148
0.954148
0.954148
0.954148
0.954148
0.954148
0.954148
0.954148
0.954148
0.954148
0.954148
0.954148
0.954148
0.954148
0.954148
0.954148
0.954148
0.954148
0.954148
0.954148
0.954148
0.954148
0.954148
0.954148
0.954148
0.954148
0.954148
0.954148
0.954148
0.954148
0.954148
0.954148
0.954148
0.954148
0.954148
0.954148
0.954148
0.954148
0.954148
0.954148
0.954148
0.954148
0.954148
0.954148
0.954148
0.954148
0.954148
0.954148
0.954148
0.954148
0.954148
0.954148
0.954148
0.954148
0.954148
0.954148
0.954148
0.954148
0.954148
0.954148
0.954148
0.954148
0.954148
0.954148
0.954148
0.954148
0.954148
0.954148
0.954148
0.954148
0.954148
0.954148
0.954148
0.954148
0.954148
0.954148
0.954148
0.954148
0.954148
0.954148
0.954148
0.954148
0.954148
0.954148
0.954148
0.954148
0.954148
0.954148
0.954148
0.954148
0.954148
0.954148
0.954148
0.954148
0.954148
0.954148
0.954148
0.954148
0.954148
0.954148
0.954148
0.954148
0.954148
0.954148
0.954148
0.954148
0.954148
0.954148
0.954148
0.954148
0.954148
0.954148
0.954148
0.954148
0.954148
0.954148
0.954148
0.954148
0.954148
0.954148
0.954148
0.954148
0.954148
0.954148
0.954148
0.954148
0.954148
0.954148
0.954148
0.954148
0.954148
0.954148
0.954148
0.954148
0.954148
0.954148
0.954148
0.954148
0.954148
0.954148
0.954148
0.954148
0.954148
0.954148
0.954148
0.954148
0.954148
0.954148
0.954148
0.954148
0.954148
0.954148
0.954148
0.954148
0.954148
0.954148
0.954148
0.954148
0.954148
0.954148
0.954148
0.954148
0.954148
0.954148
0.954148
0.954148
0.954148
0.954148
0.954148
0.954148
0.954148
0.954148
0.954148
0.954148
0.954148
0.954148
0.954148
0.954148
0.954148
0.954148
0.954148
0.954148
0.954148
0.954148
0.954148
0.954148
0.954148
0.954148
0.954148
0.954148
0.954148
0.954148
0.954148
0.954148
0.954148
0.954148
0.954148
0.954148
0.954148
0.954148
0.954148
0.954148
0.954148
0.954148
0.954148
0.954148
0.954148
0.954148
0.954148
0.954148
0.954148
0.954148
0.954148
0.954148
0.954148
0.954148
0.954148
0.954148
0.954148
0.954148
0.954148
0.954148
0.954148
0.954148
0.954148
0.954148
0.954148
0.954148
0.954148
0.954148
0.954148
0.954148
0.954148
0.954148
0.954148
0.954148
0.954148
0.954148
0.954148
0.954148
0.954148
0.954148
0.954148
0.954148
0.954148
0.954148
0.954148
0.954148
0.954148
0.954148
0.954148
0.954148
0.954148
0.954148
0.954148
0.954148
0.954148
0.954148
0.954148
0.954148
0.954148
0.954148
0.954148
0.954148
0.954148
0.954148
0.954148
0.954148
0.954148
0.954148
0.954148
0.954148
0.954148
0.954148
0.954148
0.954148
0.954148
0.954148
0.954148
0.954148
0.954148
0.954148
0.954148
0.954148
0.954148
0.954148
0.954148
0.954148
0.954148
0.954148
0.954148
0.954148
0.954148
0.954148
0.954148
0.954148
0.954148
0.954148
0.954148
0.954148
0.954148
0.954148
0.954148
0.954148
0.954148
0.954148
0.954148
0.954148
0.954148
0.954148
0.954148
0.954148
0.954148
0.954148
0.954148
0.954148
0.954148
0.954148
0.954148
0.954148
0.954148
0.954148
0.954148
0.954148
0.954148
0.954148
0.954148
0.954148
0.954148
0.954148
0.954148
0.954148
0.954148
0.954148
0.954148
0.954148
0.954148
0.954148
0.954148
0.954148
0.954148
0.954148
0.954148
0.954148
0.954148
0.954148
0.954148
0.954148
0.954148
0.954148
0.954148
0.954148
0.954148
0.954148
0.954148
0.954148
0.954148
0.954148
0.954148
0.954148
0.954148
0.954148
0.954148
0.954148
0.954148
0.954148
0.954148
0.954148
0.954148
0.954148
0.954148
0.954148
0.954148
0.954148
0.954148
0.954148
0.954148
0.954148
0.954148
0.954148
0.954148
0.954148
0.954148
0.954148
0.954148
0.954148
0.954148
0.954148
0.954148
0.954148
0.954148
0.954148
0.954148
0.954148
0.954148
0.954148
0.954148
0.954148
0.954148
0.954148
0.954148
0.954148
0.954148
0.954148
0.954148
0.954148
0.954148
0.954148
0.954148
0.954148
0.954148
0.954148
0.954148
0.954148
0.954148
0.954148
0.954148
0.954148
0.954148
0.954148
0.954148
0.954148
0.954148
0.954148
0.954148
0.954148
0.954148
0.954148
0.954148
0.954148
0.954148
0.954148
0.954148
0.954148
0.954148
0.954148
0.954148
0.954148
0.954148
0.954148
0.954148
0.954148
0.954148
0.954148
0.954148
0.954148
0.954148
0.954148
0.954148
0.954148
0.954148
0.954148
0.954148
0.954148
0.954148
0.954148
0.954148
0.954148
0.954148
0.954148
0.954148
0.954148
0.954148
0.954148
0.954148
0.954148
0.954148
0.954148
0.954148
0.954148
0.954148
0.954148
0.954148
0.954148
0.954148
0.954148
0.954148
0.954148
0.954148
0.954148
0.954148
0.954148
0.954148
0.954148
0.954148
0.954148
0.954148
0.954148
0.954148
0.954148
0.954148
0.954148
0.954148
0.954148
0.954148
0.954148
0.954148
0.954148
0.954148
0.954148
0.954148
0.954148
0.954148
0.954148
0.954148
0.954148
0.954148
0.954148
0.954148
0.954148
0.954148
0.954148
0.954148
0.954148
0.954148
0.954148
0.954148
0.954148
0.954148
0.954148
0.954148
0.954148
0.954148
0.954148
0.954148
0.954148
0.954148
0.954148
0.954148
0.954148
0.954148
0.954148
0.954148
0.954148
0.954148
0.954148
0.954148
0.954148
0.954148
0.954148
0.954148
0.954148
0.954148
0.954148
0.954148
0.954148
0.954148
0.954148
0.954148
0.954148
0.954148
0.954148
0.954148
0.954148
0.954148
0.954148
0.954148
0.954148
0.954148
0.954148
0.954148
0.954148
0.954148
0.954148
0.954148
0.954148
0.954148
0.954148
0.954148
0.954148
0.954148
0.954148
0.954148
0.954148
0.954148
0.954148
0.954148
0.954148
0.954148
0.954148
0.954148
0.954148
0.954148
0.954148
0.954148
0.954148
0.954148
0.954148
0.954148
0.954148
0.954148
0.954148
0.954148
0.954148
0.954148
0.954148
0.954148
0.954148
0.954148
0.954148
0.954148
0.954148
0.954148
0.954148
0.954148
0.954148
0.954148
0.954148
0.954148
0.954148
0.954148
0.954148
0.954148
0.954148
0.954148
0.954148
0.954148
0.954148
0.954148
0.954148
0.954148
0.954148
0.954148
0.954148
0.954148
0.954148
0.954148
0.954148
0.954148
0.954148
0.954148
0.954148
0.954148
0.954148
0.954148
0.954148
0.954148
0.954148
0.954148
0.954148
0.954148
0.954148
0.954148
0.954148
0.954148
0.954148
0.954148
0.954148
0.954148
0.954148
0.954148
0.954148
0.954148
0.954148
0.954148
0.954148
0.954148
0.954148
0.954148
0.954148
0.954148
0.954148
0.954148
0.954148
0.954148
0.954148
0.954148
0.954148
0.954148
0.954148
0.954148
0.954148
0.954148
0.954148
0.954148
0.954148
0.954148
0.954148
0.954148
0.954148
0.954148
0.954148
0.954148
0.954148
0.954148
0.954148
0.954148
0.954148
0.954148
0.954148
0.954148
0.954148
0.954148
0.954148
0.954148
0.954148
0.954148
0.954148
0.954148
0.954148
0.954148
0.954148
0.954148
0.954148
0.954148
0.954148
0.954148
0.954148
0.954148
0.954148
0.954148
0.954148
0.954148
0.954148
0.954148
0.954148
0.954148
0.954148
0.954148
0.954148
0.954148
0.954148
0.954148
0.954148
0.954148
0.954148
0.954148
0.954148
0.954148
0.954148
0.954148
0.954148
0.954148
0.954148
0.954148
0.954148
0.954148
0.954148
0.954148
0.954148
0.954148
0.954148
0.954148
0.954148
0.954148
0.954148
0.954148
0.954148
0.954148
0.954148
0.954148
0.954148
0.954148
0.954148
0.954148
0.954148
0.954148
0.954148
0.954148
0.954148
0.954148
0.954148
0.954148
0.954148
0.954148
0.954148
0.954148
0.954148
0.954148
0.954148
0.954148
0.954148
0.954148
0.954148
0.954148
0.954148
0.954148
0.954148
0.954148
0.954148
0.954148
0.954148
0.954148
0.954148
0.954148
0.954148
0.954148
0.954148
0.954148
0.954148
0.954148
0.954148
0.954148
0.954148
0.954148
0.954148
0.954148
0.954148
0.954148
0.954148
0.954148
0.954148
0.954148
0.954148
0.954148
0.954148
0.954148
0.954148
0.954148
0.954148
0.954148
0.954148
0.954148
0.954148
0.954148
0.954148
0.954148
0.954148
0.954148
0.954148
0.954148
0.954148
0.954148
0.954148
0.954148
0.954148
0.954148
0.954148
0.954148
0.954148
0.954148
0.954148
0.954148
0.954148
0.954148
0.954148
0.954148
0.954148
0.954148
0.954148
0.954148
0.954148
0.954148
0.954148
0.954148
0.954148
0.954148
0.954148
0.954148
0.954148
0.954148
0.954148
0.954148
0.954148
0.954148
0.954148
0.954148
0.954148
0.954148
0.954148
0.954148
0.954148
0.954148
0.954148
0.954148
0.954148
0.954148
0.954148
0.954148
0.954148
0.954148
0.954148
0.954148
0.954148
0.954148
0.954148
0.954148
0.954148
0.954148
0.954148
0.954148
0.954148
0.954148
0.954148
0.954148
0.954148
0.954148
0.954148
0.954148
0.954148
0.954148
0.954148
0.954148
0.954148
0.954148
0.954148
0.954148
0.954148
0.954148
0.954148
0.954148
0.954148
0.954148
0.954148
0.954148
0.954148
0.954148
0.954148
0.954148
0.954148
0.954148
0.954148
0.954148
0.954148
0.954148
0.954148
0.954148
0.954148
0.954148
0.954148
0.954148
0.954148
0.954148
0.954148
0.954148
0.954148
0.954148
0.954148
0.954148
0.954148
0.954148
0.954148
0.954148
0.954148
0.954148
0.954148
0.954148
0.954148
0.954148
0.954148
0.954148
0.954148
0.954148
0.954148
0.954148
0.954148
0.954148
0.954148
0.954148
0.954148
0.954148
0.954148
0.954148
0.954148
0.954148
0.954148
0.954148
0.954148
0.954148
0.954148
0.954148
0.954148
0.954148
0.954148
0.954148
0.954148
0.954148
0.954148
0.954148
0.954148
0.954148
0.954148
0.954148
0.954148
0.954148
0.954148
0.954148
0.954148
0.954148
0.954148
0.954148
0.954148
0.954148
0.954148
0.954148
0.954148
0.954148
0.954148
0.954148
0.954148
0.954148
0.954148
0.954148
0.954148
0.954148
0.954148
0.954148
0.954148
0.954148
0.954148
0.954148
0.954148
0.954148
0.954148
0.954148
0.954148
0.954148
0.954148
0.954148
0.954148
0.954148
0.954148
0.954148
0.954148
0.954148
0.954148
0.954148
0.954148
0.954148
0.954148
0.954148
0.954148
0.954148
0.954148
0.954148
0.954148
0.954148
0.954148
0.954148
0.954148
0.954148
0.954148
0.954148
0.954148
0.954148
0.954148
0.954148
0.954148
0.954148
0.954148
0.954148
0.954148
0.954148
0.954148
0.954148
0.954148
0.954148
0.954148
0.954148
0.954148
0.954148
0.954148
0.954148
0.954148
0.954148
0.954148
0.954148
0.954148
0.954148
0.954148
0.954148
0.954148
0.954148
0.954148
0.954148
0.954148
0.954148
0.954148
0.954148
0.954148
0.954148
0.954148
0.954148
0.954148
0.954148
0.954148
0.954148
0.954148
0.954148
0.954148
0.954148
0.954148
0.954148
0.954148
0.954148
0.954148
0.954148
0.954148
0.954148
0.954148
0.954148
0.954148
0.954148
0.954148
0.954148
0.954148
0.954148
0.954148
0.954148
0.954148
0.954148
0.954148
0.954148
0.954148
0.954148
0.954148
0.954148
0.954148
0.954148
0.954148
0.954148
0.954148
0.954148
0.954148
0.954148
0.954148
0.954148
0.954148
0.954148
0.954148
0.954148
0.954148
0.954148
0.954148
0.954148
0.954148
0.954148
0.954148
0.954148
0.954148
0.954148
0.954148
0.954148
0.954148
0.954148
0.954148
0.954148
0.954148
0.954148
0.954148
0.954148
0.954148
0.954148
0.954148
0.954148
0.954148
0.954148
0.954148
0.954148
0.954148
0.954148
0.954148
0.954148
0.954148
0.954148
0.954148
0.954148
0.954148
0.954148
0.954148
0.954148
0.954148
0.954148
0.954148
0.954148
0.954148
0.954148
0.954148
0.954148
0.954148
0.954148
0.954148
0.954148
0.954148
0.954148
0.954148
0.954148
0.954148
0.954148
0.954148
0.954148
0.954148
0.954148
0.954148
0.954148
0.954148
0.954148
0.954148
0.954148
0.954148
0.954148
0.954148
0.954148
0.954148
0.954148
0.954148
0.954148
0.954148
0.954148
0.954148
0.954148
0.954148
0.954148
0.954148
0.954148
0.954148
0.954148
0.954148
0.954148
0.954148
0.954148
0.954148
0.954148
0.954148
0.954148
0.954148
0.954148
0.954148
0.954148
0.954148
0.954148
0.954148
0.954148
0.954148
0.954148
0.954148
0.954148
0.954148
0.954148
0.954148
0.954148
0.954148
0.954148
0.954148
0.954148
0.954148
0.954148
0.954148
0.954148
0.954148
0.954148
0.954148
0.954148
0.954148
0.954148
0.954148
0.954148
0.954148
0.954148
0.954148
0.954148
0.954148
0.954148
0.954148
0.954148
0.954148
0.954148
0.954148
0.954148
0.954148
0.954148
0.954148
0.954148
0.954148
0.954148
0.954148
0.954148
0.954148
0.954148
0.954148
0.954148
0.954148
0.954148
0.954148
0.954148
0.954148
0.954148
0.954148
0.954148
0.954148
0.954148
0.954148
0.954148
0.954148
0.954148
0.954148
0.954148
0.954148
0.954148
0.954148
0.954148
0.954148
0.954148
0.954148
0.954148
0.954148
0.954148
0.954148
0.954148
0.954148
0.954148
0.954148
0.954148
0.954148
0.954148
0.954148
0.954148
0.954148
0.954148
0.954148
0.954148
0.954148
0.954148
0.954148
0.954148
0.954148
0.954148
0.954148
0.954148
0.954148
0.954148
0.954148
0.954148
0.954148
0.954148
0.954148
0.954148
0.954148
0.954148
0.954148
0.954148
0.954148
0.954148
0.954148
0.954148
0.954148
0.954148
0.954148
0.954148
0.954148
0.954148
0.954148
0.954148
0.954148
0.954148
0.954148
0.954148
0.954148
0.954148
0.954148
0.954148
0.954148
0.954148
0.954148
0.954148
0.954148
0.954148
0.954148
0.954148
0.954148
0.954148
0.954148
0.954148
0.954148
0.954148
0.954148
0.954148
0.954148
0.954148
0.954148
0.954148
0.954148
0.954148
0.954148
0.954148
0.954148
0.954148
0.954148
0.954148
0.954148
0.954148
0.954148
0.954148
0.954148
0.954148
0.954148
0.954148
0.954148
0.954148
0.954148
0.954148
0.954148
0.954148
0.954148
0.954148
0.954148
0.954148
0.954148
0.954148
0.954148
0.954148
0.954148
0.954148
0.954148
0.954148
0.954148
0.954148
0.954148
0.954148
0.954148
0.954148
0.954148
0.954148
0.954148
0.954148
0.954148
0.954148
0.954148
0.954148
0.954148
0.954148
0.954148
0.954148
0.954148
0.954148
0.954148
0.954148
0.954148
0.954148
0.954148
0.954148
0.954148
0.954148
0.954148
0.954148
0.954148
0.954148
0.954148
0.954148
0.954148
0.954148
0.954148
0.954148
0.954148
0.954148
0.954148
0.954148
0.954148
0.954148
0.954148
0.954148
0.954148
0.954148
0.954148
0.954148
0.954148
0.954148
0.954148
0.954148
0.954148
0.954148
0.954148
0.954148
0.954148
0.954148
0.954148
0.954148
0.954148
0.954148
0.954148
0.954148
0.954148
0.954148
0.954148
0.954148
0.954148
0.954148
0.954148
0.954148
0.954148
0.954148
0.954148
0.954148
0.954148
0.954148
0.954148
0.954148
0.954148
0.954148
0.954148
0.954148
0.954148
0.954148
0.954148
0.954148
0.954148
0.954148
0.954148
0.954148
0.954148
0.954148
0.954148
0.954148
0.954148
0.954148
0.954148
0.954148
0.954148
0.954148
0.954148
0.954148
0.954148
0.954148
0.954148
0.954148
0.954148
0.954148
0.954148
0.954148
0.954148
0.954148
0.954148
0.954148
0.954148
0.954148
0.954148
0.954148
0.954148
0.954148
0.954148
0.954148
0.954148
0.954148
0.954148
0.954148
0.954148
0.954148
0.954148
0.954148
0.954148
0.954148
0.954148
0.954148
0.954148
0.954148
0.954148
0.954148
0.954148
0.954148
0.954148
0.954148
0.954148
0.954148
0.954148
0.954148
0.954148
0.954148
0.954148
0.954148
0.954148
0.954148
0.954148
0.954148
0.954148
0.954148
0.954148
0.954148
0.954148
0.954148
0.954148
0.954148
0.954148
0.954148
0.954148
0.954148
0.954148
0.954148
0.954148
0.954148
0.954148
0.954148
0.954148
0.954148
0.954148
0.954148
0.954148
0.954148
0.954148
0.954148
0.954148
0.954148
0.954148
0.954148
0.954148
0.954148
0.954148
0.954148
0.954148
0.954148
0.954148
0.954148
0.954148
0.954148
0.954148
0.954148
0.954148
0.954148
0.954148
0.954148
0.954148
0.954148
0.954148
0.954148
0.954148
0.954148
0.954148
0.954148
0.954148
0.954148
0.954148
0.954148
0.954148
0.954148
0.954148
0.954148
0.954148
0.954148
0.954148
0.954148
0.954148
0.954148
0.954148
0.954148
0.954148
0.954148
0.954148
0.954148
0.954148
0.954148
0.954148
0.954148
0.954148
0.954148
0.954148
0.954148
0.954148
0.954148
0.954148
0.954148
0.954148
0.954148
0.954148
0.954148
0.954148
0.954148
0.954148
0.954148
0.954148
0.954148
0.954148
0.954148
0.954148
0.954148
0.954148
0.954148
0.954148
0.954148
0.954148
0.954148
0.954148
0.954148
0.954148
0.954148
0.954148
0.954148
0.954148
0.954148
0.954148
0.954148
0.954148
0.954148
0.954148
0.954148
0.954148
0.954148
0.954148
0.954148
0.954148
0.954148
0.954148
0.954148
0.954148
0.954148
0.954148
0.954148
0.954148
0.954148
0.954148
0.954148
0.954148
0.954148
0.954148
0.954148
0.954148
0.954148
0.954148
0.954148
0.954148
0.954148
0.954148
0.954148
0.954148
0.954148
0.954148
0.954148
0.954148
0.954148
0.954148
0.954148
0.954148
0.954148
0.954148
0.954148
0.954148
0.954148
0.954148
0.954148
0.954148
0.954148
0.954148
0.954148
0.954148
0.954148
0.954148
0.954148
0.954148
0.954148
0.954148
0.954148
0.954148
0.954148
0.954148
0.954148
0.954148
0.954148
0.954148
0.954148
0.954148
0.954148
0.954148
0.954148
0.954148
0.954148
0.954148
0.954148
0.954148
0.954148
0.954148
0.954148
0.954148
0.954148
0.954148
0.954148
0.954148
0.954148
0.954148
0.954148
0.954148
0.954148
0.954148
0.954148
0.954148
0.954148
0.954148
0.954148
0.954148
0.954148
0.954148
0.954148
0.954148
0.954148
0.954148
0.954148
0.954148
0.954148
0.954148
0.954148
0.954148
0.954148
0.954148
0.954148
0.954148
0.954148
0.954148
0.954148
0.954148
0.954148
0.954148
0.954148
0.954148
0.954148
0.954148
0.954148
0.954148
0.954148
0.954148
0.954148
0.954148
0.954148
0.954148
0.954148
0.954148
0.954148
0.954148
0.954148
0.954148
0.954148
0.954148
0.954148
0.954148
0.954148
0.954148
0.954148
0.954148
0.954148
0.954148
0.954148
0.954148
0.954148
0.954148
0.954148
0.954148
0.954148
0.954148
0.954148
0.954148
0.954148
0.954148
0.954148
0.954148
0.954148
0.954148
0.954148
0.954148
0.954148
0.954148
0.954148
0.954148
0.954148
0.954148
0.954148
0.954148
0.954148
0.954148
0.954148
0.954148
0.954148
0.954148
0.954148
0.954148
0.954148
0.954148
0.954148
0.954148
0.954148
0.954148
0.954148
0.954148
0.954148
0.954148
0.954148
0.954148
0.954148
0.954148
0.954148
0.954148
0.954148
0.954148
0.954148
0.954148
0.954148
0.954148
0.954148
0.954148
0.954148
0.954148
0.954148
0.954148
0.954148
0.954148
0.954148
0.954148
0.954148
0.954148
0.954148
0.954148
0.954148
0.954148
0.954148
0.954148
0.954148
0.954148
0.954148
0.954148
0.954148
0.954148
0.954148
0.954148
0.954148
0.954148
0.954148
0.954148
0.954148
0.954148
0.954148
0.954148
0.954148
0.954148
0.954148
0.954148
0.954148
0.954148
0.954148
0.954148
0.954148
0.954148
0.954148
0.954148
0.954148
0.954148
0.954148
0.954148
0.954148
0.954148
0.954148
0.954148
0.954148
0.954148
0.954148
0.954148
0.954148
0.954148
0.954148
0.954148
0.954148
0.954148
0.954148
0.954148
0.954148
0.954148
0.954148
0.954148
0.954148
0.954148
0.954148
0.954148
0.954148
0.954148
0.954148
0.954148
0.954148
0.954148
0.954148
0.954148
0.954148
0.954148
0.954148
0.954148
0.954148
0.954148
0.954148
0.954148
0.954148
0.954148
0.954148
0.954148
0.954148
0.954148
0.954148
0.954148
0.954148
0.954148
0.954148
0.954148
0.954148
0.954148
0.954148
0.954148
0.954148
0.954148
0.954148
0.954148
0.954148
0.954148
0.954148
0.954148
0.954148
0.954148
0.954148
0.954148
0.954148
0.954148
0.954148
0.954148
0.954148
0.954148
0.954148
0.954148
0.954148
0.954148
0.954148
0.954148
0.954148
0.954148
0.954148
0.954148
0.954148
0.954148
0.954148
0.954148
0.954148
0.954148
0.954148
0.954148
0.954148
0.954148
0.954148
0.954148
0.954148
0.954148
0.954148
0.954148
0.954148
0.954148
0.954148
0.954148
0.954148
0.954148
0.954148
0.954148
0.954148
0.954148
0.954148
0.954148
0.954148
0.954148
0.954148
0.954148
0.954148
0.954148
0.954148
0.954148
0.954148
0.954148
0.954148
0.954148
0.954148
0.954148
0.954148
0.954148
0.954148
0.954148
0.954148
0.954148
0.954148
0.954148
0.954148
0.954148
0.954148
0.954148
0.954148
0.954148
0.954148
0.954148
0.954148
0.954148
0.954148
0.954148
0.954148
0.954148
0.954148
0.954148
0.954148
0.954148
0.954148
0.954148
0.954148
0.954148
0.954148
0.954148
0.954148
0.954148
0.954148
0.954148
0.954148
0.954148
0.954148
0.954148
0.954148
0.954148
0.954148
0.954148
0.954148
0.954148
0.954148
0.954148
0.954148
0.954148
0.954148
0.954148
0.954148
0.954148
0.954148
0.954148
0.954148
0.954148
0.954148
0.954148
0.954148
0.954148
0.954148
0.954148
0.954148
0.954148
0.954148
0.954148
0.954148
0.954148
0.954148
0.954148
0.954148
0.954148
0.954148
0.954148
0.954148
0.954148
0.954148
0.954148
0.954148
0.954148
0.954148
0.954148
0.954148
0.954148
0.954148
0.954148
0.954148
0.954148
0.954148
0.954148
0.954148
0.954148
0.954148
0.954148
0.954148
0.954148
0.954148
0.954148
0.954148
0.954148
0.954148
0.954148
0.954148
0.954148
0.954148
0.954148
0.954148
0.954148
0.954148
0.954148
0.954148
0.954148
0.954148
0.954148
0.954148
0.954148
0.954148
0.954148
0.954148
0.954148
0.954148
0.954148
0.954148
0.954148
0.954148
0.954148
0.954148
0.954148
0.954148
0.954148
0.954148
0.954148
0.954148
0.954148
0.954148
0.954148
0.954148
0.954148
0.954148
0.954148
0.954148
0.954148
0.954148
0.954148
0.954148
0.954148
0.954148
0.954148
0.954148
0.954148
0.954148
0.954148
0.954148
0.954148
0.954148
0.954148
0.954148
0.954148
0.954148
0.954148
0.954148
0.954148
0.954148
0.954148
0.954148
0.954148
0.954148
0.954148
0.954148
0.954148
0.954148
0.954148
0.954148
0.954148
0.954148
0.954148
0.954148
0.954148
0.954148
0.954148
0.954148
0.954148
0.954148
0.954148
0.954148
0.954148
0.954148
0.954148
0.954148
0.954148
0.954148
0.954148
0.954148
0.954148
0.954148
0.954148
0.954148
0.954148
0.954148
0.954148
0.954148
0.954148
0.954148
0.954148
0.954148
0.954148
0.954148
0.954148
0.954148
0.954148
0.954148
0.954148
0.954148
0.954148
0.954148
0.954148
0.954148
0.954148
0.954148
0.954148
0.954148
0.954148
0.954148
0.954148
0.954148
0.954148
0.954148
0.954148
0.954148
0.954148
0.954148
0.954148
0.954148
0.954148
0.954148
0.954148
0.954148
0.954148
0.954148
0.954148
0.954148
0.954148
0.954148
0.954148
0.954148
0.954148
0.954148
0.954148
0.954148
0.954148
0.954148
0.954148
0.954148
0.954148
0.954148
0.954148
0.954148
0.954148
0.954148
0.954148
0.954148
0.954148
0.954148
0.954148
0.954148
0.954148
0.954148
0.954148
0.954148
0.954148
0.954148
0.954148
0.954148
0.954148
0.954148
0.954148
0.954148
0.954148
0.954148
0.954148
0.954148
0.954148
0.954148
0.954148
0.954148
0.954148
0.954148
0.954148
0.954148
0.954148
0.954148
0.954148
0.954148
0.954148
0.954148
0.954148
0.954148
0.954148
0.954148
0.954148
0.954148
0.954148
0.954148
0.954148
0.954148
0.954148
0.954148
0.954148
0.954148
0.954148
0.954148
0.954148
0.954148
0.954148
0.954148
0.954148
0.954148
0.954148
0.954148
0.954148
0.954148
0.954148
0.954148
0.954148
0.954148
0.954148
0.954148
0.954148
0.954148
0.954148
0.954148
0.954148
0.954148
0.954148
0.954148
0.954148
0.954148
0.954148
0.954148
0.954148
0.954148
0.954148
0.954148
0.954148
0.954148
0.954148
0.954148
0.954148
0.954148
0.954148
0.954148
0.954148
0.954148
0.954148
0.954148
0.954148
0.954148
0.954148
0.954148
0.954148
0.954148
0.954148
0.954148
0.954148
0.954148
0.954148
0.954148
0.954148
0.954148
0.954148
0.954148
0.954148
0.954148
0.954148
0.954148
0.954148
0.954148
0.954148
0.954148
0.954148
0.954148
0.954148
0.954148
0.954148
0.954148
0.954148
0.954148
0.954148
0.954148
0.954148
0.954148
0.954148
0.954148
0.954148
0.954148
0.954148
0.954148
0.954148
0.954148
0.954148
0.954148
0.954148
0.954148
0.954148
0.954148
0.954148
0.954148
0.954148
0.954148
0.954148
0.954148
0.954148
0.954148
0.954148
0.954148
0.954148
0.954148
0.954148
0.954148
0.954148
0.954148
0.954148
0.954148
0.954148
0.954148
0.954148
0.954148
0.954148
0.954148
0.954148
0.954148
0.954148
0.954148
0.954148
0.954148
0.954148
0.954148
0.954148
0.954148
0.954148
0.954148
0.954148
0.954148
0.954148
0.954148
0.954148
0.954148
0.954148
0.954148
0.954148
0.954148
0.954148
0.954148
0.954148
0.954148
0.954148
0.954148
0.954148
0.954148
0.954148
0.954148
0.954148
0.954148
0.954148
0.954148
0.954148
0.954148
0.954148
0.954148
0.954148
0.954148
0.954148
0.954148
0.954148
0.954148
0.954148
0.954148
0.954148
0.954148
0.954148
0.954148
0.954148
0.954148
0.954148
0.954148
0.954148
0.954148
0.954148
0.954148
0.954148
0.954148
0.954148
0.954148
0.954148
0.954148
0.954148
0.954148
0.954148
0.954148
0.954148
0.954148
0.954148
0.954148
0.954148
0.954148
0.954148
0.954148
0.954148
0.954148
0.954148
0.954148
0.954148
0.954148
0.954148
0.954148
0.954148
0.954148
0.954148
0.954148
0.954148
0.954148
0.954148
0.954148
0.954148
0.954148
0.954148
0.954148
0.954148
0.954148
0.954148
0.954148
0.954148
0.954148
0.954148
0.954148
0.954148
0.954148
0.954148
0.954148
0.954148
0.954148
0.954148
0.954148
0.954148
0.954148
0.954148
0.954148
0.954148
0.954148
0.954148
0.954148
0.954148
0.954148
0.954148
0.954148
0.954148
0.954148
0.954148
0.954148
0.954148
0.954148
0.954148
0.954148
0.954148
0.954148
0.954148
0.954148
0.954148
0.954148
0.954148
0.954148
0.954148
0.954148
0.954148
0.954148
0.954148
0.954148
0.954148
0.954148
0.954148
0.954148
0.954148
0.954148
0.954148
0.954148
0.954148
0.954148
0.954148
0.954148
0.954148
0.954148
0.954148
0.954148
0.954148
0.954148
0.954148
0.954148
0.954148
0.954148
0.954148
0.954148
0.954148
0.954148
0.954148
0.954148
0.954148
0.954148
0.954148
0.954148
0.954148
0.954148
0.954148
0.954148
0.954148
0.954148
0.954148
0.954148
0.954148
0.954148
0.954148
0.954148
0.954148
0.954148
0.954148
0.954148
0.954148
0.954148
0.954148
0.954148
0.954148
0.954148
0.954148
0.954148
0.954148
0.954148
0.954148
0.954148
0.954148
0.954148
0.954148
0.954148
0.954148
0.954148
0.954148
0.954148
0.954148
0.954148
0.954148
0.954148
0.954148
0.954148
0.954148
0.954148
0.954148
0.954148
0.954148
0.954148
0.954148
0.954148
0.954148
0.954148
0.954148
0.954148
0.954148
0.954148
0.954148
0.954148
0.954148
0.954148
0.954148
0.954148
0.954148
0.954148
0.954148
0.954148
0.954148
0.954148
0.954148
0.954148
0.954148
0.954148
0.954148
0.954148
0.954148
0.954148
0.954148
0.954148
0.954148
0.954148
0.954148
0.954148
0.954148
0.954148
0.954148
0.954148
0.954148
0.954148
0.954148
0.954148
0.954148
0.954148
0.954148
0.954148
0.954148
0.954148
0.954148
0.954148
0.954148
0.954148
0.954148
0.954148
0.954148
0.954148
0.954148
0.954148
0.954148
0.954148
0.954148
0.954148
0.954148
0.954148
0.954148
0.954148
0.954148
0.954148
0.954148
0.954148
0.954148
0.954148
0.954148
0.954148
0.954148
0.954148
0.954148
0.954148
0.954148
0.954148
0.954148
0.954148
0.954148
0.954148
0.954148
0.954148
0.954148
0.954148
0.954148
0.954148
0.954148
0.954148
0.954148
0.954148
0.954148
0.954148
0.954148
0.954148
0.954148
0.954148
0.954148
0.954148
0.954148
0.954148
0.954148
0.954148
0.954148
0.954148
0.954148
0.954148
0.954148
0.954148
0.954148
0.954148
0.954148
0.954148
0.954148
0.954148
0.954148
0.954148
0.954148
0.954148
0.954148
0.954148
0.954148
0.954148
0.954148
0.954148
0.954148
0.954148
0.954148
0.954148
0.954148
0.954148
0.954148
0.954148
0.954148
0.954148
0.954148
0.954148
0.954148
0.954148
0.954148
0.954148
0.954148
0.954148
0.954148
0.954148
0.954148
0.954148
0.954148
0.954148
0.954148
0.954148
0.954148
0.954148
0.954148
0.954148
0.954148
0.954148
0.954148
0.954148
0.954148
0.954148
0.954148
0.954148
0.954148
0.954148
0.954148
0.954148
0.954148
0.954148
0.954148
0.954148
0.954148
0.954148
0.954148
0.954148
0.954148
0.954148
0.954148
0.954148
0.954148
0.954148
0.954148
0.954148
0.954148
0.954148
0.954148
0.954148
0.954148
0.954148
0.954148
0.954148
0.954148
0.954148
0.954148
0.954148
0.954148
0.954148
0.954148
0.954148
0.954148
0.954148
0.954148
0.954148
0.954148
0.954148
0.954148
0.954148
0.954148
0.954148
0.954148
0.954148
0.954148
0.954148
0.954148
0.954148
0.954148
0.954148
0.954148
0.954148
0.954148
0.954148
0.954148
0.954148
0.954148
0.954148
0.954148
0.954148
0.954148
0.954148
0.954148
0.954148
0.954148
0.954148
0.954148
0.954148
0.954148
0.954148
0.954148
0.954148
0.954148
0.954148
0.954148
0.954148
0.954148
0.954148
0.954148
0.954148
0.954148
0.954148
0.954148
0.954148
0.954148
0.954148
0.954148
0.954148
0.954148
0.954148
0.954148
0.954148
0.954148
0.954148
0.954148
0.954148
0.954148
0.954148
0.954148
0.954148
0.954148
0.954148
0.954148
0.954148
0.954148
0.954148
0.954148
0.954148
0.954148
0.954148
0.954148
0.954148
0.954148
0.954148
0.954148
0.954148
0.954148
0.954148
0.954148
0.954148
0.954148
0.954148
0.954148
0.954148
0.954148
0.954148
0.954148
0.954148
0.954148
0.954148
0.954148
0.954148
0.954148
0.954148
0.954148
0.954148
0.954148
0.954148
0.954148
0.954148
0.954148
0.954148
0.954148
0.954148
0.954148
0.954148
0.954148
0.954148
0.954148
0.954148
0.954148
0.954148
0.954148
0.954148
0.954148
0.954148
0.954148
0.954148
0.954148
0.954148
0.954148
0.954148
0.954148
0.954148
0.954148
0.954148
0.954148
0.954148
0.954148
0.954148
0.954148
0.954148
0.954148
0.954148
0.954148
0.954148
0.954148
0.954148
0.954148
0.954148
0.954148
0.954148
0.954148
0.954148
0.954148
0.954148
0.954148
0.954148
0.954148
0.954148
0.954148
0.954148
0.954148
0.954148
0.954148
0.954148
0.954148
0.954148
0.954148
0.954148
0.954148
0.954148
0.954148
0.954148
0.954148
0.954148
0.954148
0.954148
0.954148
0.954148
0.954148
0.954148
0.954148
0.954148
0.954148
0.954148
0.954148
0.954148
0.954148
0.954148
0.954148
0.954148
0.954148
0.954148
0.954148
0.954148
0.954148
0.954148
0.954148
0.954148
0.954148
0.954148
0.954148
0.954148
0.954148
0.954148
0.954148
0.954148
0.954148
0.954148
0.954148
0.954148
0.954148
0.954148
0.954148
0.954148
0.954148
0.954148
0.954148
0.954148
0.954148
0.954148
0.954148
0.954148
0.954148
0.954148
0.954148
0.954148
0.954148
0.954148
0.954148
0.954148
0.954148
0.954148
0.954148
0.954148
0.954148
0.954148
0.954148
0.954148
0.954148
0.954148
0.954148
0.954148
0.954148
0.954148
0.954148
0.954148
0.954148
0.954148
0.954148
0.954148
0.954148
0.954148
0.954148
0.954148
0.954148
0.954148
0.954148
0.954148
0.954148
0.954148
0.954148
0.954148
0.954148
0.954148
0.954148
0.954148
0.954148
0.954148
0.954148
0.954148
0.954148
0.954148
0.954148
0.954148
0.954148
0.954148
0.954148
0.954148
0.954148
0.954148
0.954148
0.954148
0.954148
0.954148
0.954148
0.954148
0.954148
0.954148
0.954148
0.954148
0.954148
0.954148
0.954148
0.954148
0.954148
0.954148
0.954148
0.954148
0.954148
0.954148
0.954148
0.954148
0.954148
0.954148
0.954148
0.954148
0.954148
0.954148
0.954148
0.954148
0.954148
0.954148
0.954148
0.954148
0.954148
0.954148
0.954148
0.954148
0.954148
0.954148
0.954148
0.954148
0.954148
0.954148
0.954148
0.954148
0.954148
0.954148
0.954148
0.954148
0.954148
0.954148
0.954148
0.954148
0.954148
0.954148
0.954148
0.954148
0.954148
0.954148
0.954148
0.954148
0.954148
0.954148
0.954148
0.954148
0.954148
0.954148
0.954148
0.954148
0.954148
0.954148
0.954148
0.954148
0.954148
0.954148
0.954148
0.954148
0.954148
0.954148
0.954148
0.954148
0.954148
0.954148
0.954148
0.954148
0.954148
0.954148
0.954148
0.954148
0.954148
0.954148
0.954148
0.954148
0.954148
0.954148
0.954148
0.954148
0.954148
0.954148
0.954148
0.954148
0.954148
0.954148
0.954148
0.954148
0.954148
0.954148
0.954148
0.954148
0.954148
0.954148
0.954148
0.954148
0.954148
0.954148
0.954148
0.954148
0.954148
0.954148
0.954148
0.954148
0.954148
0.954148
0.954148
0.954148
0.954148
0.954148
0.954148
0.954148
0.954148
0.954148
0.954148
0.954148
0.954148
0.954148
0.954148
0.954148
0.954148
0.954148
0.954148
0.954148
0.954148
0.954148
0.954148
0.954148
0.954148
0.954148
0.954148
0.954148
0.954148
0.954148
0.954148
0.954148
0.954148
0.954148
0.954148
0.954148
0.954148
0.954148
0.954148
0.954148
0.954148
0.954148
0.954148
0.954148
0.954148
0.954148
0.954148
0.954148
0.954148
0.954148
0.954148
0.954148
0.954148
0.954148
0.954148
0.954148
0.954148
0.954148
0.954148
0.954148
0.954148
0.954148
0.954148
0.954148
0.954148
0.954148
0.954148
0.954148
0.954148
0.954148
0.954148
0.954148
0.954148
0.954148
0.954148
0.954148
0.954148
0.954148
0.954148
0.954148
0.954148
0.954148
0.954148
0.954148
0.954148
0.954148
0.954148
0.954148
0.954148
0.954148
0.954148
0.954148
0.954148
0.954148
0.954148
0.954148
0.954148
0.954148
0.954148
0.954148
0.954148
0.954148
0.954148
0.954148
0.954148
0.954148
0.954148
0.954148
0.954148
0.954148
0.954148
0.954148
0.954148
0.954148
0.954148
0.954148
0.954148
0.954148
0.954148
0.954148
0.954148
0.954148
0.954148
0.954148
0.954148
0.954148
0.954148
0.954148
0.954148
0.954148
0.954148
0.954148
0.954148
0.954148
0.954148
0.954148
0.954148
0.954148
0.954148
0.954148
0.954148
0.954148
0.954148
0.954148
0.954148
0.954148
0.954148
0.954148
0.954148
0.954148
0.954148
0.954148
0.954148
0.954148
0.954148
0.954148
0.954148
0.954148
0.954148
0.954148
0.954148
0.954148
0.954148
0.954148
0.954148
0.954148
0.954148
0.954148
0.954148
0.954148
0.954148
0.954148
0.954148
0.954148
0.954148
0.954148
0.954148
0.954148
0.954148
0.954148
0.954148
0.954148
0.954148
0.954148
0.954148
0.954148
0.954148
0.954148
0.954148
0.954148
0.954148
0.954148
0.954148
0.954148
0.954148
0.954148
0.954148
0.954148
0.954148
0.954148
0.954148
0.954148
0.954148
0.954148
0.954148
0.954148
0.954148
0.954148
0.954148
0.954148
0.954148
0.954148
0.954148
0.954148
0.954148
0.954148
0.954148
0.954148
0.954148
0.954148
0.954148
0.954148
0.954148
0.954148
0.954148
0.954148
0.954148
0.954148
0.954148
0.954148
0.954148
0.954148
0.954148
0.954148
0.954148
0.954148
0.954148
0.954148
0.954148
0.954148
0.954148
0.954148
0.954148
0.954148
0.954148
0.954148
0.954148
0.954148
0.954148
0.954148
0.954148
0.954148
0.954148
0.954148
0.954148
0.954148
0.954148
0.954148
0.954148
0.954148
0.954148
0.954148
0.954148
0.954148
0.954148
0.954148
0.954148
0.954148
0.954148
0.954148
0.954148
0.954148
0.954148
0.954148
0.954148
0.954148
0.954148
0.954148
0.954148
0.954148
0.954148
0.954148
0.954148
0.954148
0.954148
0.954148
0.954148
0.954148
0.954148
0.954148
0.954148
0.954148
0.954148
0.954148
0.954148
0.954148
0.954148
0.954148
0.954148
0.954148
0.954148
0.954148
0.954148
0.954148
0.954148
0.954148
0.954148
0.954148
0.954148
0.954148
0.954148
0.954148
0.954148
0.954148
0.954148
0.954148
0.954148
0.954148
0.954148
0.954148
0.954148
0.954148
0.954148
0.954148
0.954148
0.954148
0.954148
0.954148
0.954148
0.954148
0.954148
0.954148
0.954148
0.954148
0.954148
0.954148
0.954148
0.954148
0.954148
0.954148
0.954148
0.954148
0.954148
0.954148
0.954148
0.954148
0.954148
0.954148
0.954148
0.954148
0.954148
0.954148
0.954148
0.954148
0.954148
0.954148
0.954148
0.954148
0.954148
0.954148
0.954148
0.954148
0.954148
0.954148
0.954148
0.954148
0.954148
0.954148
0.954148
0.954148
0.954148
0.954148
0.954148
0.954148
0.954148
0.954148
0.954148
0.954148
0.954148
0.954148
0.954148
0.954148
0.954148
0.954148
0.954148
