0.5
0.501031
0.502582
0.50427
0.505972
0.50765
0.509293
0.510903
0.512481
0.514033
0.515562
0.517071
0.518564
0.520043
0.521509
0.522964
0.524411
0.525848
0.527278
0.528701
0.530117
0.531527
0.532931
0.534329
0.535722
0.537109
0.538491
0.539867
0.541239
0.542605
0.543966
0.545322
0.546673
0.548019
0.54936
0.550696
0.552028
0.553354
0.554676
0.555993
0.557305
0.558612
0.559915
0.561212
0.562505
0.563794
0.565077
0.566357
0.567631
0.568901
0.570166
0.571426
0.572682
0.573934
0.575181
0.576423
0.577661
0.578894
0.580123
0.581347
0.582567
0.583782
0.584993
0.5862
0.587402
0.5886
0.589794
0.590983
0.592167
0.593348
0.594524
0.595696
0.596863
0.598027
0.599186
0.600341
0.601491
0.602638
0.60378
0.604918
0.606052
0.607182
0.608308
0.609429
0.610547
0.61166
0.61277
0.613875
0.614976
0.616073
0.617166
0.618256
0.619341
0.620422
0.621499
0.622573
0.623642
0.624708
0.625769
0.626827
0.627881
0.628931
0.629977
0.631019
0.632058
0.633093
0.634123
0.635151
0.636174
0.637194
0.638209
0.639222
0.64023
0.641235
0.642236
0.643233
0.644227
0.645217
0.646204
0.647186
0.648166
0.649141
0.650113
0.651082
0.652047
0.653008
0.653966
0.65492
0.655871
0.656819
0.657762
0.658703
0.65964
0.660573
0.661503
0.66243
0.663353
0.664273
0.66519
0.666103
0.667013
0.667919
0.668822
0.669722
0.670618
0.671511
0.672401
0.673288
0.674171
0.675051
0.675928
0.676802
0.677672
0.678539
0.679403
0.680264
0.681122
0.681976
0.682827
0.683676
0.684521
0.685363
0.686202
0.687037
0.68787
0.6887
0.689526
0.69035
0.69117
0.691988
0.692802
0.693614
0.694422
0.695228
0.69603
0.69683
0.697626
0.69842
0.699211
0.699998
0.700783
0.701565
0.702344
0.703121
0.703894
0.704664
0.705432
0.706197
0.706959
0.707718
0.708475
0.709228
0.709979
0.710727
0.711472
0.712215
0.712955
0.713692
0.714426
0.715158
0.715887
0.716613
0.717337
0.718057
0.718776
0.719491
0.720204
0.720914
0.721622
0.722327
0.723029
0.723729
0.724427
0.725121
0.725813
0.726503
0.72719
0.727874
0.728556
0.729236
0.729913
0.730587
0.731259
0.731928
0.732595
0.73326
0.733922
0.734581
0.735238
0.735893
0.736545
0.737195
0.737842
0.738487
0.73913
0.73977
0.740408
0.741044
0.741677
0.742308
0.742936
0.743562
0.744186
0.744808
0.745427
0.746044
0.746659
0.747271
0.747881
0.748489
0.749095
0.749698
0.750299
0.750898
0.751495
0.752089
0.752681
0.753271
0.753859
0.754445
0.755028
0.75561
0.756189
0.756766
0.757341
0.757914
0.758485
0.759053
0.75962
0.760184
0.760746
0.761306
0.761864
0.76242
0.762974
0.763526
0.764076
0.764624
0.76517
0.765713
0.766255
0.766795
0.767333
0.767868
0.768402
0.768934
0.769464
0.769991
0.770517
0.771041
0.771563
0.772083
0.772601
0.773118
0.773632
0.774144
0.774655
0.775163
0.77567
0.776175
0.776678
0.777179
0.777678
0.778175
0.778671
0.779164
0.779656
0.780146
0.780634
0.781121
0.781605
0.782088
0.782569
0.783048
0.783525
0.784001
0.784475
0.784947
0.785417
0.785886
0.786353
0.786818
0.787281
0.787743
0.788203
0.788661
0.789118
0.789572
0.790026
0.790477
0.790927
0.791375
0.791821
0.792266
0.792709
0.793151
0.793591
0.794029
0.794466
0.7949
0.795334
0.795766
0.796196
0.796624
0.797051
0.797477
0.7979
0.798323
0.798743
0.799162
0.79958
0.799996
0.80041
0.800823
0.801234
0.801644
0.802052
0.802459
0.802864
0.803268
0.80367
0.804071
0.80447
0.804868
0.805264
0.805659
0.806053
0.806444
0.806835
0.807224
0.807611
0.807997
0.808382
0.808765
0.809147
0.809527
0.809906
0.810284
0.81066
0.811035
0.811408
0.81178
0.812151
0.81252
0.812888
0.813254
0.813619
0.813983
0.814345
0.814706
0.815066
0.815424
0.815781
0.816137
0.816491
0.816845
0.817196
0.817547
0.817896
0.818244
0.81859
0.818935
0.819279
0.819622
0.819963
0.820303
0.820642
0.82098
0.821316
0.821651
0.821985
0.822318
0.822649
0.822979
0.823308
0.823636
0.823962
0.824288
0.824612
0.824934
0.825256
0.825576
0.825896
0.826214
0.82653
0.826846
0.827161
0.827474
0.827786
0.828097
0.828407
0.828716
0.829023
0.82933
0.829635
0.829939
0.830242
0.830544
0.830844
0.831144
0.831443
0.83174
0.832036
0.832331
0.832625
0.832918
0.83321
0.833501
0.833791
0.834079
0.834367
0.834653
0.834939
0.835223
0.835507
0.835789
0.83607
0.83635
0.836629
0.836907
0.837184
0.83746
0.837735
0.838009
0.838282
0.838554
0.838825
0.839095
0.839364
0.839631
0.839898
0.840164
0.840429
0.840693
0.840956
0.841218
0.841479
0.841739
0.841998
0.842256
0.842513
0.842769
0.843024
0.843279
0.843532
0.843784
0.844036
0.844286
0.844536
0.844784
0.845032
0.845279
0.845524
0.845769
0.846013
0.846256
0.846499
0.84674
0.84698
0.84722
0.847458
0.847696
0.847933
0.848169
0.848404
0.848638
0.848871
0.849104
0.849335
0.849566
0.849796
0.850025
0.850253
0.85048
0.850707
0.850932
0.851157
0.851381
0.851604
0.851826
0.852048
0.852268
0.852488
0.852707
0.852925
0.853143
0.853359
0.853575
0.85379
0.854004
0.854217
0.85443
0.854641
0.854852
0.855063
0.855272
0.85548
0.855688
0.855895
0.856102
0.856307
0.856512
0.856716
0.856919
0.857121
0.857323
0.857524
0.857724
0.857924
0.858122
0.85832
0.858517
0.858714
0.85891
0.859105
0.859299
0.859493
0.859685
0.859878
0.860069
0.86026
0.86045
0.860639
0.860827
0.861015
0.861202
0.861389
0.861575
0.86176
0.861944
0.862128
0.862311
0.862493
0.862675
0.862856
0.863036
0.863216
0.863395
0.863573
0.863751
0.863928
0.864104
0.86428
0.864455
0.864629
0.864803
0.864976
0.865148
0.86532
0.865491
0.865661
0.865831
0.866
0.866169
0.866337
0.866504
0.866671
0.866837
0.867003
0.867167
0.867332
0.867495
0.867658
0.867821
0.867982
0.868144
0.868304
0.868464
0.868623
0.868782
0.86894
0.869098
0.869255
0.869412
0.869567
0.869723
0.869877
0.870031
0.870185
0.870338
0.87049
0.870642
0.870793
0.870944
0.871094
0.871244
0.871393
0.871541
0.871689
0.871837
0.871983
0.87213
0.872275
0.872421
0.872565
0.872709
0.872853
0.872996
0.873138
0.87328
0.873422
0.873563
0.873703
0.873843
0.873982
0.874121
0.874259
0.874397
0.874534
0.874671
0.874807
0.874943
0.875078
0.875213
0.875347
0.875481
0.875614
0.875747
0.875879
0.876011
0.876142
0.876273
0.876403
0.876533
0.876662
0.876791
0.876919
0.877047
0.877174
0.877301
0.877428
0.877554
0.877679
0.877804
0.877929
0.878053
0.878176
0.8783
0.878422
0.878544
0.878666
0.878788
0.878908
0.879029
0.879149
0.879268
0.879387
0.879506
0.879624
0.879742
0.879859
0.879976
0.880093
0.880209
0.880324
0.880439
0.880554
0.880668
0.880782
0.880896
0.881009
0.881121
0.881233
0.881345
0.881457
0.881567
0.881678
0.881788
0.881898
0.882007
0.882116
0.882224
0.882332
0.88244
0.882547
0.882654
0.882761
0.882867
0.882972
0.883078
0.883182
0.883287
0.883391
0.883495
0.883598
0.883701
0.883804
0.883906
0.884007
0.884109
0.88421
0.884311
0.884411
0.884511
0.88461
0.884709
0.884808
0.884907
0.885005
0.885102
0.8852
0.885297
0.885393
0.885489
0.885585
0.885681
0.885776
0.885871
0.885965
0.886059
0.886153
0.886246
0.886339
0.886432
0.886524
0.886616
0.886708
0.886799
0.88689
0.886981
0.887071
0.887161
0.887251
0.88734
0.887429
0.887518
0.887606
0.887694
0.887782
0.887869
0.887956
0.888043
0.888129
0.888215
0.888301
0.888386
0.888471
0.888556
0.88864
0.888725
0.888808
0.888892
0.888975
0.889058
0.88914
0.889223
0.889305
0.889386
0.889468
0.889549
0.889629
0.88971
0.88979
0.88987
0.889949
0.890028
0.890107
0.890186
0.890264
0.890342
0.89042
0.890498
0.890575
0.890652
0.890728
0.890805
0.890881
0.890956
0.891032
0.891107
0.891182
0.891257
0.891331
0.891405
0.891479
0.891552
0.891626
0.891699
0.891771
0.891844
0.891916
0.891988
0.892059
0.892131
0.892202
0.892273
0.892343
0.892414
0.892484
0.892553
0.892623
0.892692
0.892761
0.89283
0.892898
0.892967
0.893035
0.893102
0.89317
0.893237
0.893304
0.893371
0.893437
0.893503
0.893569
0.893635
0.8937
0.893766
0.893831
0.893895
0.89396
0.894024
0.894088
0.894152
0.894215
0.894279
0.894342
0.894405
0.894467
0.89453
0.894592
0.894654
0.894715
0.894777
0.894838
0.894899
0.89496
0.89502
0.895081
0.895141
0.895201
0.89526
0.89532
0.895379
0.895438
0.895496
0.895555
0.895613
0.895671
0.895729
0.895787
0.895844
0.895902
0.895959
0.896015
0.896072
0.896128
0.896185
0.896241
0.896296
0.896352
0.896407
0.896462
0.896517
0.896572
0.896626
0.896681
0.896735
0.896789
0.896842
0.896896
0.896949
0.897002
0.897055
0.897108
0.897161
0.897213
0.897265
0.897317
0.897369
0.89742
0.897471
0.897523
0.897574
0.897624
0.897675
0.897725
0.897776
0.897826
0.897875
0.897925
0.897975
0.898024
0.898073
0.898122
0.898171
0.898219
0.898267
0.898316
0.898364
0.898411
0.898459
0.898507
0.898554
0.898601
0.898648
0.898695
0.898741
0.898788
0.898834
0.89888
0.898926
0.898972
0.899017
0.899063
0.899108
0.899153
0.899198
0.899242
0.899287
0.899331
0.899376
0.89942
0.899464
0.899507
0.899551
0.899594
0.899637
0.899681
0.899723
0.899766
0.899809
0.899851
0.899893
0.899936
0.899978
0.900019
0.900061
0.900103
0.900144
0.900185
0.900226
0.900267
0.900308
0.900348
0.900389
0.900429
0.900469
0.900509
0.900549
0.900588
0.900628
0.900667
0.900707
0.900746
0.900785
0.900823
0.900862
0.900901
0.900939
0.900977
0.901015
0.901053
0.901091
0.901129
0.901166
0.901203
0.901241
0.901278
0.901315
0.901352
0.901388
0.901425
0.901461
0.901497
0.901534
0.90157
0.901605
0.901641
0.901677
0.901712
0.901748
0.901783
0.901818
0.901853
0.901888
0.901922
0.901957
0.901991
0.902025
0.90206
0.902094
0.902128
0.902161
0.902195
0.902228
0.902262
0.902295
0.902328
0.902361
0.902394
0.902427
0.90246
0.902492
0.902525
0.902557
0.902589
0.902621
0.902653
0.902685
0.902717
0.902748
0.90278
0.902811
0.902842
0.902873
0.902904
0.902935
0.902966
0.902997
0.903027
0.903058
0.903088
0.903118
0.903148
0.903178
0.903208
0.903238
0.903267
0.903297
0.903326
0.903356
0.903385
0.903414
0.903443
0.903472
0.903501
0.903529
0.903558
0.903586
0.903614
0.903643
0.903671
0.903699
0.903727
0.903755
0.903782
0.90381
0.903837
0.903865
0.903892
0.903919
0.903946
0.903973
0.904
0.904027
0.904054
0.90408
0.904107
0.904133
0.904159
0.904186
0.904212
0.904238
0.904264
0.904289
0.904315
0.904341
0.904366
0.904392
0.904417
0.904442
0.904467
0.904492
0.904517
0.904542
0.904567
0.904592
0.904616
0.904641
0.904665
0.90469
0.904714
0.904738
0.904762
0.904786
0.90481
0.904833
0.904857
0.904881
0.904904
0.904928
0.904951
0.904974
0.904997
0.90502
0.905043
0.905066
0.905089
0.905112
0.905134
0.905157
0.90518
0.905202
0.905224
0.905246
0.905269
0.905291
0.905313
0.905334
0.905356
0.905378
0.9054
0.905421
0.905443
0.905464
0.905485
0.905507
0.905528
0.905549
0.90557
0.905591
0.905612
0.905632
0.905653
0.905674
0.905694
0.905715
0.905735
0.905756
0.905776
0.905796
0.905816
0.905836
0.905856
0.905876
0.905896
0.905915
0.905935
0.905955
0.905974
0.905993
0.906013
0.906032
0.906051
0.90607
0.906089
0.906108
0.906127
0.906146
0.906165
0.906184
0.906202
0.906221
0.906239
0.906258
0.906276
0.906295
0.906313
0.906331
0.906349
0.906367
0.906385
0.906403
0.906421
0.906438
0.906456
0.906474
0.906491
0.906509
0.906526
0.906544
0.906561
0.906578
0.906595
0.906612
0.906629
0.906646
0.906663
0.90668
0.906697
0.906714
0.90673
0.906747
0.906763
0.90678
0.906796
0.906813
0.906829
0.906845
0.906861
0.906877
0.906894
0.90691
0.906925
0.906941
0.906957
0.906973
0.906989
0.907004
0.90702
0.907035
0.907051
0.907066
0.907082
0.907097
0.907112
0.907127
0.907142
0.907157
0.907172
0.907187
0.907202
0.907217
0.907232
0.907247
0.907261
0.907276
0.90729
0.907305
0.907319
0.907334
0.907348
0.907362
0.907377
0.907391
0.907405
0.907419
0.907433
0.907447
0.907461
0.907475
0.907489
0.907502
0.907516
0.90753
0.907543
0.907557
0.907571
0.907584
0.907597
0.907611
0.907624
0.907637
0.907651
0.907664
0.907677
0.90769
0.907703
0.907716
0.907729
0.907742
0.907755
0.907767
0.90778
0.907793
0.907805
0.907818
0.90783
0.907843
0.907855
0.907868
0.90788
0.907892
0.907905
0.907917
0.907929
0.907941
0.907953
0.907965
0.907977
0.907989
0.908001
0.908013
0.908025
0.908037
0.908048
0.90806
0.908072
0.908083
0.908095
0.908106
0.908118
0.908129
0.908141
0.908152
0.908163
0.908174
0.908186
0.908197
0.908208
0.908219
0.90823
0.908241
0.908252
0.908263
0.908274
0.908285
0.908295
0.908306
0.908317
0.908328
0.908338
0.908349
0.908359
0.90837
0.90838
0.908391
0.908401
0.908412
0.908422
0.908432
0.908442
0.908453
0.908463
0.908473
0.908483
0.908493
0.908503
0.908513
0.908523
0.908533
0.908543
0.908553
0.908562
0.908572
0.908582
0.908592
0.908601
0.908611
0.90862
0.90863
0.90864
0.908649
0.908658
0.908668
0.908677
0.908687
0.908696
0.908705
0.908714
0.908724
0.908733
0.908742
0.908751
0.90876
0.908769
0.908778
0.908787
0.908796
0.908805
0.908814
0.908822
0.908831
0.90884
0.908849
0.908857
0.908866
0.908875
0.908883
0.908892
0.9089
0.908909
0.908917
0.908926
0.908934
0.908943
0.908951
0.908959
0.908967
0.908976
0.908984
0.908992
0.909
0.909008
0.909016
0.909025
0.909033
0.909041
0.909049
0.909057
0.909064
0.909072
0.90908
0.909088
0.909096
0.909104
0.909111
0.909119
0.909127
0.909134
0.909142
0.90915
0.909157
0.909165
0.909172
0.90918
0.909187
0.909195
0.909202
0.909209
0.909217
0.909224
0.909231
0.909239
0.909246
0.909253
0.90926
0.909267
0.909274
0.909282
0.909289
0.909296
0.909303
0.90931
0.909317
0.909324
0.909331
0.909337
0.909344
0.909351
0.909358
0.909365
0.909372
0.909378
0.909385
0.909392
0.909398
0.909405
0.909412
0.909418
0.909425
0.909431
0.909438
0.909444
0.909451
0.909457
0.909464
0.90947
0.909476
0.909483
0.909489
0.909495
0.909502
0.909508
0.909514
0.90952
0.909527
0.909533
0.909539
0.909545
0.909551
0.909557
0.909563
0.909569
0.909575
0.909581
0.909587
0.909593
0.909599
0.909605
0.909611
0.909617
0.909622
0.909628
0.909634
0.90964
0.909645
0.909651
0.909657
0.909663
0.909668
0.909674
0.909679
0.909685
0.909691
0.909696
0.909702
0.909707
0.909713
0.909718
0.909724
0.909729
0.909734
0.90974
0.909745
0.909751
0.909756
0.909761
0.909766
0.909772
0.909777
0.909782
0.909787
0.909793
0.909798
0.909803
0.909808
0.909813
0.909818
0.909823
0.909828
0.909833
0.909838
0.909843
0.909848
0.909853
0.909858
0.909863
0.909868
0.909873
0.909878
0.909883
0.909888
0.909892
0.909897
0.909902
0.909907
0.909911
0.909916
0.909921
0.909926
0.90993
0.909935
0.90994
0.909944
0.909949
0.909953
0.909958
0.909962
0.909967
0.909972
0.909976
0.909981
0.909985
0.909989
0.909994
0.909998
0.910003
0.910007
0.910011
0.910016
0.91002
0.910024
0.910029
0.910033
0.910037
0.910042
0.910046
0.91005
0.910054
0.910058
0.910063
0.910067
0.910071
0.910075
0.910079
0.910083
0.910087
0.910091
0.910095
0.910099
0.910104
0.910108
0.910112
0.910115
0.910119
0.910123
0.910127
0.910131
0.910135
0.910139
0.910143
0.910147
0.910151
0.910154
0.910158
0.910162
0.910166
0.91017
0.910173
0.910177
0.910181
0.910185
0.910188
0.910192
0.910196
0.910199
0.910203
0.910207
0.91021
0.910214
0.910217
0.910221
0.910225
0.910228
0.910232
0.910235
0.910239
0.910242
0.910246
0.910249
0.910253
0.910256
0.91026
0.910263
0.910266
0.91027
0.910273
0.910277
0.91028
0.910283
0.910287
0.91029
0.910293
0.910297
0.9103
0.910303
0.910306
0.91031
0.910313
0.910316
0.910319
0.910323
0.910326
0.910329
0.910332
0.910335
0.910338
0.910342
0.910345
0.910348
0.910351
0.910354
0.910357
0.91036
0.910363
0.910366
0.910369
0.910372
0.910375
0.910378
0.910381
0.910384
0.910387
0.91039
0.910393
0.910396
0.910399
0.910402
0.910405
0.910408
0.91041
0.910413
0.910416
0.910419
0.910422
0.910425
0.910427
0.91043
0.910433
0.910436
0.910439
0.910441
0.910444
0.910447
0.91045
0.910452
0.910455
0.910458
0.91046
0.910463
0.910466
0.910468
0.910471
0.910474
0.910476
0.910479
0.910481
0.910484
0.910487
0.910489
0.910492
0.910494
0.910497
0.910499
0.910502
0.910504
0.910507
0.910509
0.910512
0.910514
0.910517
0.910519
0.910522
0.910524
0.910527
0.910529
0.910532
0.910534
0.910536
0.910539
0.910541
0.910544
0.910546
0.910548
0.910551
0.910553
0.910555
0.910558
0.91056
0.910562
0.910565
0.910567
0.910569
0.910571
0.910574
0.910576
0.910578
0.91058
0.910583
0.910585
0.910587
0.910589
0.910591
0.910594
0.910596
0.910598
0.9106
0.910602
0.910604
0.910607
0.910609
0.910611
0.910613
0.910615
0.910617
0.910619
0.910621
0.910623
0.910625
0.910628
0.91063
0.910632
0.910634
0.910636
0.910638
0.91064
0.910642
0.910644
0.910646
0.910648
0.91065
0.910652
0.910654
0.910656
0.910657
0.910659
0.910661
0.910663
0.910665
0.910667
0.910669
0.910671
0.910673
0.910675
0.910677
0.910678
0.91068
0.910682
0.910684
0.910686
0.910688
0.91069
0.910691
0.910693
0.910695
0.910697
0.910699
0.9107
0.910702
0.910704
0.910706
0.910707
0.910709
0.910711
0.910713
0.910714
0.910716
0.910718
0.91072
0.910721
0.910723
0.910725
0.910726
0.910728
0.91073
0.910731
0.910733
0.910735
0.910736
0.910738
0.91074
0.910741
0.910743
0.910745
0.910746
0.910748
0.910749
0.910751
0.910753
0.910754
0.910756
0.910757
0.910759
0.91076
0.910762
0.910764
0.910765
0.910767
0.910768
0.91077
0.910771
0.910773
0.910774
0.910776
0.910777
0.910779
0.91078
0.910782
0.910783
0.910785
0.910786
0.910788
0.910789
0.91079
0.910792
0.910793
0.910795
0.910796
0.910798
0.910799
0.9108
0.910802
0.910803
0.910805
0.910806
0.910807
0.910809
0.91081
0.910812
0.910813
0.910814
0.910816
0.910817
0.910818
0.91082
0.910821
0.910822
0.910824
0.910825
0.910826
0.910828
0.910829
0.91083
0.910832
0.910833
0.910834
0.910835
0.910837
0.910838
0.910839
0.91084
0.910842
0.910843
0.910844
0.910845
0.910847
0.910848
0.910849
0.91085
0.910852
0.910853
0.910854
0.910855
0.910856
0.910858
0.910859
0.91086
0.910861
0.910862
0.910864
0.910865
0.910866
0.910867
0.910868
0.910869
0.910871
0.910872
0.910873
0.910874
0.910875
0.910876
0.910877
0.910878
0.91088
0.910881
0.910882
0.910883
0.910884
0.910885
0.910886
0.910887
0.910888
0.910889
0.91089
0.910892
0.910893
0.910894
0.910895
0.910896
0.910897
0.910898
0.910899
0.9109
0.910901
0.910902
0.910903
0.910904
0.910905
0.910906
0.910907
0.910908
0.910909
0.91091
0.910911
0.910912
0.910913
0.910914
0.910915
0.910916
0.910917
0.910918
0.910919
0.91092
0.910921
0.910922
0.910923
0.910924
0.910925
0.910926
0.910927
0.910928
0.910928
0.910929
0.91093
0.910931
0.910932
0.910933
0.910934
0.910935
0.910936
0.910937
0.910938
0.910939
0.910939
0.91094
0.910941
0.910942
0.910943
0.910944
0.910945
0.910946
0.910946
0.910947
0.910948
0.910949
0.91095
0.910951
0.910952
0.910952
0.910953
0.910954
0.910955
0.910956
0.910957
0.910957
0.910958
0.910959
0.91096
0.910961
0.910961
0.910962
0.910963
0.910964
0.910965
0.910965
0.910966
0.910967
0.910968
0.910969
0.910969
0.91097
0.910971
0.910972
0.910972
0.910973
0.910974
0.910975
0.910975
0.910976
0.910977
0.910978
0.910978
0.910979
0.91098
0.910981
0.910981
0.910982
0.910983
0.910984
0.910984
0.910985
0.910986
0.910987
0.910987
0.910988
0.910989
0.910989
0.91099
0.910991
0.910991
0.910992
0.910993
0.910994
0.910994
0.910995
0.910996
0.910996
0.910997
0.910998
0.910998
0.910999
0.911
0.911
0.911001
0.911002
0.911002
0.911003
0.911004
0.911004
0.911005
0.911005
0.911006
0.911007
0.911007
0.911008
0.911009
0.911009
0.91101
0.911011
0.911011
0.911012
0.911012
0.911013
0.911014
0.911014
0.911015
0.911015
0.911016
0.911017
0.911017
0.911018
0.911018
0.911019
0.91102
0.91102
0.911021
0.911021
0.911022
0.911023
0.911023
0.911024
0.911024
0.911025
0.911025
0.911026
0.911027
0.911027
0.911028
0.911028
0.911029
0.911029
0.91103
0.91103
0.911031
0.911032
0.911032
0.911033
0.911033
0.911034
0.911034
0.911035
0.911035
0.911036
0.911036
0.911037
0.911037
0.911038
0.911038
0.911039
0.911039
0.91104
0.911041
0.911041
0.911042
0.911042
0.911043
0.911043
0.911044
0.911044
0.911045
0.911045
0.911046
0.911046
0.911047
0.911047
0.911048
0.911048
0.911048
0.911049
0.911049
0.91105
0.91105
0.911051
0.911051
0.911052
0.911052
0.911053
0.911053
0.911054
0.911054
0.911055
0.911055
0.911055
0.911056
0.911056
0.911057
0.911057
0.911058
0.911058
0.911059
0.911059
0.91106
0.91106
0.91106
0.911061
0.911061
0.911062
0.911062
0.911063
0.911063
0.911063
0.911064
0.911064
0.911065
0.911065
0.911066
0.911066
0.911066
0.911067
0.911067
0.911068
0.911068
0.911068
0.911069
0.911069
0.91107
0.91107
0.91107
0.911071
0.911071
0.911072
0.911072
0.911072
0.911073
0.911073
0.911074
0.911074
0.911074
0.911075
0.911075
0.911076
0.911076
0.911076
0.911077
0.911077
0.911077
0.911078
0.911078
0.911079
0.911079
0.911079
0.91108
0.91108
0.91108
0.911081
0.911081
0.911081
0.911082
0.911082
0.911082
0.911083
0.911083
0.911084
0.911084
0.911084
0.911085
0.911085
0.911085
0.911086
0.911086
0.911086
0.911087
0.911087
0.911087
0.911088
0.911088
0.911088
0.911089
0.911089
0.911089
0.91109
0.91109
0.91109
0.911091
0.911091
0.911091
0.911092
0.911092
0.911092
0.911093
0.911093
0.911093
0.911094
0.911094
0.911094
0.911094
0.911095
0.911095
0.911095
0.911096
0.911096
0.911096
0.911097
0.911097
0.911097
0.911097
0.911098
0.911098
0.911098
0.911099
0.911099
0.911099
0.9111
0.9111
0.9111
0.9111
0.911101
0.911101
0.911101
0.911102
0.911102
0.911102
0.911102
0.911103
0.911103
0.911103
0.911104
0.911104
0.911104
0.911104
0.911105
0.911105
0.911105
0.911105
0.911106
0.911106
0.911106
0.911106
0.911107
0.911107
0.911107
0.911108
0.911108
0.911108
0.911108
0.911109
0.911109
0.911109
0.911109
0.91111
0.91111
0.91111
0.91111
0.911111
0.911111
0.911111
0.911111
0.911112
0.911112
0.911112
0.911112
0.911113
0.911113
0.911113
0.911113
0.911114
0.911114
0.911114
0.911114
0.911114
0.911115
0.911115
0.911115
0.911115
0.911116
0.911116
0.911116
0.911116
0.911117
0.911117
0.911117
0.911117
0.911117
0.911118
0.911118
0.911118
0.911118
0.911119
0.911119
0.911119
0.911119
0.911119
0.91112
0.91112
0.91112
0.91112
0.911121
0.911121
0.911121
0.911121
0.911121
0.911122
0.911122
0.911122
0.911122
0.911122
0.911123
0.911123
0.911123
0.911123
0.911123
0.911124
0.911124
0.911124
0.911124
0.911124
0.911125
0.911125
0.911125
0.911125
0.911125
0.911126
0.911126
0.911126
0.911126
0.911126
0.911127
0.911127
0.911127
0.911127
0.911127
0.911127
0.911128
0.911128
0.911128
0.911128
0.911128
0.911129
0.911129
0.911129
0.911129
0.911129
0.911129
0.91113
0.91113
0.91113
0.91113
0.91113
0.911131
0.911131
0.911131
0.911131
0.911131
0.911131
0.911132
0.911132
0.911132
0.911132
0.911132
0.911132
0.911133
0.911133
0.911133
0.911133
0.911133
0.911133
0.911134
0.911134
0.911134
0.911134
0.911134
0.911134
0.911135
0.911135
0.911135
0.911135
0.911135
0.911135
0.911136
0.911136
0.911136
0.911136
0.911136
0.911136
0.911136
0.911137
0.911137
0.911137
0.911137
0.911137
0.911137
0.911137
0.911138
0.911138
0.911138
0.911138
0.911138
0.911138
0.911139
0.911139
0.911139
0.911139
0.911139
0.911139
0.911139
0.91114
0.91114
0.91114
0.91114
0.91114
0.91114
0.91114
0.911141
0.911141
0.911141
0.911141
0.911141
0.911141
0.911141
0.911141
0.911142
0.911142
0.911142
0.911142
0.911142
0.911142
0.911142
0.911143
0.911143
0.911143
0.911143
0.911143
0.911143
0.911143
0.911143
0.911144
0.911144
0.911144
0.911144
0.911144
0.911144
0.911144
0.911144
0.911145
0.911145
0.911145
0.911145
0.911145
0.911145
0.911145
0.911145
0.911145
0.911146
0.911146
0.911146
0.911146
0.911146
0.911146
0.911146
0.911146
0.911147
0.911147
0.911147
0.911147
0.911147
0.911147
0.911147
0.911147
0.911147
0.911148
0.911148
0.911148
0.911148
0.911148
0.911148
0.911148
0.911148
0.911148
0.911149
0.911149
0.911149
0.911149
0.911149
0.911149
0.911149
0.911149
0.911149
0.91115
0.91115
0.91115
0.91115
0.91115
0.91115
0.91115
0.91115
0.91115
0.91115
0.911151
0.911151
0.911151
0.911151
0.911151
0.911151
0.911151
0.911151
0.911151
0.911151
0.911152
0.911152
0.911152
0.911152
0.911152
0.911152
0.911152
0.911152
0.911152
0.911152
0.911152
0.911153
0.911153
0.911153
0.911153
0.911153
0.911153
0.911153
0.911153
0.911153
0.911153
0.911153
0.911154
0.911154
0.911154
0.911154
0.911154
0.911154
0.911154
0.911154
0.911154
0.911154
0.911154
0.911155
0.911155
0.911155
0.911155
0.911155
0.911155
0.911155
0.911155
0.911155
0.911155
0.911155
0.911155
0.911156
0.911156
0.911156
0.911156
0.911156
0.911156
0.911156
0.911156
0.911156
0.911156
0.911156
0.911156
0.911156
0.911157
0.911157
0.911157
0.911157
0.911157
0.911157
0.911157
0.911157
0.911157
0.911157
0.911157
0.911157
0.911157
0.911158
0.911158
0.911158
0.911158
0.911158
0.911158
0.911158
0.911158
0.911158
0.911158
0.911158
0.911158
0.911158
0.911158
0.911159
0.911159
0.911159
0.911159
0.911159
0.911159
0.911159
0.911159
0.911159
0.911159
0.911159
0.911159
0.911159
0.911159
0.911159
0.91116
0.91116
0.91116
0.91116
0.91116
0.91116
0.91116
0.91116
0.91116
0.91116
0.91116
0.91116
0.91116
0.91116
0.91116
0.911161
0.911161
0.911161
0.911161
0.911161
0.911161
0.911161
0.911161
0.911161
0.911161
0.911161
0.911161
0.911161
0.911161
0.911161
0.911161
0.911162
0.911162
0.911162
0.911162
0.911162
0.911162
0.911162
0.911162
0.911162
0.911162
0.911162
0.911162
0.911162
0.911162
0.911162
0.911162
0.911162
0.911162
0.911163
0.911163
0.911163
0.911163
0.911163
0.911163
0.911163
0.911163
0.911163
0.911163
0.911163
0.911163
0.911163
0.911163
0.911163
0.911163
0.911163
0.911163
0.911163
0.911164
0.911164
0.911164
0.911164
0.911164
0.911164
0.911164
0.911164
0.911164
0.911164
0.911164
0.911164
0.911164
0.911164
0.911164
0.911164
0.911164
0.911164
0.911164
0.911164
0.911165
0.911165
0.911165
0.911165
0.911165
0.911165
0.911165
0.911165
0.911165
0.911165
0.911165
0.911165
0.911165
0.911165
0.911165
0.911165
0.911165
0.911165
0.911165
0.911165
0.911165
0.911166
0.911166
0.911166
0.911166
0.911166
0.911166
0.911166
0.911166
0.911166
0.911166
0.911166
0.911166
0.911166
0.911166
0.911166
0.911166
0.911166
0.911166
0.911166
0.911166
0.911166
0.911166
0.911166
0.911166
0.911167
0.911167
0.911167
0.911167
0.911167
0.911167
0.911167
0.911167
0.911167
0.911167
0.911167
0.911167
0.911167
0.911167
0.911167
0.911167
0.911167
0.911167
0.911167
0.911167
0.911167
0.911167
0.911167
0.911167
0.911167
0.911167
0.911168
0.911168
0.911168
0.911168
0.911168
0.911168
0.911168
0.911168
0.911168
0.911168
0.911168
0.911168
0.911168
0.911168
0.911168
0.911168
0.911168
0.911168
0.911168
0.911168
0.911168
0.911168
0.911168
0.911168
0.911168
0.911168
0.911168
0.911168
0.911168
0.911169
0.911169
0.911169
0.911169
0.911169
0.911169
0.911169
0.911169
0.911169
0.911169
0.911169
0.911169
0.911169
0.911169
0.911169
0.911169
0.911169
0.911169
0.911169
0.911169
0.911169
0.911169
0.911169
0.911169
0.911169
0.911169
0.911169
0.911169
0.911169
0.911169
0.911169
0.911169
0.91117
0.91117
0.91117
0.91117
0.91117
0.91117
0.91117
0.91117
0.91117
0.91117
0.91117
0.91117
0.91117
0.91117
0.91117
0.91117
0.91117
0.91117
0.91117
0.91117
0.91117
0.91117
0.91117
0.91117
0.91117
0.91117
0.91117
0.91117
0.91117
0.91117
0.91117
0.91117
0.91117
0.91117
0.91117
0.91117
0.91117
0.911171
0.911171
0.911171
0.911171
0.911171
0.911171
0.911171
0.911171
0.911171
0.911171
0.911171
0.911171
0.911171
0.911171
0.911171
0.911171
0.911171
0.911171
0.911171
0.911171
0.911171
0.911171
0.911171
0.911171
0.911171
0.911171
0.911171
0.911171
0.911171
0.911171
0.911171
0.911171
0.911171
0.911171
0.911171
0.911171
0.911171
0.911171
0.911171
0.911171
0.911171
0.911171
0.911172
0.911172
0.911172
0.911172
0.911172
0.911172
0.911172
0.911172
0.911172
0.911172
0.911172
0.911172
0.911172
0.911172
0.911172
0.911172
0.911172
0.911172
0.911172
0.911172
0.911172
0.911172
0.911172
0.911172
0.911172
0.911172
0.911172
0.911172
0.911172
0.911172
0.911172
0.911172
0.911172
0.911172
0.911172
0.911172
0.911172
0.911172
0.911172
0.911172
0.911172
0.911172
0.911172
0.911172
0.911172
0.911172
0.911172
0.911172
0.911172
0.911172
0.911173
0.911173
0.911173
0.911173
0.911173
0.911173
0.911173
0.911173
0.911173
0.911173
0.911173
0.911173
0.911173
0.911173
0.911173
0.911173
0.911173
0.911173
0.911173
0.911173
0.911173
0.911173
0.911173
0.911173
0.911173
0.911173
0.911173
0.911173
0.911173
0.911173
0.911173
0.911173
0.911173
0.911173
0.911173
0.911173
0.911173
0.911173
0.911173
0.911173
0.911173
0.911173
0.911173
0.911173
0.911173
0.911173
0.911173
0.911173
0.911173
0.911173
0.911173
0.911173
0.911173
0.911173
0.911173
0.911173
0.911173
0.911173
0.911173
0.911173
0.911173
0.911173
0.911173
0.911174
0.911174
0.911174
0.911174
0.911174
0.911174
0.911174
0.911174
0.911174
0.911174
0.911174
0.911174
0.911174
0.911174
0.911174
0.911174
0.911174
0.911174
0.911174
0.911174
0.911174
0.911174
0.911174
0.911174
0.911174
0.911174
0.911174
0.911174
0.911174
0.911174
0.911174
0.911174
0.911174
0.911174
0.911174
0.911174
0.911174
0.911174
0.911174
0.911174
0.911174
0.911174
0.911174
0.911174
0.911174
0.911174
0.911174
0.911174
0.911174
0.911174
0.911174
0.911174
0.911174
0.911174
0.911174
0.911174
0.911174
0.911174
0.911174
0.911174
0.911174
0.911174
0.911174
0.911174
0.911174
0.911174
0.911174
0.911174
0.911174
0.911174
0.911174
0.911174
0.911174
0.911174
0.911174
0.911174
0.911174
0.911174
0.911174
0.911174
0.911174
0.911175
0.911175
0.911175
0.911175
0.911175
0.911175
0.911175
0.911175
0.911175
0.911175
0.911175
0.911175
0.911175
0.911175
0.911175
0.911175
0.911175
0.911175
0.911175
0.911175
0.911175
0.911175
0.911175
0.911175
0.911175
0.911175
0.911175
0.911175
0.911175
0.911175
0.911175
0.911175
0.911175
0.911175
0.911175
0.911175
0.911175
0.911175
0.911175
0.911175
0.911175
0.911175
0.911175
0.911175
0.911175
0.911175
0.911175
0.911175
0.911175
0.911175
0.911175
0.911175
0.911175
0.911175
0.911175
0.911175
0.911175
0.911175
0.911175
0.911175
0.911175
0.911175
0.911175
0.911175
0.911175
0.911175
0.911175
0.911175
0.911175
0.911175
0.911175
0.911175
0.911175
0.911175
0.911175
0.911175
0.911175
0.911175
0.911175
0.911175
0.911175
0.911175
0.911175
0.911175
0.911175
0.911175
0.911175
0.911175
0.911175
0.911175
0.911175
0.911175
0.911175
0.911175
0.911175
0.911175
0.911175
0.911175
0.911175
0.911175
0.911175
0.911175
0.911175
0.911175
0.911175
0.911175
0.911175
0.911175
0.911175
0.911175
0.911175
0.911175
0.911175
0.911175
0.911175
0.911175
0.911175
0.911176
0.911176
0.911176
0.911176
0.911176
0.911176
0.911176
0.911176
0.911176
0.911176
0.911176
0.911176
0.911176
0.911176
0.911176
0.911176
0.911176
0.911176
0.911176
0.911176
0.911176
0.911176
0.911176
0.911176
0.911176
0.911176
0.911176
0.911176
0.911176
0.911176
0.911176
0.911176
0.911176
0.911176
0.911176
0.911176
0.911176
0.911176
0.911176
0.911176
0.911176
0.911176
0.911176
0.911176
0.911176
0.911176
0.911176
0.911176
0.911176
0.911176
0.911176
0.911176
0.911176
0.911176
0.911176
0.911176
0.911176
0.911176
0.911176
0.911176
0.911176
0.911176
0.911176
0.911176
0.911176
0.911176
0.911176
0.911176
0.911176
0.911176
0.911176
0.911176
0.911176
0.911176
0.911176
0.911176
0.911176
0.911176
0.911176
0.911176
0.911176
0.911176
0.911176
0.911176
0.911176
0.911176
0.911176
0.911176
0.911176
0.911176
0.911176
0.911176
0.911176
0.911176
0.911176
0.911176
0.911176
0.911176
0.911176
0.911176
0.911176
0.911176
0.911176
0.911176
0.911176
0.911176
0.911176
0.911176
0.911176
0.911176
0.911176
0.911176
0.911176
0.911176
0.911176
0.911176
0.911176
0.911176
0.911176
0.911176
0.911176
0.911176
0.911176
0.911176
0.911176
0.911176
0.911176
0.911176
0.911176
0.911176
0.911176
0.911176
0.911176
0.911176
0.911176
0.911176
0.911176
0.911176
0.911176
0.911176
0.911176
0.911176
0.911176
0.911176
0.911176
0.911176
0.911176
0.911176
0.911176
0.911176
0.911176
0.911176
0.911176
0.911176
0.911176
0.911176
0.911176
0.911176
0.911176
0.911176
0.911176
0.911176
0.911176
0.911176
0.911176
0.911176
0.911176
0.911176
0.911176
0.911176
0.911176
0.911176
0.911176
0.911176
0.911176
0.911176
0.911176
0.911176
0.911176
0.911176
0.911176
0.911176
0.911176
0.911176
0.911176
0.911176
0.911176
0.911176
0.911176
0.911176
0.911176
0.911176
0.911176
0.911176
0.911176
0.911176
0.911176
0.911176
0.911176
0.911176
0.911176
0.911176
0.911176
0.911176
0.911176
0.911176
0.911176
0.911176
0.911176
0.911176
0.911176
0.911176
0.911176
0.911176
0.911177
0.911177
0.911177
0.911177
0.911177
0.911177
0.911177
0.911177
0.911177
0.911177
0.911177
0.911177
0.911177
0.911177
0.911177
0.911177
0.911177
0.911177
0.911177
0.911177
0.911177
0.911177
0.911177
0.911177
0.911177
0.911177
0.911177
0.911177
0.911177
0.911177
0.911177
0.911177
0.911177
0.911177
0.911177
0.911177
0.911177
0.911177
0.911177
0.911177
0.911177
0.911177
0.911177
0.911177
0.911177
0.911177
0.911177
0.911177
0.911177
0.911177
0.911177
0.911177
0.911177
0.911177
0.911177
0.911177
0.911177
0.911177
0.911177
0.911177
0.911177
0.911177
0.911177
0.911177
0.911177
0.911177
0.911177
0.911177
0.911177
0.911177
0.911177
0.911177
0.911177
0.911177
0.911177
0.911177
0.911177
0.911177
0.911177
0.911177
0.911177
0.911177
0.911177
0.911177
0.911177
0.911177
0.911177
0.911177
0.911177
0.911177
0.911177
0.911177
0.911177
0.911177
0.911177
0.911177
0.911177
0.911177
0.911177
0.911177
0.911177
0.911177
0.911177
0.911177
0.911177
0.911177
0.911177
0.911177
0.911177
0.911177
0.911177
0.911177
0.911177
0.911177
0.911177
0.911177
0.911177
0.911177
0.911177
0.911177
0.911177
0.911177
0.911177
0.911177
0.911177
0.911177
0.911177
0.911177
0.911177
0.911177
0.911177
0.911177
0.911177
0.911177
0.911177
0.911177
0.911177
0.911177
0.911177
0.911177
0.911177
0.911177
0.911177
0.911177
0.911177
0.911177
0.911177
0.911177
0.911177
0.911177
0.911177
0.911177
0.911177
0.911177
0.911177
0.911177
0.911177
0.911177
0.911177
0.911177
0.911177
0.911177
0.911177
0.911177
0.911177
0.911177
0.911177
0.911177
0.911177
0.911177
0.911177
0.911177
0.911177
0.911177
0.911177
0.911177
0.911177
0.911177
0.911177
0.911177
0.911177
0.911177
0.911177
0.911177
0.911177
0.911177
0.911177
0.911177
0.911177
0.911177
0.911177
0.911177
0.911177
0.911177
0.911177
0.911177
0.911177
0.911177
0.911177
0.911177
0.911177
0.911177
0.911177
0.911177
0.911177
0.911177
0.911177
0.911177
0.911177
0.911177
0.911177
0.911177
0.911177
0.911177
0.911177
0.911177
0.911177
0.911177
0.911177
0.911177
0.911177
0.911177
0.911177
0.911177
0.911177
0.911177
0.911177
0.911177
0.911177
0.911177
0.911177
0.911177
0.911177
0.911177
0.911177
0.911177
0.911177
0.911177
0.911177
0.911177
0.911177
0.911177
0.911177
0.911177
0.911177
0.911177
0.911177
0.911177
0.911177
0.911177
0.911177
0.911177
0.911177
0.911177
0.911177
0.911177
0.911177
0.911177
0.911177
0.911177
0.911177
0.911177
0.911177
0.911177
0.911177
0.911177
0.911177
0.911177
0.911177
0.911177
0.911177
0.911177
0.911177
0.911177
0.911177
0.911177
0.911177
0.911177
0.911177
0.911177
0.911177
0.911177
0.911177
0.911177
0.911177
0.911177
0.911177
0.911177
0.911177
0.911177
0.911177
0.911177
0.911177
0.911177
0.911177
0.911177
0.911177
0.911177
0.911177
0.911177
0.911177
0.911177
0.911177
0.911177
0.911177
0.911177
0.911177
0.911177
0.911177
0.911177
0.911177
0.911177
0.911177
0.911177
0.911177
0.911177
0.911177
0.911177
0.911177
0.911177
0.911177
0.911177
0.911177
0.911177
0.911177
0.911177
0.911177
0.911177
0.911177
0.911177
0.911177
0.911177
0.911177
0.911177
0.911177
0.911177
0.911177
0.911177
0.911177
0.911177
0.911177
0.911177
0.911177
0.911177
0.911177
0.911177
0.911177
0.911177
0.911177
0.911177
0.911177
0.911177
0.911177
0.911177
0.911177
0.911177
0.911177
0.911177
0.911177
0.911177
0.911177
0.911177
0.911177
0.911177
0.911177
0.911177
0.911177
0.911177
0.911177
0.911177
0.911177
0.911177
0.911177
0.911177
0.911177
0.911177
0.911177
0.911177
0.911177
0.911177
0.911177
0.911177
0.911177
0.911177
0.911177
0.911177
0.911177
0.911177
0.911177
0.911177
0.911177
0.911177
0.911177
0.911177
0.911177
0.911177
0.911177
0.911177
0.911177
0.911177
0.911177
0.911177
0.911177
0.911177
0.911177
0.911177
0.911177
0.911177
0.911177
0.911177
0.911177
0.911177
0.911177
0.911177
0.911177
0.911177
0.911177
0.911177
0.911177
0.911177
0.911177
0.911177
0.911177
0.911177
0.911177
0.911177
0.911177
0.911177
0.911177
0.911177
0.911177
0.911177
0.911177
0.911177
0.911177
0.911177
0.911177
0.911177
0.911177
0.911177
0.911177
0.911177
0.911177
0.911177
0.911177
0.911177
0.911177
0.911177
0.911177
0.911177
0.911177
0.911177
0.911177
0.911177
0.911177
0.911177
0.911177
0.911177
0.911177
0.911177
0.911177
0.911177
0.911177
0.911177
0.911177
0.911177
0.911177
0.911177
0.911177
0.911177
0.911177
0.911177
0.911177
0.911177
0.911177
0.911177
0.911177
0.911177
0.911177
0.911177
0.911177
0.911177
0.911177
0.911177
0.911177
0.911177
0.911177
0.911177
0.911177
0.911177
0.911177
0.911177
0.911177
0.911177
0.911177
0.911177
0.911177
0.911177
0.911177
0.911177
0.911177
0.911177
0.911177
0.911177
0.911177
0.911177
0.911177
0.911177
0.911177
0.911177
0.911177
0.911177
0.911177
0.911177
0.911177
0.911177
0.911177
0.911177
0.911177
0.911177
0.911177
0.911177
0.911177
0.911177
0.911177
0.911177
0.911177
0.911177
0.911177
0.911177
0.911177
0.911177
0.911177
0.911177
0.911177
0.911177
0.911177
0.911177
0.911177
0.911177
0.911177
0.911177
0.911177
0.911177
0.911177
0.911177
0.911177
0.911177
0.911177
0.911177
0.911177
0.911177
0.911177
0.911177
0.911177
0.911177
0.911177
0.911177
0.911177
0.911177
0.911177
0.911177
0.911177
0.911177
0.911177
0.911177
0.911177
0.911177
0.911177
0.911177
0.911177
0.911177
0.911177
0.911177
0.911177
0.911177
0.911177
0.911177
0.911177
0.911177
0.911177
0.911177
0.911177
0.911177
0.911177
0.911177
0.911177
0.911177
0.911177
0.911177
0.911177
0.911177
0.911177
0.911177
0.911177
0.911177
0.911177
0.911177
0.911177
0.911177
0.911177
0.911177
0.911177
0.911177
0.911177
0.911177
0.911177
0.911177
0.911177
0.911177
0.911177
0.911177
0.911177
0.911177
0.911177
0.911177
0.911177
0.911177
0.911177
0.911177
0.911177
0.911177
0.911177
0.911177
0.911177
0.911177
0.911177
0.911177
0.911177
0.911177
0.911177
0.911177
0.911177
0.911177
0.911177
0.911177
0.911177
0.911177
0.911177
0.911177
0.911177
0.911177
0.911177
0.911177
0.911177
0.911177
0.911177
0.911177
0.911177
0.911177
0.911177
0.911177
0.911177
0.911177
0.911177
0.911177
0.911177
0.911177
0.911177
0.911177
0.911177
0.911177
0.911177
0.911177
0.911177
0.911177
0.911177
0.911177
0.911177
0.911177
0.911177
0.911177
0.911177
0.911177
0.911177
0.911177
0.911177
0.911177
0.911177
0.911177
0.911177
0.911177
0.911177
0.911177
0.911177
0.911177
0.911177
0.911177
0.911177
0.911177
0.911177
0.911177
0.911177
0.911177
0.911177
0.911177
0.911177
0.911177
0.911177
0.911177
0.911177
0.911177
0.911177
0.911177
0.911177
0.911177
0.911177
0.911177
0.911177
0.911177
0.911177
0.911177
0.911177
0.911177
0.911177
0.911177
0.911177
0.911177
0.911177
0.911177
0.911177
0.911177
0.911177
0.911177
0.911177
0.911177
0.911177
0.911177
0.911177
0.911177
0.911177
0.911177
0.911177
0.911177
0.911177
0.911177
0.911177
0.911177
0.911177
0.911177
0.911177
0.911177
0.911177
0.911177
0.911177
0.911177
0.911177
0.911177
0.911177
0.911177
0.911177
0.911177
0.911177
0.911177
0.911177
0.911177
0.911177
0.911177
0.911177
0.911177
0.911177
0.911177
0.911177
0.911177
0.911177
0.911177
0.911177
0.911177
0.911177
0.911177
0.911177
0.911177
0.911177
0.911177
0.911177
0.911177
0.911177
0.911177
0.911177
0.911177
0.911177
0.911177
0.911177
0.911177
0.911177
0.911177
0.911177
0.911177
0.911177
0.911177
0.911177
0.911177
0.911177
0.911177
0.911177
0.911177
0.911177
0.911177
0.911177
0.911177
0.911177
0.911177
0.911177
0.911177
0.911177
0.911177
0.911177
0.911177
0.911177
0.911177
0.911177
0.911177
0.911177
0.911177
0.911177
0.911177
0.911177
0.911177
0.911177
0.911177
0.911177
0.911177
0.911177
0.911177
0.911177
0.911177
0.911177
0.911177
0.911177
0.911177
0.911177
0.911177
0.911177
0.911177
0.911177
0.911177
0.911177
0.911177
0.911177
0.911177
0.911177
0.911177
0.911177
0.911177
0.911177
0.911177
0.911177
0.911177
0.911177
0.911177
0.911177
0.911177
0.911177
0.911177
0.911177
0.911177
0.911177
0.911177
0.911177
0.911177
0.911177
0.911177
0.911177
0.911177
0.911177
0.911177
0.911177
0.911177
0.911177
0.911177
0.911177
0.911177
0.911177
0.911177
0.911177
0.911177
0.911177
0.911177
0.911177
0.911177
0.911177
0.911177
0.911177
0.911177
0.911177
0.911177
0.911177
0.911177
0.911177
0.911177
0.911177
0.911177
0.911177
0.911177
0.911177
0.911177
0.911177
0.911177
0.911177
0.911177
0.911177
0.911177
0.911177
0.911177
0.911177
0.911177
0.911177
0.911177
0.911177
0.911177
0.911177
0.911177
0.911177
0.911177
0.911177
0.911177
0.911177
0.911177
0.911177
0.911177
0.911177
0.911177
0.911177
0.911177
0.911177
0.911177
0.911177
0.911177
0.911177
0.911177
0.911177
0.911177
0.911177
0.911177
0.911177
0.911177
0.911177
0.911177
0.911177
0.911177
0.911177
0.911177
0.911177
0.911177
0.911177
0.911177
0.911177
0.911177
0.911177
0.911177
0.911177
0.911177
0.911177
0.911177
0.911177
0.911177
0.911177
0.911177
0.911177
0.911177
0.911177
0.911177
0.911177
0.911177
0.911177
0.911177
0.911177
0.911177
0.911177
0.911177
0.911177
0.911177
0.911177
0.911177
0.911177
0.911177
0.911177
0.911177
0.911177
0.911177
0.911177
0.911177
0.911177
0.911177
0.911177
0.911177
0.911177
0.911177
0.911177
0.911177
0.911177
0.911177
0.911177
0.911177
0.911177
0.911177
0.911177
0.911177
0.911177
0.911177
0.911177
0.911177
0.911177
0.911177
0.911177
0.911177
0.911177
0.911177
0.911177
0.911177
0.911177
0.911177
0.911177
0.911177
0.911177
0.911177
0.911177
0.911177
0.911177
0.911177
0.911177
0.911177
0.911177
0.911177
0.911177
0.911177
0.911177
0.911177
0.911177
0.911177
0.911177
0.911177
0.911177
0.911177
0.911177
0.911177
0.911177
0.911177
0.911177
0.911177
0.911177
0.911177
0.911177
0.911177
0.911177
0.911177
0.911177
0.911177
0.911177
0.911177
0.911177
0.911177
0.911177
0.911177
0.911177
0.911177
0.911177
0.911177
0.911177
0.911177
0.911177
0.911177
0.911177
0.911177
0.911177
0.911177
0.911177
0.911177
0.911177
0.911177
0.911177
0.911177
0.911177
0.911177
0.911177
0.911177
0.911177
0.911177
0.911177
0.911177
0.911177
0.911177
0.911177
0.911177
0.911177
0.911177
0.911177
0.911177
0.911177
0.911177
0.911177
0.911177
0.911177
0.911177
0.911177
0.911177
0.911177
0.911177
0.911177
0.911177
0.911177
0.911177
0.911177
0.911177
0.911177
0.911177
0.911177
0.911177
0.911177
0.911177
0.911177
0.911177
0.911177
0.911177
0.911177
0.911177
0.911177
0.911177
0.911177
0.911177
0.911177
0.911177
0.911177
0.911177
0.911177
0.911177
0.911177
0.911177
0.911177
0.911177
0.911177
0.911177
0.911177
0.911177
0.911177
0.911177
0.911177
0.911177
0.911177
0.911177
0.911177
0.911177
0.911177
0.911177
0.911177
0.911177
0.911177
0.911177
0.911177
0.911177
0.911177
0.911177
0.911177
0.911177
0.911177
0.911177
0.911177
0.911177
0.911177
0.911177
0.911177
0.911177
0.911177
0.911177
0.911177
0.911177
0.911177
0.911177
0.911177
0.911177
0.911177
0.911177
0.911177
0.911177
0.911177
0.911177
0.911177
0.911177
0.911177
0.911177
0.911177
0.911177
0.911177
0.911177
0.911177
0.911177
0.911177
0.911177
0.911177
0.911177
0.911177
0.911177
0.911177
0.911177
0.911177
0.911177
0.911177
0.911177
0.911177
0.911177
0.911177
0.911177
0.911177
0.911177
0.911177
0.911177
0.911177
0.911177
0.911177
0.911177
0.911177
0.911177
0.911177
0.911177
0.911177
0.911177
0.911177
0.911177
0.911177
0.911177
0.911177
0.911177
0.911177
0.911177
0.911177
0.911177
0.911177
0.911177
0.911177
0.911177
0.911177
0.911177
0.911177
0.911177
0.911177
0.911177
0.911177
0.911177
0.911177
0.911177
0.911177
0.911177
0.911177
0.911177
0.911177
0.911177
0.911177
0.911177
0.911177
0.911177
0.911177
0.911177
0.911177
0.911177
0.911177
0.911177
0.911177
0.911177
0.911177
0.911177
0.911177
0.911177
0.911177
0.911177
0.911177
0.911177
0.911177
0.911177
0.911177
0.911177
0.911177
0.911177
0.911177
0.911177
0.911177
0.911177
0.911177
0.911177
0.911177
0.911177
0.911177
0.911177
0.911177
0.911177
0.911177
0.911177
0.911177
0.911177
0.911177
0.911177
0.911177
0.911177
0.911177
0.911177
0.911177
0.911177
0.911177
0.911177
0.911177
0.911177
0.911177
0.911177
0.911177
0.911177
0.911177
0.911177
0.911177
0.911177
0.911177
0.911177
0.911177
0.911177
0.911177
0.911177
0.911177
0.911177
0.911177
0.911177
0.911177
0.911177
0.911177
0.911177
0.911177
0.911177
0.911177
0.911177
0.911177
0.911177
0.911177
0.911177
0.911177
0.911177
0.911177
0.911177
0.911177
0.911177
0.911177
0.911177
0.911177
0.911177
0.911177
0.911177
0.911177
0.911177
0.911177
0.911177
0.911177
0.911177
0.911177
0.911177
0.911177
0.911177
0.911177
0.911177
0.911177
0.911177
0.911177
0.911177
0.911177
0.911177
0.911177
0.911177
0.911177
0.911177
0.911177
0.911177
0.911177
0.911177
0.911177
0.911177
0.911177
0.911177
0.911177
0.911177
0.911177
0.911177
0.911177
0.911177
0.911177
0.911177
0.911177
0.911177
0.911177
0.911177
0.911177
0.911177
0.911177
0.911177
0.911177
0.911177
0.911177
0.911177
0.911177
0.911177
0.911177
0.911177
0.911177
0.911177
0.911177
0.911177
0.911177
0.911177
0.911177
0.911177
0.911177
0.911177
0.911177
0.911177
0.911177
0.911177
0.911177
0.911177
0.911177
0.911177
0.911177
0.911177
0.911177
0.911177
0.911177
0.911177
0.911177
0.911177
0.911177
0.911177
0.911177
0.911177
0.911177
0.911177
0.911177
0.911177
0.911177
0.911177
0.911177
0.911177
0.911177
0.911177
0.911177
0.911177
0.911177
0.911177
0.911177
0.911177
0.911177
0.911177
0.911177
0.911177
0.911177
0.911177
0.911177
0.911177
0.911177
0.911177
0.911177
0.911177
0.911177
0.911177
0.911177
0.911177
0.911177
0.911177
0.911177
0.911177
0.911177
0.911177
0.911177
0.911177
0.911177
0.911177
0.911177
0.911177
0.911177
0.911177
0.911177
0.911177
0.911177
0.911177
0.911177
0.911177
0.911177
0.911177
0.911177
0.911177
0.911177
0.911177
0.911177
0.911177
0.911177
