0.00199501
0.00610524
0.011038
0.0158258
0.0202096
0.0241654
0.0277408
0.0309982
0.0339963
0.0367849
0.0394048
0.0418887
0.0442627
0.0465476
0.0487599
0.0509127
0.0530168
0.0550803
0.0571103
0.059112
0.06109
0.0630478
0.0649882
0.0669136
0.0688259
0.0707266
0.0726169
0.0744979
0.0763705
0.0782352
0.0800926
0.0819433
0.0837875
0.0856255
0.0874577
0.0892842
0.0911052
0.0929208
0.0947311
0.0965363
0.0983364
0.100131
0.101922
0.103707
0.105487
0.107263
0.109033
0.110799
0.112561
0.114317
0.116069
0.117816
0.119558
0.121296
0.123029
0.124758
0.126482
0.128201
0.129916
0.131626
0.133332
0.135033
0.13673
0.138422
0.14011
0.141793
0.143471
0.145145
0.146815
0.14848
0.150141
0.151798
0.15345
0.155097
0.156741
0.15838
0.160014
0.161644
0.16327
0.164891
0.166509
0.168121
0.16973
0.171334
0.172934
0.17453
0.176121
0.177709
0.179292
0.18087
0.182445
0.184015
0.185581
0.187143
0.188701
0.190255
0.191804
0.19335
0.194891
0.196428
0.197961
0.19949
0.201015
0.202536
0.204052
0.205565
0.207074
0.208578
0.210079
0.211575
0.213068
0.214557
0.216041
0.217522
0.218998
0.220471
0.22194
0.223405
0.224866
0.226323
0.227776
0.229225
0.23067
0.232112
0.233549
0.234983
0.236413
0.237839
0.239261
0.24068
0.242095
0.243505
0.244913
0.246316
0.247715
0.249111
0.250503
0.251892
0.253276
0.254657
0.256035
0.257408
0.258778
0.260144
0.261507
0.262865
0.264221
0.265572
0.26692
0.268265
0.269605
0.270942
0.272276
0.273606
0.274932
0.276255
0.277574
0.27889
0.280202
0.281511
0.282816
0.284118
0.285416
0.286711
0.288002
0.28929
0.290574
0.291855
0.293132
0.294406
0.295677
0.296944
0.298208
0.299468
0.300725
0.301979
0.303229
0.304476
0.305719
0.306959
0.308196
0.30943
0.31066
0.311887
0.31311
0.314331
0.315548
0.316761
0.317972
0.319179
0.320383
0.321584
0.322781
0.323976
0.325167
0.326354
0.327539
0.328721
0.329899
0.331074
0.332246
0.333415
0.334581
0.335743
0.336902
0.338059
0.339212
0.340362
0.341509
0.342653
0.343794
0.344931
0.346066
0.347198
0.348326
0.349452
0.350574
0.351694
0.35281
0.353924
0.355034
0.356142
0.357246
0.358348
0.359446
0.360542
0.361634
0.362724
0.363811
0.364895
0.365975
0.367053
0.368129
0.369201
0.37027
0.371336
0.3724
0.373461
0.374518
0.375573
0.376626
0.377675
0.378721
0.379765
0.380806
0.381844
0.382879
0.383911
0.384941
0.385968
0.386992
0.388013
0.389032
0.390048
0.391061
0.392071
0.393079
0.394084
0.395086
0.396085
0.397082
0.398076
0.399068
0.400057
0.401043
0.402026
0.403007
0.403985
0.404961
0.405933
0.406904
0.407871
0.408836
0.409799
0.410758
0.411716
0.41267
0.413622
0.414572
0.415519
0.416463
0.417405
0.418344
0.419281
0.420215
0.421147
0.422076
0.423003
0.423927
0.424849
0.425768
0.426685
0.427599
0.428511
0.42942
0.430327
0.431231
0.432133
0.433033
0.43393
0.434824
0.435717
0.436606
0.437494
0.438379
0.439262
0.440142
0.44102
0.441895
0.442768
0.443639
0.444508
0.445374
0.446237
0.447099
0.447958
0.448815
0.449669
0.450521
0.451371
0.452219
0.453064
0.453907
0.454748
0.455586
0.456422
0.457256
0.458088
0.458917
0.459744
0.460569
0.461392
0.462213
0.463031
0.463847
0.464661
0.465472
0.466282
0.467089
0.467894
0.468697
0.469498
0.470296
0.471093
0.471887
0.472679
0.473469
0.474257
0.475043
0.475826
0.476608
0.477387
0.478164
0.478939
0.479712
0.480483
0.481252
0.482019
0.482784
0.483546
0.484307
0.485066
0.485822
0.486577
0.487329
0.488079
0.488828
0.489574
0.490318
0.491061
0.491801
0.492539
0.493275
0.49401
0.494742
0.495472
0.496201
0.496927
0.497651
0.498374
0.499094
0.499813
0.50053
0.501244
0.501957
0.502668
0.503377
0.504084
0.504789
0.505492
0.506193
0.506892
0.50759
0.508285
0.508979
0.509671
0.510361
0.511049
0.511735
0.51242
0.513102
0.513783
0.514462
0.515139
0.515814
0.516487
0.517159
0.517828
0.518496
0.519162
0.519826
0.520489
0.52115
0.521808
0.522466
0.523121
0.523774
0.524426
0.525076
0.525725
0.526371
0.527016
0.527659
0.5283
0.52894
0.529577
0.530214
0.530848
0.531481
0.532112
0.532741
0.533368
0.533994
0.534618
0.535241
0.535861
0.536481
0.537098
0.537714
0.538328
0.53894
0.539551
0.54016
0.540768
0.541373
0.541977
0.54258
0.543181
0.54378
0.544378
0.544974
0.545568
0.546161
0.546752
0.547342
0.54793
0.548516
0.549101
0.549684
0.550266
0.550846
0.551425
0.552002
0.552577
0.553151
0.553723
0.554294
0.554863
0.555431
0.555997
0.556562
0.557125
0.557686
0.558246
0.558805
0.559362
0.559917
0.560471
0.561024
0.561575
0.562124
0.562672
0.563219
0.563764
0.564307
0.564849
0.56539
0.565929
0.566467
0.567003
0.567538
0.568071
0.568603
0.569134
0.569663
0.57019
0.570716
0.571241
0.571764
0.572286
0.572807
0.573326
0.573844
0.57436
0.574875
0.575388
0.5759
0.576411
0.57692
0.577428
0.577935
0.57844
0.578944
0.579446
0.579948
0.580447
0.580946
0.581443
0.581938
0.582433
0.582926
0.583417
0.583908
0.584397
0.584885
0.585371
0.585856
0.58634
0.586822
0.587303
0.587783
0.588262
0.588739
0.589215
0.58969
0.590163
0.590635
0.591106
0.591575
0.592044
0.592511
0.592976
0.593441
0.593904
0.594366
0.594827
0.595286
0.595744
0.596201
0.596657
0.597112
0.597565
0.598017
0.598468
0.598917
0.599366
0.599813
0.600259
0.600704
0.601147
0.60159
0.602031
0.602471
0.602909
0.603347
0.603783
0.604219
0.604653
0.605086
0.605517
0.605948
0.606377
0.606805
0.607232
0.607658
0.608083
0.608506
0.608929
0.60935
0.60977
0.610189
0.610607
0.611024
0.611439
0.611854
0.612267
0.612679
0.613091
0.613501
0.613909
0.614317
0.614724
0.61513
0.615534
0.615937
0.61634
0.616741
0.617141
0.61754
0.617938
0.618335
0.618731
0.619125
0.619519
0.619912
0.620303
0.620694
0.621083
0.621471
0.621859
0.622245
0.62263
0.623014
0.623397
0.62378
0.624161
0.624541
0.62492
0.625298
0.625675
0.62605
0.626425
0.626799
0.627172
0.627544
0.627915
0.628285
0.628654
0.629021
0.629388
0.629754
0.630119
0.630483
0.630846
0.631208
0.631569
0.631929
0.632288
0.632646
0.633003
0.633359
0.633714
0.634068
0.634421
0.634773
0.635125
0.635475
0.635824
0.636173
0.63652
0.636867
0.637212
0.637557
0.637901
0.638244
0.638585
0.638926
0.639266
0.639606
0.639944
0.640281
0.640617
0.640953
0.641287
0.641621
0.641954
0.642286
0.642616
0.642947
0.643276
0.643604
0.643931
0.644258
0.644583
0.644908
0.645232
0.645555
0.645877
0.646198
0.646518
0.646838
0.647156
0.647474
0.647791
0.648107
0.648422
0.648737
0.64905
0.649363
0.649674
0.649985
0.650295
0.650605
0.650913
0.651221
0.651527
0.651833
0.652138
0.652442
0.652746
0.653048
0.65335
0.653651
0.653951
0.654251
0.654549
0.654847
0.655144
0.65544
0.655735
0.65603
0.656323
0.656616
0.656908
0.6572
0.65749
0.65778
0.658069
0.658357
0.658645
0.658931
0.659217
0.659502
0.659786
0.66007
0.660353
0.660635
0.660916
0.661196
0.661476
0.661755
0.662033
0.662311
0.662587
0.662863
0.663138
0.663413
0.663686
0.663959
0.664232
0.664503
0.664774
0.665044
0.665313
0.665582
0.66585
0.666117
0.666383
0.666649
0.666914
0.667178
0.667441
0.667704
0.667966
0.668228
0.668488
0.668748
0.669007
0.669266
0.669524
0.669781
0.670037
0.670293
0.670548
0.670803
0.671056
0.671309
0.671562
0.671813
0.672064
0.672314
0.672564
0.672813
0.673061
0.673309
0.673556
0.673802
0.674047
0.674292
0.674536
0.67478
0.675023
0.675265
0.675507
0.675748
0.675988
0.676228
0.676467
0.676705
0.676943
0.67718
0.677416
0.677652
0.677887
0.678121
0.678355
0.678588
0.678821
0.679053
0.679284
0.679515
0.679745
0.679975
0.680203
0.680432
0.680659
0.680886
0.681113
0.681338
0.681563
0.681788
0.682012
0.682235
0.682458
0.68268
0.682901
0.683122
0.683343
0.683562
0.683782
0.684
0.684218
0.684435
0.684652
0.684868
0.685084
0.685299
0.685513
0.685727
0.68594
0.686153
0.686365
0.686577
0.686787
0.686998
0.687208
0.687417
0.687626
0.687834
0.688041
0.688248
0.688455
0.68866
0.688866
0.689071
0.689275
0.689478
0.689681
0.689884
0.690086
0.690287
0.690488
0.690689
0.690888
0.691088
0.691286
0.691485
0.691682
0.691879
0.692076
0.692272
0.692468
0.692662
0.692857
0.693051
0.693244
0.693437
0.69363
0.693821
0.694013
0.694203
0.694394
0.694584
0.694773
0.694962
0.69515
0.695337
0.695525
0.695711
0.695898
0.696083
0.696268
0.696453
0.696637
0.696821
0.697004
0.697187
0.697369
0.697551
0.697732
0.697913
0.698093
0.698273
0.698452
0.698631
0.698809
0.698987
0.699164
0.699341
0.699517
0.699693
0.699869
0.700044
0.700218
0.700392
0.700566
0.700739
0.700911
0.701083
0.701255
0.701426
0.701597
0.701767
0.701937
0.702106
0.702275
0.702444
0.702612
0.702779
0.702946
0.703113
0.703279
0.703445
0.70361
0.703775
0.703939
0.704103
0.704266
0.704429
0.704592
0.704754
0.704916
0.705077
0.705238
0.705398
0.705558
0.705718
0.705877
0.706035
0.706194
0.706351
0.706509
0.706666
0.706822
0.706978
0.707134
0.707289
0.707444
0.707599
0.707753
0.707906
0.708059
0.708212
0.708364
0.708516
0.708668
0.708819
0.70897
0.70912
0.70927
0.709419
0.709568
0.709717
0.709865
0.710013
0.71016
0.710308
0.710454
0.7106
0.710746
0.710892
0.711037
0.711182
0.711326
0.71147
0.711613
0.711756
0.711899
0.712041
0.712183
0.712325
0.712466
0.712607
0.712747
0.712887
0.713027
0.713166
0.713305
0.713444
0.713582
0.71372
0.713857
0.713994
0.714131
0.714267
0.714403
0.714539
0.714674
0.714809
0.714943
0.715077
0.715211
0.715344
0.715477
0.71561
0.715742
0.715874
0.716006
0.716137
0.716268
0.716398
0.716528
0.716658
0.716788
0.716917
0.717046
0.717174
0.717302
0.71743
0.717557
0.717684
0.717811
0.717937
0.718063
0.718189
0.718314
0.718439
0.718564
0.718688
0.718812
0.718935
0.719059
0.719182
0.719304
0.719427
0.719549
0.71967
0.719791
0.719912
0.720033
0.720153
0.720273
0.720393
0.720512
0.720631
0.72075
0.720868
0.720986
0.721104
0.721222
0.721339
0.721455
0.721572
0.721688
0.721804
0.721919
0.722034
0.722149
0.722264
0.722378
0.722492
0.722606
0.722719
0.722832
0.722945
0.723057
0.723169
0.723281
0.723393
0.723504
0.723615
0.723725
0.723836
0.723946
0.724055
0.724165
0.724274
0.724383
0.724491
0.7246
0.724707
0.724815
0.724922
0.72503
0.725136
0.725243
0.725349
0.725455
0.72556
0.725666
0.725771
0.725876
0.72598
0.726084
0.726188
0.726292
0.726395
0.726498
0.726601
0.726704
0.726806
0.726908
0.727009
0.727111
0.727212
0.727313
0.727413
0.727514
0.727614
0.727713
0.727813
0.727912
0.728011
0.72811
0.728208
0.728306
0.728404
0.728502
0.728599
0.728696
0.728793
0.72889
0.728986
0.729082
0.729178
0.729273
0.729369
0.729464
0.729559
0.729653
0.729747
0.729841
0.729935
0.730028
0.730122
0.730215
0.730307
0.7304
0.730492
0.730584
0.730676
0.730767
0.730858
0.730949
0.73104
0.731131
0.731221
0.731311
0.731401
0.73149
0.731579
0.731668
0.731757
0.731846
0.731934
0.732022
0.73211
0.732198
0.732285
0.732372
0.732459
0.732545
0.732632
0.732718
0.732804
0.73289
0.732975
0.73306
0.733145
0.73323
0.733315
0.733399
0.733483
0.733567
0.733651
0.733734
0.733817
0.7339
0.733983
0.734065
0.734148
0.73423
0.734312
0.734393
0.734475
0.734556
0.734637
0.734718
0.734798
0.734878
0.734958
0.735038
0.735118
0.735197
0.735277
0.735356
0.735434
0.735513
0.735591
0.73567
0.735748
0.735825
0.735903
0.73598
0.736057
0.736134
0.736211
0.736287
0.736363
0.73644
0.736515
0.736591
0.736666
0.736742
0.736817
0.736892
0.736966
0.737041
0.737115
0.737189
0.737263
0.737336
0.73741
0.737483
0.737556
0.737629
0.737702
0.737774
0.737846
0.737918
0.73799
0.738062
0.738133
0.738204
0.738276
0.738346
0.738417
0.738488
0.738558
0.738628
0.738698
0.738768
0.738837
0.738907
0.738976
0.739045
0.739114
0.739182
0.739251
0.739319
0.739387
0.739455
0.739522
0.73959
0.739657
0.739724
0.739791
0.739858
0.739925
0.739991
0.740057
0.740123
0.740189
0.740255
0.740321
0.740386
0.740451
0.740516
0.740581
0.740645
0.74071
0.740774
0.740838
0.740902
0.740966
0.74103
0.741093
0.741156
0.741219
0.741282
0.741345
0.741408
0.74147
0.741532
0.741594
0.741656
0.741718
0.741779
0.741841
0.741902
0.741963
0.742024
0.742085
0.742145
0.742206
0.742266
0.742326
0.742386
0.742446
0.742505
0.742565
0.742624
0.742683
0.742742
0.742801
0.742859
0.742918
0.742976
0.743034
0.743092
0.74315
0.743208
0.743265
0.743323
0.74338
0.743437
0.743494
0.74355
0.743607
0.743664
0.74372
0.743776
0.743832
0.743888
0.743943
0.743999
0.744054
0.74411
0.744165
0.74422
0.744274
0.744329
0.744383
0.744438
0.744492
0.744546
0.7446
0.744654
0.744707
0.744761
0.744814
0.744867
0.74492
0.744973
0.745026
0.745078
0.745131
0.745183
0.745235
0.745287
0.745339
0.745391
0.745443
0.745494
0.745545
0.745597
0.745648
0.745699
0.745749
0.7458
0.74585
0.745901
0.745951
0.746001
0.746051
0.746101
0.746151
0.7462
0.746249
0.746299
0.746348
0.746397
0.746446
0.746495
0.746543
0.746592
0.74664
0.746688
0.746736
0.746784
0.746832
0.74688
0.746927
0.746975
0.747022
0.747069
0.747116
0.747163
0.74721
0.747257
0.747303
0.74735
0.747396
0.747442
0.747488
0.747534
0.74758
0.747626
0.747671
0.747717
0.747762
0.747807
0.747852
0.747897
0.747942
0.747987
0.748031
0.748076
0.74812
0.748164
0.748208
0.748252
0.748296
0.74834
0.748383
0.748427
0.74847
0.748514
0.748557
0.7486
0.748643
0.748685
0.748728
0.748771
0.748813
0.748855
0.748898
0.74894
0.748982
0.749024
0.749065
0.749107
0.749149
0.74919
0.749231
0.749272
0.749314
0.749355
0.749395
0.749436
0.749477
0.749517
0.749558
0.749598
0.749638
0.749678
0.749718
0.749758
0.749798
0.749838
0.749877
0.749917
0.749956
0.749995
0.750034
0.750073
0.750112
0.750151
0.75019
0.750228
0.750267
0.750305
0.750344
0.750382
0.75042
0.750458
0.750496
0.750534
0.750571
0.750609
0.750646
0.750684
0.750721
0.750758
0.750795
0.750832
0.750869
0.750906
0.750942
0.750979
0.751015
0.751052
0.751088
0.751124
0.75116
0.751196
0.751232
0.751268
0.751304
0.751339
0.751375
0.75141
0.751445
0.75148
0.751516
0.751551
0.751586
0.75162
0.751655
0.75169
0.751724
0.751759
0.751793
0.751827
0.751861
0.751896
0.75193
0.751963
0.751997
0.752031
0.752065
0.752098
0.752131
0.752165
0.752198
0.752231
0.752264
0.752297
0.75233
0.752363
0.752396
0.752428
0.752461
0.752493
0.752526
0.752558
0.75259
0.752622
0.752654
0.752686
0.752718
0.75275
0.752781
0.752813
0.752844
0.752876
0.752907
0.752938
0.75297
0.753001
0.753032
0.753063
0.753093
0.753124
0.753155
0.753185
0.753216
0.753246
0.753277
0.753307
0.753337
0.753367
0.753397
0.753427
0.753457
0.753487
0.753516
0.753546
0.753575
0.753605
0.753634
0.753663
0.753693
0.753722
0.753751
0.75378
0.753809
0.753837
0.753866
0.753895
0.753923
0.753952
0.75398
0.754008
0.754037
0.754065
0.754093
0.754121
0.754149
0.754177
0.754205
0.754232
0.75426
0.754288
0.754315
0.754343
0.75437
0.754397
0.754424
0.754451
0.754479
0.754506
0.754532
0.754559
0.754586
0.754613
0.754639
0.754666
0.754692
0.754719
0.754745
0.754771
0.754798
0.754824
0.75485
0.754876
0.754902
0.754927
0.754953
0.754979
0.755005
0.75503
0.755056
0.755081
0.755106
0.755132
0.755157
0.755182
0.755207
0.755232
0.755257
0.755282
0.755307
0.755331
0.755356
0.755381
0.755405
0.75543
0.755454
0.755478
0.755503
0.755527
0.755551
0.755575
0.755599
0.755623
0.755647
0.755671
0.755695
0.755718
0.755742
0.755765
0.755789
0.755812
0.755836
0.755859
0.755882
0.755905
0.755929
0.755952
0.755975
0.755998
0.75602
0.756043
0.756066
0.756089
0.756111
0.756134
0.756156
0.756179
0.756201
0.756223
0.756246
0.756268
0.75629
0.756312
0.756334
0.756356
0.756378
0.7564
0.756422
0.756443
0.756465
0.756487
0.756508
0.75653
0.756551
0.756572
0.756594
0.756615
0.756636
0.756657
0.756678
0.756699
0.75672
0.756741
0.756762
0.756783
0.756804
0.756824
0.756845
0.756866
0.756886
0.756906
0.756927
0.756947
0.756968
0.756988
0.757008
0.757028
0.757048
0.757068
0.757088
0.757108
0.757128
0.757148
0.757167
0.757187
0.757207
0.757226
0.757246
0.757265
0.757285
0.757304
0.757324
0.757343
0.757362
0.757381
0.7574
0.757419
0.757438
0.757457
0.757476
0.757495
0.757514
0.757533
0.757551
0.75757
0.757589
0.757607
0.757626
0.757644
0.757663
0.757681
0.757699
0.757718
0.757736
0.757754
0.757772
0.75779
0.757808
0.757826
0.757844
0.757862
0.75788
0.757897
0.757915
0.757933
0.75795
0.757968
0.757986
0.758003
0.75802
0.758038
0.758055
0.758072
0.75809
0.758107
0.758124
0.758141
0.758158
0.758175
0.758192
0.758209
0.758226
0.758243
0.75826
0.758276
0.758293
0.75831
0.758326
0.758343
0.758359
0.758376
0.758392
0.758409
0.758425
0.758441
0.758458
0.758474
0.75849
0.758506
0.758522
0.758538
0.758554
0.75857
0.758586
0.758602
0.758618
0.758633
0.758649
0.758665
0.75868
0.758696
0.758712
0.758727
0.758743
0.758758
0.758773
0.758789
0.758804
0.758819
0.758834
0.75885
0.758865
0.75888
0.758895
0.75891
0.758925
0.75894
0.758955
0.75897
0.758984
0.758999
0.759014
0.759029
0.759043
0.759058
0.759073
0.759087
0.759102
0.759116
0.75913
0.759145
0.759159
0.759173
0.759188
0.759202
0.759216
0.75923
0.759244
0.759258
0.759272
0.759286
0.7593
0.759314
0.759328
0.759342
0.759356
0.75937
0.759383
0.759397
0.759411
0.759424
0.759438
0.759451
0.759465
0.759478
0.759492
0.759505
0.759519
0.759532
0.759545
0.759559
0.759572
0.759585
0.759598
0.759611
0.759624
0.759637
0.75965
0.759663
0.759676
0.759689
0.759702
0.759715
0.759728
0.75974
0.759753
0.759766
0.759778
0.759791
0.759804
0.759816
0.759829
0.759841
0.759854
0.759866
0.759878
0.759891
0.759903
0.759915
0.759928
0.75994
0.759952
0.759964
0.759976
0.759988
0.760001
0.760013
0.760025
0.760036
0.760048
0.76006
0.760072
0.760084
0.760096
0.760108
0.760119
0.760131
0.760143
0.760154
0.760166
0.760177
0.760189
0.760201
0.760212
0.760223
0.760235
0.760246
0.760258
0.760269
0.76028
0.760291
0.760303
0.760314
0.760325
0.760336
0.760347
0.760358
0.760369
0.76038
0.760391
0.760402
0.760413
0.760424
0.760435
0.760446
0.760457
0.760468
0.760478
0.760489
0.7605
0.76051
0.760521
0.760532
0.760542
0.760553
0.760563
0.760574
0.760584
0.760595
0.760605
0.760616
0.760626
0.760636
0.760647
0.760657
0.760667
0.760677
0.760687
0.760698
0.760708
0.760718
0.760728
0.760738
0.760748
0.760758
0.760768
0.760778
0.760788
0.760798
0.760808
0.760817
0.760827
0.760837
0.760847
0.760857
0.760866
0.760876
0.760886
0.760895
0.760905
0.760914
0.760924
0.760933
0.760943
0.760952
0.760962
0.760971
0.760981
0.76099
0.760999
0.761009
0.761018
0.761027
0.761036
0.761046
0.761055
0.761064
0.761073
0.761082
0.761091
0.7611
0.761109
0.761118
0.761127
0.761136
0.761145
0.761154
0.761163
0.761172
0.761181
0.76119
0.761199
0.761207
0.761216
0.761225
0.761233
0.761242
0.761251
0.761259
0.761268
0.761277
0.761285
0.761294
0.761302
0.761311
0.761319
0.761328
0.761336
0.761345
0.761353
0.761361
0.76137
0.761378
0.761386
0.761394
0.761403
0.761411
0.761419
0.761427
0.761435
0.761444
0.761452
0.76146
0.761468
0.761476
0.761484
0.761492
0.7615
0.761508
0.761516
0.761524
0.761532
0.76154
0.761547
0.761555
0.761563
0.761571
0.761579
0.761586
0.761594
0.761602
0.761609
0.761617
0.761625
0.761632
0.76164
0.761648
0.761655
0.761663
0.76167
0.761678
0.761685
0.761693
0.7617
0.761707
0.761715
0.761722
0.76173
0.761737
0.761744
0.761752
0.761759
0.761766
0.761773
0.761781
0.761788
0.761795
0.761802
0.761809
0.761816
0.761823
0.76183
0.761838
0.761845
0.761852
0.761859
0.761866
0.761873
0.76188
0.761886
0.761893
0.7619
0.761907
0.761914
0.761921
0.761928
0.761934
0.761941
0.761948
0.761955
0.761961
0.761968
0.761975
0.761982
0.761988
0.761995
0.762001
0.762008
0.762015
0.762021
0.762028
0.762034
0.762041
0.762047
0.762054
0.76206
0.762067
0.762073
0.76208
0.762086
0.762092
0.762099
0.762105
0.762111
0.762118
0.762124
0.76213
0.762136
0.762143
0.762149
0.762155
0.762161
0.762167
0.762174
0.76218
0.762186
0.762192
0.762198
0.762204
0.76221
0.762216
0.762222
0.762228
0.762234
0.76224
0.762246
0.762252
0.762258
0.762264
0.76227
0.762276
0.762281
0.762287
0.762293
0.762299
0.762305
0.762311
0.762316
0.762322
0.762328
0.762333
0.762339
0.762345
0.762351
0.762356
0.762362
0.762367
0.762373
0.762379
0.762384
0.76239
0.762395
0.762401
0.762406
0.762412
0.762417
0.762423
0.762428
0.762434
0.762439
0.762445
0.76245
0.762455
0.762461
0.762466
0.762471
0.762477
0.762482
0.762487
0.762493
0.762498
0.762503
0.762508
0.762514
0.762519
0.762524
0.762529
0.762534
0.76254
0.762545
0.76255
0.762555
0.76256
0.762565
0.76257
0.762575
0.76258
0.762585
0.76259
0.762595
0.7626
0.762605
0.76261
0.762615
0.76262
0.762625
0.76263
0.762635
0.76264
0.762645
0.76265
0.762654
0.762659
0.762664
0.762669
0.762674
0.762678
0.762683
0.762688
0.762693
0.762697
0.762702
0.762707
0.762712
0.762716
0.762721
0.762726
0.76273
0.762735
0.762739
0.762744
0.762749
0.762753
0.762758
0.762762
0.762767
0.762771
0.762776
0.76278
0.762785
0.762789
0.762794
0.762798
0.762803
0.762807
0.762812
0.762816
0.76282
0.762825
0.762829
0.762833
0.762838
0.762842
0.762846
0.762851
0.762855
0.762859
0.762864
0.762868
0.762872
0.762876
0.762881
0.762885
0.762889
0.762893
0.762897
0.762902
0.762906
0.76291
0.762914
0.762918
0.762922
0.762926
0.76293
0.762935
0.762939
0.762943
0.762947
0.762951
0.762955
0.762959
0.762963
0.762967
0.762971
0.762975
0.762979
0.762983
0.762987
0.762991
0.762995
0.762998
0.763002
0.763006
0.76301
0.763014
0.763018
0.763022
0.763026
0.763029
0.763033
0.763037
0.763041
0.763045
0.763048
0.763052
0.763056
0.76306
0.763063
0.763067
0.763071
0.763074
0.763078
0.763082
0.763085
0.763089
0.763093
0.763096
0.7631
0.763104
0.763107
0.763111
0.763115
0.763118
0.763122
0.763125
0.763129
0.763132
0.763136
0.763139
0.763143
0.763146
0.76315
0.763153
0.763157
0.76316
0.763164
0.763167
0.763171
0.763174
0.763178
0.763181
0.763184
0.763188
0.763191
0.763195
0.763198
0.763201
0.763205
0.763208
0.763211
0.763215
0.763218
0.763221
0.763225
0.763228
0.763231
0.763234
0.763238
0.763241
0.763244
0.763247
0.763251
0.763254
0.763257
0.76326
0.763263
0.763267
0.76327
0.763273
0.763276
0.763279
0.763282
0.763286
0.763289
0.763292
0.763295
0.763298
0.763301
0.763304
0.763307
0.76331
0.763313
0.763316
0.763319
0.763322
0.763325
0.763328
0.763331
0.763334
0.763337
0.76334
0.763343
0.763346
0.763349
0.763352
0.763355
0.763358
0.763361
0.763364
0.763367
0.76337
0.763373
0.763376
0.763378
0.763381
0.763384
0.763387
0.76339
0.763393
0.763396
0.763398
0.763401
0.763404
0.763407
0.76341
0.763412
0.763415
0.763418
0.763421
0.763423
0.763426
0.763429
0.763432
0.763434
0.763437
0.76344
0.763443
0.763445
0.763448
0.763451
0.763453
0.763456
0.763459
0.763461
0.763464
0.763467
0.763469
0.763472
0.763474
0.763477
0.76348
0.763482
0.763485
0.763487
0.76349
0.763493
0.763495
0.763498
0.7635
0.763503
0.763505
0.763508
0.76351
0.763513
0.763515
0.763518
0.76352
0.763523
0.763525
0.763528
0.76353
0.763533
0.763535
0.763538
0.76354
0.763542
0.763545
0.763547
0.76355
0.763552
0.763555
0.763557
0.763559
0.763562
0.763564
0.763566
0.763569
0.763571
0.763573
0.763576
0.763578
0.76358
0.763583
0.763585
0.763587
0.76359
0.763592
0.763594
0.763597
0.763599
0.763601
0.763603
0.763606
0.763608
0.76361
0.763612
0.763615
0.763617
0.763619
0.763621
0.763624
0.763626
0.763628
0.76363
0.763632
0.763635
0.763637
0.763639
0.763641
0.763643
0.763645
0.763647
0.76365
0.763652
0.763654
0.763656
0.763658
0.76366
0.763662
0.763664
0.763667
0.763669
0.763671
0.763673
0.763675
0.763677
0.763679
0.763681
0.763683
0.763685
0.763687
0.763689
0.763691
0.763693
0.763695
0.763697
0.763699
0.763701
0.763703
0.763705
0.763707
0.763709
0.763711
0.763713
0.763715
0.763717
0.763719
0.763721
0.763723
0.763725
0.763727
0.763729
0.763731
0.763733
0.763734
0.763736
0.763738
0.76374
0.763742
0.763744
0.763746
0.763748
0.76375
0.763751
0.763753
0.763755
0.763757
0.763759
0.763761
0.763763
0.763764
0.763766
0.763768
0.76377
0.763772
0.763773
0.763775
0.763777
0.763779
0.763781
0.763782
0.763784
0.763786
0.763788
0.763789
0.763791
0.763793
0.763795
0.763796
0.763798
0.7638
0.763802
0.763803
0.763805
0.763807
0.763809
0.76381
0.763812
0.763814
0.763815
0.763817
0.763819
0.76382
0.763822
0.763824
0.763825
0.763827
0.763829
0.76383
0.763832
0.763834
0.763835
0.763837
0.763839
0.76384
0.763842
0.763843
0.763845
0.763847
0.763848
0.76385
0.763851
0.763853
0.763855
0.763856
0.763858
0.763859
0.763861
0.763862
0.763864
0.763866
0.763867
0.763869
0.76387
0.763872
0.763873
0.763875
0.763876
0.763878
0.763879
0.763881
0.763882
0.763884
0.763885
0.763887
0.763888
0.76389
0.763891
0.763893
0.763894
0.763896
0.763897
0.763899
0.7639
0.763902
0.763903
0.763904
0.763906
0.763907
0.763909
0.76391
0.763912
0.763913
0.763915
0.763916
0.763917
0.763919
0.76392
0.763922
0.763923
0.763924
0.763926
0.763927
0.763929
0.76393
0.763931
0.763933
0.763934
0.763935
0.763937
0.763938
0.763939
0.763941
0.763942
0.763943
0.763945
0.763946
0.763947
0.763949
0.76395
0.763951
0.763953
0.763954
0.763955
0.763957
0.763958
0.763959
0.763961
0.763962
0.763963
0.763964
0.763966
0.763967
0.763968
0.76397
0.763971
0.763972
0.763973
0.763975
0.763976
0.763977
0.763978
0.76398
0.763981
0.763982
0.763983
0.763985
0.763986
0.763987
0.763988
0.763989
0.763991
0.763992
0.763993
0.763994
0.763996
0.763997
0.763998
0.763999
0.764
0.764001
0.764003
0.764004
0.764005
0.764006
0.764007
0.764009
0.76401
0.764011
0.764012
0.764013
0.764014
0.764015
0.764017
0.764018
0.764019
0.76402
0.764021
0.764022
0.764023
0.764025
0.764026
0.764027
0.764028
0.764029
0.76403
0.764031
0.764032
0.764033
0.764034
0.764036
0.764037
0.764038
0.764039
0.76404
0.764041
0.764042
0.764043
0.764044
0.764045
0.764046
0.764047
0.764048
0.76405
0.764051
0.764052
0.764053
0.764054
0.764055
0.764056
0.764057
0.764058
0.764059
0.76406
0.764061
0.764062
0.764063
0.764064
0.764065
0.764066
0.764067
0.764068
0.764069
0.76407
0.764071
0.764072
0.764073
0.764074
0.764075
0.764076
0.764077
0.764078
0.764079
0.76408
0.764081
0.764082
0.764083
0.764084
0.764085
0.764086
0.764087
0.764088
0.764088
0.764089
0.76409
0.764091
0.764092
0.764093
0.764094
0.764095
0.764096
0.764097
0.764098
0.764099
0.7641
0.764101
0.764101
0.764102
0.764103
0.764104
0.764105
0.764106
0.764107
0.764108
0.764109
0.76411
0.76411
0.764111
0.764112
0.764113
0.764114
0.764115
0.764116
0.764117
0.764118
0.764118
0.764119
0.76412
0.764121
0.764122
0.764123
0.764124
0.764124
0.764125
0.764126
0.764127
0.764128
0.764129
0.764129
0.76413
0.764131
0.764132
0.764133
0.764134
0.764134
0.764135
0.764136
0.764137
0.764138
0.764139
0.764139
0.76414
0.764141
0.764142
0.764143
0.764143
0.764144
0.764145
0.764146
0.764147
0.764147
0.764148
0.764149
0.76415
0.76415
0.764151
0.764152
0.764153
0.764154
0.764154
0.764155
0.764156
0.764157
0.764157
0.764158
0.764159
0.76416
0.76416
0.764161
0.764162
0.764163
0.764163
0.764164
0.764165
0.764166
0.764166
0.764167
0.764168
0.764169
0.764169
0.76417
0.764171
0.764171
0.764172
0.764173
0.764174
0.764174
0.764175
0.764176
0.764176
0.764177
0.764178
0.764179
0.764179
0.76418
0.764181
0.764181
0.764182
0.764183
0.764183
0.764184
0.764185
0.764186
0.764186
0.764187
0.764188
0.764188
0.764189
0.76419
0.76419
0.764191
0.764192
0.764192
0.764193
0.764194
0.764194
0.764195
0.764196
0.764196
0.764197
0.764198
0.764198
0.764199
0.764199
0.7642
0.764201
0.764201
0.764202
0.764203
0.764203
0.764204
0.764205
0.764205
0.764206
0.764206
0.764207
0.764208
0.764208
0.764209
0.76421
0.76421
0.764211
0.764211
0.764212
0.764213
0.764213
0.764214
0.764215
0.764215
0.764216
0.764216
0.764217
0.764218
0.764218
0.764219
0.764219
0.76422
0.76422
0.764221
0.764222
0.764222
0.764223
0.764223
0.764224
0.764225
0.764225
0.764226
0.764226
0.764227
0.764227
0.764228
0.764229
0.764229
0.76423
0.76423
0.764231
0.764231
0.764232
0.764233
0.764233
0.764234
0.764234
0.764235
0.764235
0.764236
0.764236
0.764237
0.764237
0.764238
0.764239
0.764239
0.76424
0.76424
0.764241
0.764241
0.764242
0.764242
0.764243
0.764243
0.764244
0.764244
0.764245
0.764245
0.764246
0.764246
0.764247
0.764248
0.764248
0.764249
0.764249
0.76425
0.76425
0.764251
0.764251
0.764252
0.764252
0.764253
0.764253
0.764254
0.764254
0.764255
0.764255
0.764256
0.764256
0.764257
0.764257
0.764258
0.764258
0.764259
0.764259
0.76426
0.76426
0.76426
0.764261
0.764261
0.764262
0.764262
0.764263
0.764263
0.764264
0.764264
0.764265
0.764265
0.764266
0.764266
0.764267
0.764267
0.764268
0.764268
0.764268
0.764269
0.764269
0.76427
0.76427
0.764271
0.764271
0.764272
0.764272
0.764273
0.764273
0.764273
0.764274
0.764274
0.764275
0.764275
0.764276
0.764276
0.764277
0.764277
0.764277
0.764278
0.764278
0.764279
0.764279
0.76428
0.76428
0.76428
0.764281
0.764281
0.764282
0.764282
0.764283
0.764283
0.764283
0.764284
0.764284
0.764285
0.764285
0.764285
0.764286
0.764286
0.764287
0.764287
0.764288
0.764288
0.764288
0.764289
0.764289
0.76429
0.76429
0.76429
0.764291
0.764291
0.764292
0.764292
0.764292
0.764293
0.764293
0.764293
0.764294
0.764294
0.764295
0.764295
0.764295
0.764296
0.764296
0.764297
0.764297
0.764297
0.764298
0.764298
0.764298
0.764299
0.764299
0.7643
0.7643
0.7643
0.764301
0.764301
0.764301
0.764302
0.764302
0.764303
0.764303
0.764303
0.764304
0.764304
0.764304
0.764305
0.764305
0.764305
0.764306
0.764306
0.764307
0.764307
0.764307
0.764308
0.764308
0.764308
0.764309
0.764309
0.764309
0.76431
0.76431
0.76431
0.764311
0.764311
0.764311
0.764312
0.764312
0.764312
0.764313
0.764313
0.764313
0.764314
0.764314
0.764314
0.764315
0.764315
0.764315
0.764316
0.764316
0.764316
0.764317
0.764317
0.764317
0.764318
0.764318
0.764318
0.764319
0.764319
0.764319
0.76432
0.76432
0.76432
0.764321
0.764321
0.764321
0.764322
0.764322
0.764322
0.764323
0.764323
0.764323
0.764324
0.764324
0.764324
0.764324
0.764325
0.764325
0.764325
0.764326
0.764326
0.764326
0.764327
0.764327
0.764327
0.764327
0.764328
0.764328
0.764328
0.764329
0.764329
0.764329
0.76433
0.76433
0.76433
0.76433
0.764331
0.764331
0.764331
0.764332
0.764332
0.764332
0.764332
0.764333
0.764333
0.764333
0.764334
0.764334
0.764334
0.764334
0.764335
0.764335
0.764335
0.764336
0.764336
0.764336
0.764336
0.764337
0.764337
0.764337
0.764337
0.764338
0.764338
0.764338
0.764339
0.764339
0.764339
0.764339
0.76434
0.76434
0.76434
0.76434
0.764341
0.764341
0.764341
0.764341
0.764342
0.764342
0.764342
0.764342
0.764343
0.764343
0.764343
0.764344
0.764344
0.764344
0.764344
0.764345
0.764345
0.764345
0.764345
0.764346
0.764346
0.764346
0.764346
0.764347
0.764347
0.764347
0.764347
0.764348
0.764348
0.764348
0.764348
0.764348
0.764349
0.764349
0.764349
0.764349
0.76435
0.76435
0.76435
0.76435
0.764351
0.764351
0.764351
0.764351
0.764352
0.764352
0.764352
0.764352
0.764353
0.764353
0.764353
0.764353
0.764353
0.764354
0.764354
0.764354
0.764354
0.764355
0.764355
0.764355
0.764355
0.764355
0.764356
0.764356
0.764356
0.764356
0.764357
0.764357
0.764357
0.764357
0.764357
0.764358
0.764358
0.764358
0.764358
0.764359
0.764359
0.764359
0.764359
0.764359
0.76436
0.76436
0.76436
0.76436
0.76436
0.764361
0.764361
0.764361
0.764361
0.764361
0.764362
0.764362
0.764362
0.764362
0.764363
0.764363
0.764363
0.764363
0.764363
0.764364
0.764364
0.764364
0.764364
0.764364
0.764365
0.764365
0.764365
0.764365
0.764365
0.764366
0.764366
0.764366
0.764366
0.764366
0.764366
0.764367
0.764367
0.764367
0.764367
0.764367
0.764368
0.764368
0.764368
0.764368
0.764368
0.764369
0.764369
0.764369
0.764369
0.764369
0.764369
0.76437
0.76437
0.76437
0.76437
0.76437
0.764371
0.764371
0.764371
0.764371
0.764371
0.764372
0.764372
0.764372
0.764372
0.764372
0.764372
0.764373
0.764373
0.764373
0.764373
0.764373
0.764373
0.764374
0.764374
0.764374
0.764374
0.764374
0.764374
0.764375
0.764375
0.764375
0.764375
0.764375
0.764376
0.764376
0.764376
0.764376
0.764376
0.764376
0.764377
0.764377
0.764377
0.764377
0.764377
0.764377
0.764378
0.764378
0.764378
0.764378
0.764378
0.764378
0.764378
0.764379
0.764379
0.764379
0.764379
0.764379
0.764379
0.76438
0.76438
0.76438
0.76438
0.76438
0.76438
0.764381
0.764381
0.764381
0.764381
0.764381
0.764381
0.764381
0.764382
0.764382
0.764382
0.764382
0.764382
0.764382
0.764383
0.764383
0.764383
0.764383
0.764383
0.764383
0.764383
0.764384
0.764384
0.764384
0.764384
0.764384
0.764384
0.764384
0.764385
0.764385
0.764385
0.764385
0.764385
0.764385
0.764385
0.764386
0.764386
0.764386
0.764386
0.764386
0.764386
0.764386
0.764387
0.764387
0.764387
0.764387
0.764387
0.764387
0.764387
0.764388
0.764388
0.764388
0.764388
0.764388
0.764388
0.764388
0.764388
0.764389
0.764389
0.764389
0.764389
0.764389
0.764389
0.764389
0.76439
0.76439
0.76439
0.76439
0.76439
0.76439
0.76439
0.76439
0.764391
0.764391
0.764391
0.764391
0.764391
0.764391
0.764391
0.764391
0.764392
0.764392
0.764392
0.764392
0.764392
0.764392
0.764392
0.764392
0.764393
0.764393
0.764393
0.764393
0.764393
0.764393
0.764393
0.764393
0.764394
0.764394
0.764394
0.764394
0.764394
0.764394
0.764394
0.764394
0.764394
0.764395
0.764395
0.764395
0.764395
0.764395
0.764395
0.764395
0.764395
0.764396
0.764396
0.764396
0.764396
0.764396
0.764396
0.764396
0.764396
0.764396
0.764397
0.764397
0.764397
0.764397
0.764397
0.764397
0.764397
0.764397
0.764397
0.764398
0.764398
0.764398
0.764398
0.764398
0.764398
0.764398
0.764398
0.764398
0.764398
0.764399
0.764399
0.764399
0.764399
0.764399
0.764399
0.764399
0.764399
0.764399
0.7644
0.7644
0.7644
0.7644
0.7644
0.7644
0.7644
0.7644
0.7644
0.7644
0.764401
0.764401
0.764401
0.764401
0.764401
0.764401
0.764401
0.764401
0.764401
0.764401
0.764402
0.764402
0.764402
0.764402
0.764402
0.764402
0.764402
0.764402
0.764402
0.764402
0.764403
0.764403
0.764403
0.764403
0.764403
0.764403
0.764403
0.764403
0.764403
0.764403
0.764403
0.764404
0.764404
0.764404
0.764404
0.764404
0.764404
0.764404
0.764404
0.764404
0.764404
0.764404
0.764405
0.764405
0.764405
0.764405
0.764405
0.764405
0.764405
0.764405
0.764405
0.764405
0.764405
0.764406
0.764406
0.764406
0.764406
0.764406
0.764406
0.764406
0.764406
0.764406
0.764406
0.764406
0.764406
0.764407
0.764407
0.764407
0.764407
0.764407
0.764407
0.764407
0.764407
0.764407
0.764407
0.764407
0.764407
0.764408
0.764408
0.764408
0.764408
0.764408
0.764408
0.764408
0.764408
0.764408
0.764408
0.764408
0.764408
0.764409
0.764409
0.764409
0.764409
0.764409
0.764409
0.764409
0.764409
0.764409
0.764409
0.764409
0.764409
0.764409
0.76441
0.76441
0.76441
0.76441
0.76441
0.76441
0.76441
0.76441
0.76441
0.76441
0.76441
0.76441
0.76441
0.764411
0.764411
0.764411
0.764411
0.764411
0.764411
0.764411
0.764411
0.764411
0.764411
0.764411
0.764411
0.764411
0.764411
0.764412
0.764412
0.764412
0.764412
0.764412
0.764412
0.764412
0.764412
0.764412
0.764412
0.764412
0.764412
0.764412
0.764412
0.764413
0.764413
0.764413
0.764413
0.764413
0.764413
0.764413
0.764413
0.764413
0.764413
0.764413
0.764413
0.764413
0.764413
0.764413
0.764414
0.764414
0.764414
0.764414
0.764414
0.764414
0.764414
0.764414
0.764414
0.764414
0.764414
0.764414
0.764414
0.764414
0.764414
0.764414
0.764415
0.764415
0.764415
0.764415
0.764415
0.764415
0.764415
0.764415
0.764415
0.764415
0.764415
0.764415
0.764415
0.764415
0.764415
0.764415
0.764416
0.764416
0.764416
0.764416
0.764416
0.764416
0.764416
0.764416
0.764416
0.764416
0.764416
0.764416
0.764416
0.764416
0.764416
0.764416
0.764416
0.764417
0.764417
0.764417
0.764417
0.764417
0.764417
0.764417
0.764417
0.764417
0.764417
0.764417
0.764417
0.764417
0.764417
0.764417
0.764417
0.764417
0.764417
0.764418
0.764418
0.764418
0.764418
0.764418
0.764418
0.764418
0.764418
0.764418
0.764418
0.764418
0.764418
0.764418
0.764418
0.764418
0.764418
0.764418
0.764418
0.764418
0.764419
0.764419
0.764419
0.764419
0.764419
0.764419
0.764419
0.764419
0.764419
0.764419
0.764419
0.764419
0.764419
0.764419
0.764419
0.764419
0.764419
0.764419
0.764419
0.76442
0.76442
0.76442
0.76442
0.76442
0.76442
0.76442
0.76442
0.76442
0.76442
0.76442
0.76442
0.76442
0.76442
0.76442
0.76442
0.76442
0.76442
0.76442
0.76442
0.76442
0.764421
0.764421
0.764421
0.764421
0.764421
0.764421
0.764421
0.764421
0.764421
0.764421
0.764421
0.764421
0.764421
0.764421
0.764421
0.764421
0.764421
0.764421
0.764421
0.764421
0.764421
0.764421
0.764422
0.764422
0.764422
0.764422
0.764422
0.764422
0.764422
0.764422
0.764422
0.764422
0.764422
0.764422
0.764422
0.764422
0.764422
0.764422
0.764422
0.764422
0.764422
0.764422
0.764422
0.764422
0.764422
0.764422
0.764423
0.764423
0.764423
0.764423
0.764423
0.764423
0.764423
0.764423
0.764423
0.764423
0.764423
0.764423
0.764423
0.764423
0.764423
0.764423
0.764423
0.764423
0.764423
0.764423
0.764423
0.764423
0.764423
0.764423
0.764423
0.764424
0.764424
0.764424
0.764424
0.764424
0.764424
0.764424
0.764424
0.764424
0.764424
0.764424
0.764424
0.764424
0.764424
0.764424
0.764424
0.764424
0.764424
0.764424
0.764424
0.764424
0.764424
0.764424
0.764424
0.764424
0.764424
0.764424
0.764425
0.764425
0.764425
0.764425
0.764425
0.764425
0.764425
0.764425
0.764425
0.764425
0.764425
0.764425
0.764425
0.764425
0.764425
0.764425
0.764425
0.764425
0.764425
0.764425
0.764425
0.764425
0.764425
0.764425
0.764425
0.764425
0.764425
0.764425
0.764425
0.764426
0.764426
0.764426
0.764426
0.764426
0.764426
0.764426
0.764426
0.764426
0.764426
0.764426
0.764426
0.764426
0.764426
0.764426
0.764426
0.764426
0.764426
0.764426
0.764426
0.764426
0.764426
0.764426
0.764426
0.764426
0.764426
0.764426
0.764426
0.764426
0.764426
0.764426
0.764427
0.764427
0.764427
0.764427
0.764427
0.764427
0.764427
0.764427
0.764427
0.764427
0.764427
0.764427
0.764427
0.764427
0.764427
0.764427
0.764427
0.764427
0.764427
0.764427
0.764427
0.764427
0.764427
0.764427
0.764427
0.764427
0.764427
0.764427
0.764427
0.764427
0.764427
0.764427
0.764427
0.764427
0.764427
0.764428
0.764428
0.764428
0.764428
0.764428
0.764428
0.764428
0.764428
0.764428
0.764428
0.764428
0.764428
0.764428
0.764428
0.764428
0.764428
0.764428
0.764428
0.764428
0.764428
0.764428
0.764428
0.764428
0.764428
0.764428
0.764428
0.764428
0.764428
0.764428
0.764428
0.764428
0.764428
0.764428
0.764428
0.764428
0.764428
0.764428
0.764428
0.764429
0.764429
0.764429
0.764429
0.764429
0.764429
0.764429
0.764429
0.764429
0.764429
0.764429
0.764429
0.764429
0.764429
0.764429
0.764429
0.764429
0.764429
0.764429
0.764429
0.764429
0.764429
0.764429
0.764429
0.764429
0.764429
0.764429
0.764429
0.764429
0.764429
0.764429
0.764429
0.764429
0.764429
0.764429
0.764429
0.764429
0.764429
0.764429
0.764429
0.764429
0.764429
0.76443
0.76443
0.76443
0.76443
0.76443
0.76443
0.76443
0.76443
0.76443
0.76443
0.76443
0.76443
0.76443
0.76443
0.76443
0.76443
0.76443
0.76443
0.76443
0.76443
0.76443
0.76443
0.76443
0.76443
0.76443
0.76443
0.76443
0.76443
0.76443
0.76443
0.76443
0.76443
0.76443
0.76443
0.76443
0.76443
0.76443
0.76443
0.76443
0.76443
0.76443
0.76443
0.76443
0.76443
0.76443
0.76443
0.76443
0.76443
0.764431
0.764431
0.764431
0.764431
0.764431
0.764431
0.764431
0.764431
0.764431
0.764431
0.764431
0.764431
0.764431
0.764431
0.764431
0.764431
0.764431
0.764431
0.764431
0.764431
0.764431
0.764431
0.764431
0.764431
0.764431
0.764431
0.764431
0.764431
0.764431
0.764431
0.764431
0.764431
0.764431
0.764431
0.764431
0.764431
0.764431
0.764431
0.764431
0.764431
0.764431
0.764431
0.764431
0.764431
0.764431
0.764431
0.764431
0.764431
0.764431
0.764431
0.764431
0.764431
0.764431
0.764431
0.764431
0.764432
0.764432
0.764432
0.764432
0.764432
0.764432
0.764432
0.764432
0.764432
0.764432
0.764432
0.764432
0.764432
0.764432
0.764432
0.764432
0.764432
0.764432
0.764432
0.764432
0.764432
0.764432
0.764432
0.764432
0.764432
0.764432
0.764432
0.764432
0.764432
0.764432
0.764432
0.764432
0.764432
0.764432
0.764432
0.764432
0.764432
0.764432
0.764432
0.764432
0.764432
0.764432
0.764432
0.764432
0.764432
0.764432
0.764432
0.764432
0.764432
0.764432
0.764432
0.764432
0.764432
0.764432
0.764432
0.764432
0.764432
0.764432
0.764432
0.764432
0.764432
0.764432
0.764432
0.764432
0.764432
0.764433
0.764433
0.764433
0.764433
0.764433
0.764433
0.764433
0.764433
0.764433
0.764433
0.764433
0.764433
0.764433
0.764433
0.764433
0.764433
0.764433
0.764433
0.764433
0.764433
0.764433
0.764433
0.764433
0.764433
0.764433
0.764433
0.764433
0.764433
0.764433
0.764433
0.764433
0.764433
0.764433
0.764433
0.764433
0.764433
0.764433
0.764433
0.764433
0.764433
0.764433
0.764433
0.764433
0.764433
0.764433
0.764433
0.764433
0.764433
0.764433
0.764433
0.764433
0.764433
0.764433
0.764433
0.764433
0.764433
0.764433
0.764433
0.764433
0.764433
0.764433
0.764433
0.764433
0.764433
0.764433
0.764433
0.764433
0.764433
0.764433
0.764433
0.764433
0.764433
0.764433
0.764433
0.764433
0.764433
0.764433
0.764433
0.764433
0.764434
0.764434
0.764434
0.764434
0.764434
0.764434
0.764434
0.764434
0.764434
0.764434
0.764434
0.764434
0.764434
0.764434
0.764434
0.764434
0.764434
0.764434
0.764434
0.764434
0.764434
0.764434
0.764434
0.764434
0.764434
0.764434
0.764434
0.764434
0.764434
0.764434
0.764434
0.764434
0.764434
0.764434
0.764434
0.764434
0.764434
0.764434
0.764434
0.764434
0.764434
0.764434
0.764434
0.764434
0.764434
0.764434
0.764434
0.764434
0.764434
0.764434
0.764434
0.764434
0.764434
0.764434
0.764434
0.764434
0.764434
0.764434
0.764434
0.764434
0.764434
0.764434
0.764434
0.764434
0.764434
0.764434
0.764434
0.764434
0.764434
0.764434
0.764434
0.764434
0.764434
0.764434
0.764434
0.764434
0.764434
0.764434
0.764434
0.764434
0.764434
0.764434
0.764434
0.764434
0.764434
0.764434
0.764434
0.764434
0.764434
0.764434
0.764434
0.764434
0.764434
0.764434
0.764434
0.764434
0.764434
0.764434
0.764434
0.764434
0.764435
0.764435
0.764435
0.764435
0.764435
0.764435
0.764435
0.764435
0.764435
0.764435
0.764435
0.764435
0.764435
0.764435
0.764435
0.764435
0.764435
0.764435
0.764435
0.764435
0.764435
0.764435
0.764435
0.764435
0.764435
0.764435
0.764435
0.764435
0.764435
0.764435
0.764435
0.764435
0.764435
0.764435
0.764435
0.764435
0.764435
0.764435
0.764435
0.764435
0.764435
0.764435
0.764435
0.764435
0.764435
0.764435
0.764435
0.764435
0.764435
0.764435
0.764435
0.764435
0.764435
0.764435
0.764435
0.764435
0.764435
0.764435
0.764435
0.764435
0.764435
0.764435
0.764435
0.764435
0.764435
0.764435
0.764435
0.764435
0.764435
0.764435
0.764435
0.764435
0.764435
0.764435
0.764435
0.764435
0.764435
0.764435
0.764435
0.764435
0.764435
0.764435
0.764435
0.764435
0.764435
0.764435
0.764435
0.764435
0.764435
0.764435
0.764435
0.764435
0.764435
0.764435
0.764435
0.764435
0.764435
0.764435
0.764435
0.764435
0.764435
0.764435
0.764435
0.764435
0.764435
0.764435
0.764435
0.764435
0.764435
0.764435
0.764435
0.764435
0.764435
0.764435
0.764435
0.764435
0.764435
0.764435
0.764435
0.764435
0.764435
0.764435
0.764435
0.764435
0.764435
0.764435
0.764435
0.764435
0.764435
0.764435
0.764435
0.764435
0.764435
0.764435
0.764435
0.764435
0.764435
0.764435
0.764436
0.764436
0.764436
0.764436
0.764436
0.764436
0.764436
0.764436
0.764436
0.764436
0.764436
0.764436
0.764436
0.764436
0.764436
0.764436
0.764436
0.764436
0.764436
0.764436
0.764436
0.764436
0.764436
0.764436
0.764436
0.764436
0.764436
0.764436
0.764436
0.764436
0.764436
0.764436
0.764436
0.764436
0.764436
0.764436
0.764436
0.764436
0.764436
0.764436
0.764436
0.764436
0.764436
0.764436
0.764436
0.764436
0.764436
0.764436
0.764436
0.764436
0.764436
0.764436
0.764436
0.764436
0.764436
0.764436
0.764436
0.764436
0.764436
0.764436
0.764436
0.764436
0.764436
0.764436
0.764436
0.764436
0.764436
0.764436
0.764436
0.764436
0.764436
0.764436
0.764436
0.764436
0.764436
0.764436
0.764436
0.764436
0.764436
0.764436
0.764436
0.764436
0.764436
0.764436
0.764436
0.764436
0.764436
0.764436
0.764436
0.764436
0.764436
0.764436
0.764436
0.764436
0.764436
0.764436
0.764436
0.764436
0.764436
0.764436
0.764436
0.764436
0.764436
0.764436
0.764436
0.764436
0.764436
0.764436
0.764436
0.764436
0.764436
0.764436
0.764436
0.764436
0.764436
0.764436
0.764436
0.764436
0.764436
0.764436
0.764436
0.764436
0.764436
0.764436
0.764436
0.764436
0.764436
0.764436
0.764436
0.764436
0.764436
0.764436
0.764436
0.764436
0.764436
0.764436
0.764436
0.764436
0.764436
0.764436
0.764436
0.764436
0.764436
0.764436
0.764436
0.764436
0.764436
0.764436
0.764436
0.764436
0.764436
0.764436
0.764436
0.764436
0.764436
0.764436
0.764436
0.764436
0.764436
0.764436
0.764436
0.764436
0.764436
0.764436
0.764436
0.764436
0.764436
0.764436
0.764436
0.764436
0.764436
0.764436
0.764436
0.764436
0.764436
0.764436
0.764436
0.764436
0.764436
0.764436
0.764436
0.764436
0.764436
0.764436
0.764436
0.764436
0.764436
0.764436
0.764436
0.764436
0.764436
0.764436
0.764436
0.764436
0.764436
0.764436
0.764436
0.764436
0.764436
0.764436
0.764436
0.764436
0.764436
0.764436
0.764436
0.764436
0.764436
0.764436
0.764436
0.764436
0.764436
0.764436
0.764436
0.764436
0.764436
0.764436
0.764436
0.764436
0.764436
0.764436
0.764436
0.764436
0.764436
0.764437
0.764437
0.764437
0.764437
0.764437
0.764437
0.764437
0.764437
0.764437
0.764437
0.764437
0.764437
0.764437
0.764437
0.764437
0.764437
0.764437
0.764437
0.764437
0.764437
0.764437
0.764437
0.764437
0.764437
0.764437
0.764437
0.764437
0.764437
0.764437
0.764437
0.764437
0.764437
0.764437
0.764437
0.764437
0.764437
0.764437
0.764437
0.764437
0.764437
0.764437
0.764437
0.764437
0.764437
0.764437
0.764437
0.764437
0.764437
0.764437
0.764437
0.764437
0.764437
0.764437
0.764437
0.764437
0.764437
0.764437
0.764437
0.764437
0.764437
0.764437
0.764437
0.764437
0.764437
0.764437
0.764437
0.764437
0.764437
0.764437
0.764437
0.764437
0.764437
0.764437
0.764437
0.764437
0.764437
0.764437
0.764437
0.764437
0.764437
0.764437
0.764437
0.764437
0.764437
