1e-06
0.00264871
0.00558543
0.00867638
0.0118557
0.0150887
0.0183553
0.0216434
0.0249452
0.0282554
0.0315704
0.0348873
0.0382044
0.04152
0.0448331
0.0481428
0.0514484
0.0547493
0.0580451
0.0613353
0.0646196
0.0678977
0.0711693
0.0744342
0.0776922
0.080943
0.0841865
0.0874225
0.0906508
0.0938712
0.0970837
0.100288
0.103484
0.106672
0.109851
0.113021
0.116183
0.119336
0.12248
0.125615
0.128741
0.131858
0.134965
0.138063
0.141151
0.14423
0.147299
0.150359
0.153409
0.156449
0.159479
0.162499
0.16551
0.16851
0.171501
0.174481
0.177451
0.180412
0.183362
0.186302
0.189231
0.192151
0.19506
0.197959
0.200848
0.203726
0.206594
0.209452
0.2123
0.215137
0.217964
0.22078
0.223587
0.226382
0.229168
0.231943
0.234708
0.237463
0.240207
0.242941
0.245665
0.248378
0.251082
0.253774
0.256457
0.25913
0.261792
0.264444
0.267086
0.269717
0.272339
0.27495
0.277552
0.280143
0.282724
0.285295
0.287856
0.290407
0.292948
0.295479
0.298
0.300512
0.303013
0.305505
0.307986
0.310458
0.31292
0.315373
0.317815
0.320248
0.322671
0.325085
0.327489
0.329883
0.332268
0.334643
0.337009
0.339365
0.341712
0.344049
0.346377
0.348696
0.351005
0.353305
0.355596
0.357878
0.36015
0.362413
0.364667
0.366912
0.369148
0.371375
0.373593
0.375801
0.378001
0.380192
0.382374
0.384547
0.386712
0.388867
0.391014
0.393152
0.395281
0.397402
0.399514
0.401618
0.403712
0.405799
0.407877
0.409946
0.412007
0.414059
0.416103
0.418139
0.420167
0.422186
0.424197
0.426199
0.428194
0.43018
0.432159
0.434129
0.436091
0.438045
0.439991
0.441929
0.443859
0.445781
0.447696
0.449602
0.451501
0.453392
0.455275
0.45715
0.459018
0.460878
0.462731
0.464576
0.466413
0.468243
0.470065
0.47188
0.473687
0.475487
0.47728
0.479065
0.480843
0.482613
0.484377
0.486133
0.487882
0.489623
0.491358
0.493085
0.494806
0.496519
0.498225
0.499924
0.501617
0.503302
0.50498
0.506652
0.508317
0.509975
0.511626
0.51327
0.514907
0.516538
0.518162
0.51978
0.521391
0.522995
0.524592
0.526183
0.527768
0.529346
0.530918
0.532483
0.534042
0.535594
0.53714
0.538679
0.540213
0.54174
0.543261
0.544775
0.546283
0.547786
0.549281
0.550771
0.552255
0.553733
0.555204
0.55667
0.55813
0.559583
0.561031
0.562473
0.563908
0.565338
0.566762
0.568181
0.569593
0.571
0.572401
0.573796
0.575185
0.576569
0.577947
0.57932
0.580687
0.582048
0.583404
0.584754
0.586099
0.587438
0.588772
0.5901
0.591423
0.59274
0.594052
0.595359
0.59666
0.597956
0.599247
0.600532
0.601813
0.603088
0.604357
0.605622
0.606882
0.608136
0.609385
0.610629
0.611868
0.613102
0.614331
0.615555
0.616774
0.617988
0.619197
0.620401
0.6216
0.622795
0.623984
0.625169
0.626348
0.627523
0.628694
0.629859
0.63102
0.632176
0.633327
0.634473
0.635615
0.636753
0.637885
0.639013
0.640137
0.641256
0.64237
0.64348
0.644585
0.645686
0.646782
0.647874
0.648961
0.650044
0.651123
0.652197
0.653267
0.654333
0.655394
0.656451
0.657503
0.658552
0.659596
0.660636
0.661671
0.662703
0.66373
0.664753
0.665772
0.666787
0.667798
0.668804
0.669807
0.670805
0.6718
0.67279
0.673777
0.674759
0.675737
0.676712
0.677682
0.678649
0.679612
0.68057
0.681525
0.682476
0.683424
0.684367
0.685307
0.686242
0.687174
0.688103
0.689027
0.689948
0.690865
0.691778
0.692688
0.693594
0.694496
0.695395
0.69629
0.697181
0.698069
0.698953
0.699834
0.700711
0.701585
0.702455
0.703321
0.704184
0.705044
0.7059
0.706753
0.707602
0.708448
0.70929
0.710129
0.710965
0.711797
0.712626
0.713452
0.714274
0.715093
0.715909
0.716721
0.71753
0.718336
0.719139
0.719938
0.720734
0.721527
0.722317
0.723104
0.723887
0.724668
0.725445
0.726219
0.72699
0.727758
0.728523
0.729284
0.730043
0.730799
0.731551
0.732301
0.733048
0.733791
0.734532
0.735269
0.736004
0.736736
0.737465
0.738191
0.738914
0.739634
0.740351
0.741065
0.741777
0.742485
0.743191
0.743894
0.744594
0.745292
0.745986
0.746678
0.747367
0.748054
0.748737
0.749418
0.750096
0.750772
0.751444
0.752114
0.752782
0.753446
0.754108
0.754768
0.755425
0.756079
0.75673
0.757379
0.758026
0.758669
0.759311
0.759949
0.760585
0.761219
0.76185
0.762479
0.763105
0.763728
0.764349
0.764968
0.765584
0.766198
0.766809
0.767418
0.768024
0.768628
0.76923
0.769829
0.770426
0.77102
0.771612
0.772202
0.77279
0.773375
0.773957
0.774538
0.775116
0.775692
0.776265
0.776837
0.777406
0.777972
0.778537
0.779099
0.779659
0.780217
0.780773
0.781326
0.781877
0.782427
0.782973
0.783518
0.784061
0.784601
0.785139
0.785676
0.78621
0.786742
0.787271
0.787799
0.788325
0.788848
0.78937
0.789889
0.790407
0.790922
0.791436
0.791947
0.792456
0.792963
0.793469
0.793972
0.794473
0.794973
0.79547
0.795965
0.796459
0.79695
0.79744
0.797928
0.798413
0.798897
0.799379
0.799859
0.800337
0.800814
0.801288
0.801761
0.802231
0.8027
0.803167
0.803632
0.804095
0.804557
0.805017
0.805475
0.805931
0.806385
0.806838
0.807288
0.807737
0.808185
0.80863
0.809074
0.809516
0.809956
0.810395
0.810831
0.811267
0.8117
0.812132
0.812562
0.81299
0.813417
0.813842
0.814265
0.814687
0.815107
0.815525
0.815942
0.816357
0.816771
0.817183
0.817593
0.818002
0.818409
0.818815
0.819219
0.819621
0.820022
0.820421
0.820819
0.821215
0.82161
0.822003
0.822394
0.822784
0.823173
0.82356
0.823945
0.824329
0.824712
0.825093
0.825473
0.825851
0.826227
0.826602
0.826976
0.827348
0.827719
0.828089
0.828457
0.828823
0.829188
0.829552
0.829914
0.830275
0.830635
0.830993
0.831349
0.831705
0.832059
0.832411
0.832763
0.833112
0.833461
0.833808
0.834154
0.834499
0.834842
0.835184
0.835524
0.835863
0.836201
0.836538
0.836873
0.837207
0.83754
0.837872
0.838202
0.838531
0.838858
0.839185
0.83951
0.839834
0.840157
0.840478
0.840798
0.841117
0.841435
0.841752
0.842067
0.842381
0.842694
0.843006
0.843316
0.843625
0.843934
0.844241
0.844546
0.844851
0.845154
0.845457
0.845758
0.846058
0.846357
0.846654
0.846951
0.847246
0.847541
0.847834
0.848126
0.848417
0.848707
0.848996
0.849283
0.84957
0.849855
0.85014
0.850423
0.850705
0.850986
0.851266
0.851545
0.851823
0.8521
0.852376
0.852651
0.852925
0.853197
0.853469
0.85374
0.854009
0.854278
0.854546
0.854812
0.855078
0.855342
0.855606
0.855869
0.85613
0.856391
0.856651
0.856909
0.857167
0.857424
0.857679
0.857934
0.858188
0.858441
0.858693
0.858944
0.859194
0.859443
0.859691
0.859938
0.860184
0.86043
0.860674
0.860918
0.86116
0.861402
0.861643
0.861883
0.862121
0.86236
0.862597
0.862833
0.863069
0.863303
0.863537
0.86377
0.864001
0.864233
0.864463
0.864692
0.864921
0.865148
0.865375
0.865601
0.865826
0.86605
0.866274
0.866496
0.866718
0.866939
0.867159
0.867378
0.867597
0.867815
0.868031
0.868247
0.868463
0.868677
0.868891
0.869104
0.869316
0.869527
0.869738
0.869947
0.870156
0.870365
0.870572
0.870779
0.870985
0.87119
0.871394
0.871598
0.871801
0.872003
0.872204
0.872405
0.872605
0.872804
0.873002
0.8732
0.873397
0.873593
0.873789
0.873984
0.874178
0.874371
0.874564
0.874756
0.874947
0.875138
0.875328
0.875517
0.875705
0.875893
0.87608
0.876267
0.876452
0.876638
0.876822
0.877006
0.877189
0.877371
0.877553
0.877734
0.877914
0.878094
0.878273
0.878452
0.87863
0.878807
0.878983
0.879159
0.879334
0.879509
0.879683
0.879856
0.880029
0.880201
0.880373
0.880544
0.880714
0.880883
0.881052
0.881221
0.881389
0.881556
0.881722
0.881888
0.882054
0.882219
0.882383
0.882547
0.88271
0.882872
0.883034
0.883195
0.883356
0.883516
0.883676
0.883835
0.883993
0.884151
0.884308
0.884465
0.884621
0.884777
0.884932
0.885086
0.88524
0.885394
0.885547
0.885699
0.885851
0.886002
0.886153
0.886303
0.886452
0.886602
0.88675
0.886898
0.887046
0.887193
0.887339
0.887485
0.887631
0.887776
0.88792
0.888064
0.888207
0.88835
0.888493
0.888635
0.888776
0.888917
0.889057
0.889197
0.889337
0.889476
0.889614
0.889752
0.889889
0.890026
0.890163
0.890299
0.890435
0.89057
0.890704
0.890839
0.890972
0.891105
0.891238
0.891371
0.891502
0.891634
0.891765
0.891895
0.892025
0.892155
0.892284
0.892412
0.892541
0.892669
0.892796
0.892923
0.893049
0.893175
0.893301
0.893426
0.893551
0.893675
0.893799
0.893922
0.894045
0.894168
0.89429
0.894412
0.894533
0.894654
0.894775
0.894895
0.895014
0.895134
0.895253
0.895371
0.895489
0.895607
0.895724
0.895841
0.895957
0.896073
0.896189
0.896304
0.896419
0.896534
0.896648
0.896762
0.896875
0.896988
0.8971
0.897213
0.897324
0.897436
0.897547
0.897658
0.897768
0.897878
0.897987
0.898097
0.898205
0.898314
0.898422
0.89853
0.898637
0.898744
0.898851
0.898957
0.899063
0.899169
0.899274
0.899379
0.899483
0.899587
0.899691
0.899795
0.899898
0.900001
0.900103
0.900205
0.900307
0.900409
0.90051
0.900611
0.900711
0.900811
0.900911
0.90101
0.90111
0.901208
0.901307
0.901405
0.901503
0.9016
0.901698
0.901794
0.901891
0.901987
0.902083
0.902179
0.902274
0.902369
0.902464
0.902558
0.902652
0.902746
0.902839
0.902933
0.903025
0.903118
0.90321
0.903302
0.903394
0.903485
0.903576
0.903667
0.903757
0.903848
0.903937
0.904027
0.904116
0.904205
0.904294
0.904383
0.904471
0.904559
0.904646
0.904734
0.904821
0.904907
0.904994
0.90508
0.905166
0.905252
0.905337
0.905422
0.905507
0.905592
0.905676
0.90576
0.905844
0.905927
0.906011
0.906094
0.906176
0.906259
0.906341
0.906423
0.906505
0.906586
0.906667
0.906748
0.906829
0.906909
0.906989
0.907069
0.907149
0.907228
0.907307
0.907386
0.907465
0.907543
0.907622
0.9077
0.907777
0.907855
0.907932
0.908009
0.908086
0.908162
0.908238
0.908315
0.90839
0.908466
0.908541
0.908616
0.908691
0.908766
0.90884
0.908914
0.908988
0.909062
0.909136
0.909209
0.909282
0.909355
0.909427
0.9095
0.909572
0.909644
0.909716
0.909787
0.909858
0.90993
0.91
0.910071
0.910141
0.910212
0.910282
0.910352
0.910421
0.910491
0.91056
0.910629
0.910697
0.910766
0.910834
0.910902
0.91097
0.911038
0.911106
0.911173
0.91124
0.911307
0.911374
0.91144
0.911507
0.911573
0.911639
0.911705
0.91177
0.911836
0.911901
0.911966
0.912031
0.912095
0.91216
0.912224
0.912288
0.912352
0.912415
0.912479
0.912542
0.912605
0.912668
0.912731
0.912794
0.912856
0.912918
0.91298
0.913042
0.913104
0.913165
0.913227
0.913288
0.913349
0.913409
0.91347
0.91353
0.913591
0.913651
0.913711
0.91377
0.91383
0.913889
0.913949
0.914008
0.914067
0.914125
0.914184
0.914242
0.914301
0.914359
0.914417
0.914474
0.914532
0.914589
0.914647
0.914704
0.914761
0.914817
0.914874
0.914931
0.914987
0.915043
0.915099
0.915155
0.915211
0.915266
0.915321
0.915377
0.915432
0.915487
0.915541
0.915596
0.91565
0.915705
0.915759
0.915813
0.915867
0.915921
0.915974
0.916027
0.916081
0.916134
0.916187
0.91624
0.916292
0.916345
0.916397
0.91645
0.916502
0.916554
0.916606
0.916657
0.916709
0.91676
0.916812
0.916863
0.916914
0.916965
0.917015
0.917066
0.917117
0.917167
0.917217
0.917267
0.917317
0.917367
0.917417
0.917466
0.917516
0.917565
0.917614
0.917663
0.917712
0.917761
0.917809
0.917858
0.917906
0.917954
0.918003
0.918051
0.918098
0.918146
0.918194
0.918241
0.918289
0.918336
0.918383
0.91843
0.918477
0.918524
0.91857
0.918617
0.918663
0.91871
0.918756
0.918802
0.918848
0.918894
0.918939
0.918985
0.91903
0.919076
0.919121
0.919166
0.919211
0.919256
0.919301
0.919346
0.91939
0.919435
0.919479
0.919523
0.919567
0.919611
0.919655
0.919699
0.919743
0.919786
0.91983
0.919873
0.919916
0.919959
0.920002
0.920045
0.920088
0.920131
0.920174
0.920216
0.920258
0.920301
0.920343
0.920385
0.920427
0.920469
0.920511
0.920552
0.920594
0.920635
0.920677
0.920718
0.920759
0.9208
0.920841
0.920882
0.920923
0.920964
0.921004
0.921045
0.921085
0.921125
0.921166
0.921206
0.921246
0.921286
0.921325
0.921365
0.921405
0.921444
0.921484
0.921523
0.921562
0.921602
0.921641
0.92168
0.921719
0.921757
0.921796
0.921835
0.921873
0.921912
0.92195
0.921988
0.922026
0.922065
0.922103
0.92214
0.922178
0.922216
0.922254
0.922291
0.922329
0.922366
0.922403
0.922441
0.922478
0.922515
0.922552
0.922589
0.922626
0.922662
0.922699
0.922735
0.922772
0.922808
0.922845
0.922881
0.922917
0.922953
0.922989
0.923025
0.923061
0.923097
0.923132
0.923168
0.923203
0.923239
0.923274
0.923309
0.923345
0.92338
0.923415
0.92345
0.923485
0.923519
0.923554
0.923589
0.923623
0.923658
0.923692
0.923727
0.923761
0.923795
0.923829
0.923863
0.923897
0.923931
0.923965
0.923999
0.924033
0.924066
0.9241
0.924133
0.924167
0.9242
0.924233
0.924267
0.9243
0.924333
0.924366
0.924399
0.924432
0.924464
0.924497
0.92453
0.924562
0.924595
0.924627
0.92466
0.924692
0.924724
0.924756
0.924789
0.924821
0.924853
0.924885
0.924916
0.924948
0.92498
0.925012
0.925043
0.925075
0.925106
0.925138
0.925169
0.9252
0.925231
0.925263
0.925294
0.925325
0.925356
0.925387
0.925417
0.925448
0.925479
0.925509
0.92554
0.925571
0.925601
0.925631
0.925662
0.925692
0.925722
0.925753
0.925783
0.925813
0.925843
0.925873
0.925903
0.925932
0.925962
0.925992
0.926021
0.926051
0.926081
0.92611
0.926139
0.926169
0.926198
0.926227
0.926257
0.926286
0.926315
0.926344
0.926373
0.926402
0.926431
0.926459
0.926488
0.926517
0.926545
0.926574
0.926603
0.926631
0.926659
0.926688
0.926716
0.926744
0.926773
0.926801
0.926829
0.926857
0.926885
0.926913
0.926941
0.926969
0.926996
0.927024
0.927052
0.92708
0.927107
0.927135
0.927162
0.92719
0.927217
0.927244
0.927272
0.927299
0.927326
0.927353
0.92738
0.927407
0.927434
0.927461
0.927488
0.927515
0.927542
0.927569
0.927595
0.927622
0.927649
0.927675
0.927702
0.927728
0.927755
0.927781
0.927808
0.927834
0.92786
0.927886
0.927912
0.927939
0.927965
0.927991
0.928017
0.928043
0.928068
0.928094
0.92812
0.928146
0.928172
0.928197
0.928223
0.928248
0.928274
0.928299
0.928325
0.92835
0.928376
0.928401
0.928426
0.928451
0.928477
0.928502
0.928527
0.928552
0.928577
0.928602
0.928627
0.928652
0.928677
0.928701
0.928726
0.928751
0.928776
0.9288
0.928825
0.92885
0.928874
0.928899
0.928923
0.928947
0.928972
0.928996
0.92902
0.929045
0.929069
0.929093
0.929117
0.929141
0.929165
0.929189
0.929213
0.929237
0.929261
0.929285
0.929309
0.929333
0.929356
0.92938
0.929404
0.929427
0.929451
0.929475
0.929498
0.929522
0.929545
0.929569
0.929592
0.929615
0.929639
0.929662
0.929685
0.929708
0.929731
0.929755
0.929778
0.929801
0.929824
0.929847
0.92987
0.929893
0.929916
0.929938
0.929961
0.929984
0.930007
0.930029
0.930052
0.930075
0.930097
0.93012
0.930142
0.930165
0.930187
0.93021
0.930232
0.930255
0.930277
0.930299
0.930322
0.930344
0.930366
0.930388
0.93041
0.930432
0.930455
0.930477
0.930499
0.930521
0.930542
0.930564
0.930586
0.930608
0.93063
0.930652
0.930674
0.930695
0.930717
0.930739
0.93076
0.930782
0.930803
0.930825
0.930846
0.930868
0.930889
0.930911
0.930932
0.930954
0.930975
0.930996
0.931017
0.931039
0.93106
0.931081
0.931102
0.931123
0.931144
0.931166
0.931187
0.931208
0.931229
0.931249
0.93127
0.931291
0.931312
0.931333
0.931354
0.931375
0.931395
0.931416
0.931437
0.931457
0.931478
0.931499
0.931519
0.93154
0.93156
0.931581
0.931601
0.931622
0.931642
0.931662
0.931683
0.931703
0.931723
0.931744
0.931764
0.931784
0.931804
0.931825
0.931845
0.931865
0.931885
0.931905
0.931925
0.931945
0.931965
0.931985
0.932005
0.932025
0.932045
0.932064
0.932084
0.932104
0.932124
0.932144
0.932163
0.932183
0.932203
0.932222
0.932242
0.932262
0.932281
0.932301
0.93232
0.93234
0.932359
0.932379
0.932398
0.932418
0.932437
0.932456
0.932476
0.932495
0.932514
0.932533
0.932553
0.932572
0.932591
0.93261
0.932629
0.932649
0.932668
0.932687
0.932706
0.932725
0.932744
0.932763
0.932782
0.932801
0.93282
0.932838
0.932857
0.932876
0.932895
0.932914
0.932932
0.932951
0.93297
0.932989
0.933007
0.933026
0.933045
0.933063
0.933082
0.9331
0.933119
0.933137
0.933156
0.933174
0.933193
0.933211
0.93323
0.933248
0.933266
0.933285
0.933303
0.933321
0.93334
0.933358
0.933376
0.933394
0.933413
0.933431
0.933449
0.933467
0.933485
0.933503
0.933521
0.93354
0.933558
0.933576
0.933594
0.933612
0.933629
0.933647
0.933665
0.933683
0.933701
0.933719
0.933737
0.933755
0.933772
0.93379
0.933808
0.933826
0.933843
0.933861
0.933879
0.933896
0.933914
0.933932
0.933949
0.933967
0.933984
0.934002
0.934019
0.934037
0.934054
0.934072
0.934089
0.934107
0.934124
0.934141
0.934159
0.934176
0.934193
0.934211
0.934228
0.934245
0.934263
0.93428
0.934297
0.934314
0.934331
0.934349
0.934366
0.934383
0.9344
0.934417
0.934434
0.934451
0.934468
0.934485
0.934502
0.934519
0.934536
0.934553
0.93457
0.934587
0.934604
0.934621
0.934637
0.934654
0.934671
0.934688
0.934705
0.934721
0.934738
0.934755
0.934772
0.934788
0.934805
0.934822
0.934838
0.934855
0.934872
0.934888
0.934905
0.934921
0.934938
0.934954
0.934971
0.934987
0.935004
0.93502
0.935037
0.935053
0.93507
0.935086
0.935102
0.935119
0.935135
0.935151
0.935168
0.935184
0.9352
0.935216
0.935233
0.935249
0.935265
0.935281
0.935297
0.935314
0.93533
0.935346
0.935362
0.935378
0.935394
0.93541
0.935426
0.935442
0.935458
0.935474
0.93549
0.935506
0.935522
0.935538
0.935554
0.93557
0.935586
0.935602
0.935618
0.935634
0.935649
0.935665
0.935681
0.935697
0.935713
0.935728
0.935744
0.93576
0.935776
0.935791
0.935807
0.935823
0.935838
0.935854
0.93587
0.935885
0.935901
0.935916
0.935932
0.935947
0.935963
0.935979
0.935994
0.93601
0.936025
0.936041
0.936056
0.936071
0.936087
0.936102
0.936118
0.936133
0.936148
0.936164
0.936179
0.936194
0.93621
0.936225
0.93624
0.936256
0.936271
0.936286
0.936301
0.936316
0.936332
0.936347
0.936362
0.936377
0.936392
0.936407
0.936423
0.936438
0.936453
0.936468
0.936483
0.936498
0.936513
0.936528
0.936543
0.936558
0.936573
0.936588
0.936603
0.936618
0.936633
0.936648
0.936663
0.936677
0.936692
0.936707
0.936722
0.936737
0.936752
0.936767
0.936781
0.936796
0.936811
0.936826
0.93684
0.936855
0.93687
0.936885
0.936899
0.936914
0.936929
0.936943
0.936958
0.936973
0.936987
0.937002
0.937016
0.937031
0.937046
0.93706
0.937075
0.937089
0.937104
0.937118
0.937133
0.937147
0.937162
0.937176
0.937191
0.937205
0.937219
0.937234
0.937248
0.937263
0.937277
0.937291
0.937306
0.93732
0.937334
0.937349
0.937363
0.937377
0.937391
0.937406
0.93742
0.937434
0.937448
0.937463
0.937477
0.937491
0.937505
0.937519
0.937534
0.937548
0.937562
0.937576
0.93759
0.937604
0.937618
0.937632
0.937646
0.93766
0.937675
0.937689
0.937703
0.937717
0.937731
0.937745
0.937759
0.937772
0.937786
0.9378
0.937814
0.937828
0.937842
0.937856
0.93787
0.937884
0.937898
0.937911
0.937925
0.937939
0.937953
0.937967
0.937981
0.937994
0.938008
0.938022
0.938036
0.938049
0.938063
0.938077
0.938091
0.938104
0.938118
0.938132
0.938145
0.938159
0.938173
0.938186
0.9382
0.938213
0.938227
0.938241
0.938254
0.938268
0.938281
0.938295
0.938308
0.938322
0.938335
0.938349
0.938362
0.938376
0.938389
0.938403
0.938416
0.93843
0.938443
0.938457
0.93847
0.938483
0.938497
0.93851
0.938524
0.938537
0.93855
0.938564
0.938577
0.93859
0.938604
0.938617
0.93863
0.938643
0.938657
0.93867
0.938683
0.938696
0.93871
0.938723
0.938736
0.938749
0.938762
0.938776
0.938789
0.938802
0.938815
0.938828
0.938841
0.938854
0.938868
0.938881
0.938894
0.938907
0.93892
0.938933
0.938946
0.938959
0.938972
0.938985
0.938998
0.939011
0.939024
0.939037
0.93905
0.939063
0.939076
0.939089
0.939102
0.939115
0.939128
0.939141
0.939153
0.939166
0.939179
0.939192
0.939205
0.939218
0.939231
0.939243
0.939256
0.939269
0.939282
0.939295
0.939307
0.93932
0.939333
0.939346
0.939359
0.939371
0.939384
0.939397
0.939409
0.939422
0.939435
0.939448
0.93946
0.939473
0.939485
0.939498
0.939511
0.939523
0.939536
0.939549
0.939561
0.939574
0.939586
0.939599
0.939612
0.939624
0.939637
0.939649
0.939662
0.939674
0.939687
0.939699
0.939712
0.939724
0.939737
0.939749
0.939762
0.939774
0.939787
0.939799
0.939811
0.939824
0.939836
0.939849
0.939861
0.939873
0.939886
0.939898
0.93991
0.939923
0.939935
0.939947
0.93996
0.939972
0.939984
0.939997
0.940009
0.940021
0.940033
0.940046
0.940058
0.94007
0.940082
0.940095
0.940107
0.940119
0.940131
0.940143
0.940156
0.940168
0.94018
0.940192
0.940204
0.940216
0.940229
0.940241
0.940253
0.940265
0.940277
0.940289
0.940301
0.940313
0.940325
0.940337
0.940349
0.940362
0.940374
0.940386
0.940398
0.94041
0.940422
0.940434
0.940446
0.940458
0.94047
0.940481
0.940493
0.940505
0.940517
0.940529
0.940541
0.940553
0.940565
0.940577
0.940589
0.940601
0.940612
0.940624
0.940636
0.940648
0.94066
0.940672
0.940684
0.940695
0.940707
0.940719
0.940731
0.940743
0.940754
0.940766
0.940778
0.94079
0.940801
0.940813
0.940825
0.940837
0.940848
0.94086
0.940872
0.940883
0.940895
0.940907
0.940918
0.94093
0.940942
0.940953
0.940965
0.940977
0.940988
0.941
0.941011
0.941023
0.941035
0.941046
0.941058
0.941069
0.941081
0.941092
0.941104
0.941116
0.941127
0.941139
0.94115
0.941162
0.941173
0.941185
0.941196
0.941208
0.941219
0.941231
0.941242
0.941253
0.941265
0.941276
0.941288
0.941299
0.941311
0.941322
0.941333
0.941345
0.941356
0.941368
0.941379
0.94139
0.941402
0.941413
0.941424
0.941436
0.941447
0.941458
0.94147
0.941481
0.941492
0.941503
0.941515
0.941526
0.941537
0.941549
0.94156
0.941571
0.941582
0.941593
0.941605
0.941616
0.941627
0.941638
0.94165
0.941661
0.941672
0.941683
0.941694
0.941705
0.941717
0.941728
0.941739
0.94175
0.941761
0.941772
0.941783
0.941794
0.941806
0.941817
0.941828
0.941839
0.94185
0.941861
0.941872
0.941883
0.941894
0.941905
0.941916
0.941927
0.941938
0.941949
0.94196
0.941971
0.941982
0.941993
0.942004
0.942015
0.942026
0.942037
0.942048
0.942059
0.94207
0.942081
0.942092
0.942102
0.942113
0.942124
0.942135
0.942146
0.942157
0.942168
0.942179
0.94219
0.9422
0.942211
0.942222
0.942233
0.942244
0.942255
0.942265
0.942276
0.942287
0.942298
0.942308
0.942319
0.94233
0.942341
0.942352
0.942362
0.942373
0.942384
0.942395
0.942405
0.942416
0.942427
0.942437
0.942448
0.942459
0.942469
0.94248
0.942491
0.942501
0.942512
0.942523
0.942533
0.942544
0.942555
0.942565
0.942576
0.942587
0.942597
0.942608
0.942618
0.942629
0.942639
0.94265
0.942661
0.942671
0.942682
0.942692
0.942703
0.942713
0.942724
0.942734
0.942745
0.942755
0.942766
0.942776
0.942787
0.942797
0.942808
0.942818
0.942829
0.942839
0.94285
0.94286
0.942871
0.942881
0.942892
0.942902
0.942912
0.942923
0.942933
0.942944
0.942954
0.942964
0.942975
0.942985
0.942995
0.943006
0.943016
0.943027
0.943037
0.943047
0.943058
0.943068
0.943078
0.943088
0.943099
0.943109
0.943119
0.94313
0.94314
0.94315
0.94316
0.943171
0.943181
0.943191
0.943201
0.943212
0.943222
0.943232
0.943242
0.943253
0.943263
0.943273
0.943283
0.943293
0.943304
0.943314
0.943324
0.943334
0.943344
0.943354
0.943365
0.943375
0.943385
0.943395
0.943405
0.943415
0.943425
0.943435
0.943446
0.943456
0.943466
0.943476
0.943486
0.943496
0.943506
0.943516
0.943526
0.943536
0.943546
0.943556
0.943566
0.943576
0.943586
0.943596
0.943606
0.943616
0.943626
0.943636
0.943646
0.943656
0.943666
0.943676
0.943686
0.943696
0.943706
0.943716
0.943726
0.943736
0.943746
0.943756
0.943766
0.943776
0.943785
0.943795
0.943805
0.943815
0.943825
0.943835
0.943845
0.943855
0.943864
0.943874
0.943884
0.943894
0.943904
0.943914
0.943923
0.943933
0.943943
0.943953
0.943963
0.943972
0.943982
0.943992
0.944002
0.944012
0.944021
0.944031
0.944041
0.944051
0.94406
0.94407
0.94408
0.94409
0.944099
0.944109
0.944119
0.944128
0.944138
0.944148
0.944157
0.944167
0.944177
0.944186
0.944196
0.944206
0.944215
0.944225
0.944235
0.944244
0.944254
0.944264
0.944273
0.944283
0.944292
0.944302
0.944312
0.944321
0.944331
0.94434
0.94435
0.94436
0.944369
0.944379
0.944388
0.944398
0.944407
0.944417
0.944426
0.944436
0.944446
0.944455
0.944465
0.944474
0.944484
0.944493
0.944503
0.944512
0.944522
0.944531
0.94454
0.94455
0.944559
0.944569
0.944578
0.944588
0.944597
0.944607
0.944616
0.944625
0.944635
0.944644
0.944654
0.944663
0.944672
0.944682
0.944691
0.944701
0.94471
0.944719
0.944729
0.944738
0.944747
0.944757
0.944766
0.944775
0.944785
0.944794
0.944803
0.944813
0.944822
0.944831
0.944841
0.94485
0.944859
0.944869
0.944878
0.944887
0.944896
0.944906
0.944915
0.944924
0.944933
0.944943
0.944952
0.944961
0.94497
0.94498
0.944989
0.944998
0.945007
0.945016
0.945026
0.945035
0.945044
0.945053
0.945062
0.945072
0.945081
0.94509
0.945099
0.945108
0.945117
0.945126
0.945136
0.945145
0.945154
0.945163
0.945172
0.945181
0.94519
0.945199
0.945209
0.945218
0.945227
0.945236
0.945245
0.945254
0.945263
0.945272
0.945281
0.94529
0.945299
0.945308
0.945317
0.945326
0.945335
0.945344
0.945353
0.945362
0.945371
0.94538
0.945389
0.945398
0.945407
0.945416
0.945425
0.945434
0.945443
0.945452
0.945461
0.94547
0.945479
0.945488
0.945497
0.945506
0.945515
0.945524
0.945533
0.945542
0.945551
0.945559
0.945568
0.945577
0.945586
0.945595
0.945604
0.945613
0.945622
0.945631
0.945639
0.945648
0.945657
0.945666
0.945675
0.945684
0.945692
0.945701
0.94571
0.945719
0.945728
0.945737
0.945745
0.945754
0.945763
0.945772
0.945781
0.945789
0.945798
0.945807
0.945816
0.945824
0.945833
0.945842
0.945851
0.945859
0.945868
0.945877
0.945886
0.945894
0.945903
0.945912
0.94592
0.945929
0.945938
0.945947
0.945955
0.945964
0.945973
0.945981
0.94599
0.945999
0.946007
0.946016
0.946025
0.946033
0.946042
0.94605
0.946059
0.946068
0.946076
0.946085
0.946094
0.946102
0.946111
0.946119
0.946128
0.946137
0.946145
0.946154
0.946162
0.946171
0.94618
0.946188
0.946197
0.946205
0.946214
0.946222
0.946231
0.946239
0.946248
0.946256
0.946265
0.946273
0.946282
0.946291
0.946299
0.946308
0.946316
0.946324
0.946333
0.946341
0.94635
0.946358
0.946367
0.946375
0.946384
0.946392
0.946401
0.946409
0.946418
0.946426
0.946434
0.946443
0.946451
0.94646
0.946468
0.946477
0.946485
0.946493
0.946502
0.94651
0.946519
0.946527
0.946535
0.946544
0.946552
0.94656
0.946569
0.946577
0.946586
0.946594
0.946602
0.946611
0.946619
0.946627
0.946636
0.946644
0.946652
0.94666
0.946669
0.946677
0.946685
0.946694
0.946702
0.94671
0.946719
0.946727
0.946735
0.946743
0.946752
0.94676
0.946768
0.946776
0.946785
0.946793
0.946801
0.946809
0.946818
0.946826
0.946834
0.946842
0.94685
0.946859
0.946867
0.946875
0.946883
0.946891
0.9469
0.946908
0.946916
0.946924
0.946932
0.946941
0.946949
0.946957
0.946965
0.946973
0.946981
0.946989
0.946998
0.947006
0.947014
0.947022
0.94703
0.947038
0.947046
0.947054
0.947062
0.947071
0.947079
0.947087
0.947095
0.947103
0.947111
0.947119
0.947127
0.947135
0.947143
0.947151
0.947159
0.947167
0.947175
0.947184
0.947192
0.9472
0.947208
0.947216
0.947224
0.947232
0.94724
0.947248
0.947256
0.947264
0.947272
0.94728
0.947288
0.947296
0.947304
0.947312
0.94732
0.947327
0.947335
0.947343
0.947351
0.947359
0.947367
0.947375
0.947383
0.947391
0.947399
0.947407
0.947415
0.947423
0.947431
0.947439
0.947446
0.947454
0.947462
0.94747
0.947478
0.947486
0.947494
0.947502
0.947509
0.947517
0.947525
0.947533
0.947541
0.947549
0.947557
0.947564
0.947572
0.94758
0.947588
0.947596
0.947604
0.947611
0.947619
0.947627
0.947635
0.947643
0.94765
0.947658
0.947666
0.947674
0.947682
0.947689
0.947697
0.947705
0.947713
0.94772
0.947728
0.947736
0.947744
0.947751
0.947759
0.947767
0.947775
0.947782
0.94779
0.947798
0.947806
0.947813
0.947821
0.947829
0.947836
0.947844
0.947852
0.947859
0.947867
0.947875
0.947882
0.94789
0.947898
0.947905
0.947913
0.947921
0.947928
0.947936
0.947944
0.947951
0.947959
0.947967
0.947974
0.947982
0.94799
0.947997
0.948005
0.948012
0.94802
0.948028
0.948035
0.948043
0.94805
0.948058
0.948066
0.948073
0.948081
0.948088
0.948096
0.948103
0.948111
0.948118
0.948126
0.948134
0.948141
0.948149
0.948156
0.948164
0.948171
0.948179
0.948186
0.948194
0.948201
0.948209
0.948216
0.948224
0.948231
0.948239
0.948246
0.948254
0.948261
0.948269
0.948276
0.948284
0.948291
0.948299
0.948306
0.948314
0.948321
0.948328
0.948336
0.948343
0.948351
0.948358
0.948366
0.948373
0.948381
0.948388
0.948395
0.948403
0.94841
0.948418
0.948425
0.948432
0.94844
0.948447
0.948455
0.948462
0.948469
0.948477
0.948484
0.948491
0.948499
0.948506
0.948513
0.948521
0.948528
0.948536
0.948543
0.94855
0.948558
0.948565
0.948572
0.94858
0.948587
0.948594
0.948601
0.948609
0.948616
0.948623
0.948631
0.948638
0.948645
0.948653
0.94866
0.948667
0.948674
0.948682
0.948689
0.948696
0.948703
0.948711
0.948718
0.948725
0.948732
0.94874
0.948747
0.948754
0.948761
0.948769
0.948776
0.948783
0.94879
0.948797
0.948805
0.948812
0.948819
0.948826
0.948833
0.948841
0.948848
0.948855
0.948862
0.948869
0.948877
0.948884
0.948891
0.948898
0.948905
0.948912
0.94892
0.948927
0.948934
0.948941
0.948948
0.948955
0.948962
0.948969
0.948977
0.948984
0.948991
0.948998
0.949005
0.949012
0.949019
0.949026
0.949033
0.949041
0.949048
0.949055
0.949062
0.949069
0.949076
0.949083
0.94909
0.949097
0.949104
0.949111
0.949118
0.949125
0.949132
0.949139
0.949146
0.949154
0.949161
0.949168
0.949175
0.949182
0.949189
0.949196
0.949203
0.94921
0.949217
0.949224
0.949231
0.949238
0.949245
0.949252
0.949259
0.949266
0.949273
0.94928
0.949287
0.949293
0.9493
0.949307
0.949314
0.949321
0.949328
0.949335
0.949342
0.949349
0.949356
0.949363
0.94937
0.949377
0.949384
0.949391
0.949398
0.949404
0.949411
0.949418
0.949425
0.949432
0.949439
0.949446
0.949453
0.94946
0.949467
0.949473
0.94948
0.949487
0.949494
0.949501
0.949508
0.949515
0.949521
0.949528
0.949535
0.949542
0.949549
0.949556
0.949562
0.949569
0.949576
0.949583
0.94959
0.949597
0.949603
0.94961
0.949617
0.949624
0.949631
0.949637
0.949644
0.949651
0.949658
0.949665
0.949671
0.949678
0.949685
0.949692
0.949698
0.949705
0.949712
0.949719
0.949725
0.949732
0.949739
0.949746
0.949752
0.949759
0.949766
0.949773
0.949779
0.949786
0.949793
0.949799
0.949806
0.949813
0.94982
0.949826
0.949833
0.94984
0.949846
0.949853
0.94986
0.949866
0.949873
0.94988
0.949886
0.949893
0.9499
0.949906
0.949913
0.94992
0.949926
0.949933
0.94994
0.949946
0.949953
0.94996
0.949966
0.949973
0.94998
0.949986
0.949993
0.949999
0.950006
0.950013
0.950019
0.950026
0.950032
0.950039
0.950046
0.950052
0.950059
0.950065
0.950072
0.950079
0.950085
0.950092
0.950098
0.950105
0.950111
0.950118
0.950125
0.950131
0.950138
0.950144
0.950151
0.950157
0.950164
0.95017
0.950177
0.950183
0.95019
0.950196
0.950203
0.95021
0.950216
0.950223
0.950229
0.950236
0.950242
0.950249
0.950255
0.950262
0.950268
0.950274
0.950281
0.950287
0.950294
0.9503
0.950307
0.950313
0.95032
0.950326
0.950333
0.950339
0.950346
0.950352
0.950359
0.950365
0.950371
0.950378
0.950384
0.950391
0.950397
0.950404
0.95041
0.950416
0.950423
0.950429
0.950436
0.950442
0.950448
0.950455
0.950461
0.950468
0.950474
0.95048
0.950487
0.950493
0.950499
0.950506
0.950512
0.950519
0.950525
0.950531
0.950538
0.950544
0.95055
0.950557
0.950563
0.950569
0.950576
0.950582
0.950588
0.950595
0.950601
0.950607
0.950614
0.95062
0.950626
0.950633
0.950639
0.950645
0.950652
0.950658
0.950664
0.95067
0.950677
0.950683
0.950689
0.950696
0.950702
0.950708
0.950714
0.950721
0.950727
0.950733
0.95074
0.950746
0.950752
0.950758
0.950765
0.950771
0.950777
0.950783
0.950789
0.950796
0.950802
0.950808
0.950814
0.950821
0.950827
0.950833
0.950839
0.950845
0.950852
0.950858
0.950864
0.95087
0.950876
0.950883
0.950889
0.950895
0.950901
0.950907
0.950914
0.95092
0.950926
0.950932
0.950938
0.950944
0.950951
0.950957
0.950963
0.950969
0.950975
0.950981
0.950987
0.950994
0.951
0.951006
0.951012
0.951018
0.951024
0.95103
0.951037
0.951043
0.951049
0.951055
0.951061
0.951067
0.951073
0.951079
0.951085
0.951091
0.951098
0.951104
0.95111
0.951116
0.951122
0.951128
0.951134
0.95114
0.951146
0.951152
0.951158
0.951164
0.95117
0.951176
0.951182
0.951189
0.951195
0.951201
0.951207
0.951213
0.951219
0.951225
0.951231
0.951237
0.951243
0.951249
0.951255
0.951261
0.951267
0.951273
0.951279
0.951285
0.951291
0.951297
0.951303
0.951309
0.951315
0.951321
0.951327
0.951333
0.951339
0.951345
0.951351
0.951357
0.951363
0.951369
0.951375
0.951381
0.951386
0.951392
0.951398
0.951404
0.95141
0.951416
0.951422
0.951428
0.951434
0.95144
0.951446
0.951452
0.951458
0.951464
0.95147
0.951475
0.951481
0.951487
0.951493
0.951499
0.951505
0.951511
0.951517
0.951523
0.951528
0.951534
0.95154
0.951546
0.951552
0.951558
0.951564
0.95157
0.951575
0.951581
0.951587
0.951593
0.951599
0.951605
0.951611
0.951616
0.951622
0.951628
0.951634
0.95164
0.951646
0.951651
0.951657
0.951663
0.951669
0.951675
0.951681
0.951686
0.951692
0.951698
0.951704
0.95171
0.951715
0.951721
0.951727
0.951733
0.951739
0.951744
0.95175
0.951756
0.951762
0.951767
0.951773
0.951779
0.951785
0.951791
0.951796
0.951802
0.951808
0.951814
0.951819
0.951825
0.951831
0.951837
0.951842
0.951848
0.951854
0.951859
0.951865
0.951871
0.951877
0.951882
0.951888
0.951894
0.9519
0.951905
0.951911
0.951917
0.951922
0.951928
0.951934
0.951939
0.951945
0.951951
0.951956
0.951962
0.951968
0.951974
0.951979
0.951985
0.951991
0.951996
0.952002
0.952008
0.952013
0.952019
0.952025
0.95203
0.952036
0.952041
0.952047
0.952053
0.952058
0.952064
0.95207
0.952075
0.952081
0.952087
0.952092
0.952098
0.952103
0.952109
0.952115
0.95212
0.952126
0.952131
0.952137
0.952143
0.952148
0.952154
0.952159
0.952165
0.952171
0.952176
0.952182
0.952187
0.952193
0.952199
0.952204
0.95221
0.952215
0.952221
0.952226
0.952232
0.952237
0.952243
0.952249
0.952254
0.95226
0.952265
0.952271
0.952276
0.952282
0.952287
0.952293
0.952298
0.952304
0.952309
0.952315
0.95232
0.952326
0.952331
0.952337
0.952343
0.952348
0.952354
0.952359
0.952365
0.95237
0.952376
0.952381
0.952386
0.952392
0.952397
0.952403
0.952408
0.952414
0.952419
0.952425
0.95243
0.952436
0.952441
0.952447
0.952452
0.952458
0.952463
0.952468
0.952474
0.952479
0.952485
0.95249
0.952496
0.952501
0.952507
0.952512
0.952517
0.952523
0.952528
0.952534
0.952539
0.952545
0.95255
0.952555
0.952561
0.952566
0.952572
0.952577
0.952582
0.952588
0.952593
0.952599
0.952604
0.952609
0.952615
0.95262
0.952625
0.952631
0.952636
0.952642
0.952647
0.952652
0.952658
0.952663
0.952668
0.952674
0.952679
0.952684
0.95269
0.952695
0.9527
0.952706
0.952711
0.952716
0.952722
0.952727
0.952732
0.952738
0.952743
0.952748
0.952754
0.952759
0.952764
0.95277
0.952775
0.95278
0.952786
0.952791
0.952796
0.952802
0.952807
0.952812
0.952817
0.952823
0.952828
0.952833
0.952839
0.952844
0.952849
0.952854
0.95286
0.952865
0.95287
0.952875
0.952881
0.952886
0.952891
0.952896
0.952902
0.952907
0.952912
0.952917
0.952923
0.952928
0.952933
0.952938
0.952944
0.952949
0.952954
0.952959
0.952965
0.95297
0.952975
0.95298
0.952985
0.952991
0.952996
0.953001
0.953006
0.953011
0.953017
0.953022
0.953027
0.953032
0.953037
0.953043
0.953048
0.953053
0.953058
0.953063
0.953068
0.953074
0.953079
0.953084
0.953089
0.953094
0.953099
0.953105
0.95311
0.953115
0.95312
0.953125
0.95313
0.953136
0.953141
0.953146
0.953151
0.953156
0.953161
0.953166
0.953172
0.953177
0.953182
0.953187
0.953192
0.953197
0.953202
0.953207
0.953212
0.953218
0.953223
0.953228
0.953233
0.953238
0.953243
0.953248
0.953253
0.953258
0.953263
0.953269
0.953274
0.953279
0.953284
0.953289
0.953294
0.953299
0.953304
0.953309
0.953314
0.953319
0.953324
0.953329
0.953334
0.953339
0.953345
0.95335
0.953355
0.95336
0.953365
0.95337
0.953375
0.95338
0.953385
0.95339
0.953395
0.9534
0.953405
0.95341
0.953415
0.95342
0.953425
0.95343
0.953435
0.95344
0.953445
0.95345
0.953455
0.95346
0.953465
0.95347
0.953475
0.95348
0.953485
0.95349
0.953495
0.9535
0.953505
0.95351
0.953515
0.95352
0.953525
0.95353
0.953535
0.95354
0.953545
0.95355
0.953555
0.95356
0.953565
0.95357
0.953574
0.953579
0.953584
0.953589
0.953594
0.953599
0.953604
0.953609
0.953614
0.953619
0.953624
0.953629
0.953634
0.953639
0.953644
0.953648
0.953653
0.953658
0.953663
0.953668
0.953673
0.953678
0.953683
0.953688
0.953693
0.953697
0.953702
0.953707
0.953712
0.953717
0.953722
0.953727
0.953732
0.953737
0.953741
0.953746
0.953751
0.953756
0.953761
0.953766
0.953771
0.953775
0.95378
0.953785
0.95379
0.953795
0.9538
0.953805
0.953809
0.953814
0.953819
0.953824
0.953829
0.953834
0.953838
0.953843
0.953848
0.953853
0.953858
0.953863
0.953867
0.953872
0.953877
0.953882
0.953887
0.953891
0.953896
0.953901
0.953906
0.953911
0.953915
0.95392
0.953925
0.95393
0.953935
0.953939
0.953944
0.953949
0.953954
0.953959
0.953963
0.953968
0.953973
0.953978
0.953982
0.953987
0.953992
0.953997
0.954001
0.954006
0.954011
0.954016
0.95402
0.954025
0.95403
0.954035
0.954039
0.954044
0.954049
0.954054
0.954058
0.954063
0.954068
0.954073
0.954077
0.954082
0.954087
0.954091
0.954096
0.954101
0.954106
0.95411
0.954115
0.95412
0.954124
0.954129
0.954134
0.954139
0.954143
0.954148
0.954153
0.954157
0.954162
0.954167
0.954171
0.954176
0.954181
0.954185
0.95419
0.954195
0.954199
0.954204
0.954209
0.954213
0.954218
0.954223
0.954227
0.954232
0.954237
0.954241
0.954246
0.954251
0.954255
0.95426
0.954265
0.954269
0.954274
0.954279
0.954283
0.954288
0.954292
0.954297
0.954302
0.954306
0.954311
0.954316
0.95432
0.954325
0.954329
0.954334
0.954339
0.954343
0.954348
0.954352
0.954357
0.954362
0.954366
0.954371
0.954375
0.95438
0.954385
0.954389
0.954394
0.954398
0.954403
0.954408
0.954412
0.954417
0.954421
0.954426
0.95443
0.954435
0.95444
0.954444
0.954449
0.954453
0.954458
0.954462
0.954467
0.954471
0.954476
0.954481
0.954485
0.95449
0.954494
0.954499
0.954503
0.954508
0.954512
0.954517
0.954521
0.954526
0.95453
0.954535
0.95454
0.954544
0.954549
0.954553
0.954558
0.954562
0.954567
0.954571
0.954576
0.95458
0.954585
0.954589
0.954594
0.954598
0.954603
0.954607
0.954612
0.954616
0.954621
0.954625
0.95463
0.954634
0.954639
0.954643
0.954648
0.954652
0.954656
0.954661
0.954665
0.95467
0.954674
0.954679
0.954683
0.954688
0.954692
0.954697
0.954701
0.954706
0.95471
0.954714
0.954719
0.954723
0.954728
0.954732
0.954737
0.954741
0.954746
0.95475
0.954754
0.954759
0.954763
0.954768
0.954772
0.954777
0.954781
0.954785
0.95479
0.954794
0.954799
0.954803
0.954807
0.954812
0.954816
0.954821
0.954825
0.954829
0.954834
0.954838
0.954843
0.954847
0.954851
0.954856
0.95486
0.954865
0.954869
0.954873
0.954878
0.954882
0.954886
0.954891
0.954895
0.9549
0.954904
0.954908
0.954913
0.954917
0.954921
0.954926
0.95493
0.954934
0.954939
0.954943
0.954947
0.954952
0.954956
0.95496
0.954965
0.954969
0.954973
0.954978
0.954982
0.954986
0.954991
0.954995
0.954999
0.955004
0.955008
0.955012
0.955017
0.955021
0.955025
0.95503
0.955034
0.955038
0.955043
0.955047
0.955051
0.955056
0.95506
0.955064
0.955068
0.955073
0.955077
0.955081
0.955086
0.95509
0.955094
0.955098
0.955103
0.955107
0.955111
0.955116
0.95512
0.955124
0.955128
0.955133
0.955137
0.955141
0.955145
0.95515
0.955154
0.955158
0.955162
0.955167
0.955171
0.955175
0.955179
0.955184
0.955188
0.955192
0.955196
0.955201
0.955205
0.955209
0.955213
0.955218
0.955222
0.955226
0.95523
0.955234
0.955239
0.955243
0.955247
0.955251
0.955256
0.95526
0.955264
0.955268
0.955272
0.955277
0.955281
0.955285
0.955289
0.955293
0.955298
0.955302
0.955306
0.95531
0.955314
0.955319
0.955323
0.955327
0.955331
0.955335
0.95534
0.955344
0.955348
0.955352
0.955356
0.95536
0.955365
0.955369
0.955373
0.955377
0.955381
0.955385
0.95539
0.955394
0.955398
0.955402
0.955406
0.95541
0.955414
0.955419
0.955423
0.955427
0.955431
0.955435
0.955439
0.955443
0.955448
0.955452
0.955456
0.95546
0.955464
0.955468
0.955472
0.955476
0.955481
0.955485
0.955489
0.955493
0.955497
0.955501
0.955505
0.955509
0.955513
0.955518
0.955522
0.955526
0.95553
0.955534
0.955538
0.955542
0.955546
0.95555
0.955554
0.955559
0.955563
0.955567
0.955571
0.955575
0.955579
0.955583
0.955587
0.955591
0.955595
0.955599
0.955603
0.955607
0.955612
0.955616
0.95562
0.955624
0.955628
0.955632
0.955636
0.95564
0.955644
0.955648
0.955652
0.955656
0.95566
0.955664
0.955668
0.955672
0.955676
0.95568
0.955684
0.955688
0.955692
0.955696
0.955701
0.955705
0.955709
0.955713
0.955717
0.955721
0.955725
0.955729
0.955733
0.955737
0.955741
0.955745
0.955749
0.955753
0.955757
0.955761
0.955765
0.955769
0.955773
0.955777
0.955781
0.955785
0.955789
0.955793
0.955797
0.955801
0.955805
0.955809
0.955813
0.955817
0.955821
0.955825
0.955828
0.955832
0.955836
0.95584
0.955844
0.955848
0.955852
0.955856
0.95586
0.955864
0.955868
0.955872
0.955876
0.95588
0.955884
0.955888
0.955892
0.955896
0.9559
0.955904
0.955908
0.955912
0.955915
0.955919
0.955923
0.955927
0.955931
0.955935
0.955939
0.955943
0.955947
0.955951
0.955955
0.955959
0.955963
0.955967
0.95597
0.955974
0.955978
0.955982
0.955986
0.95599
0.955994
0.955998
0.956002
0.956006
0.956009
0.956013
0.956017
0.956021
0.956025
0.956029
0.956033
0.956037
0.956041
0.956045
0.956048
0.956052
0.956056
0.95606
0.956064
0.956068
0.956072
0.956076
0.956079
0.956083
0.956087
0.956091
0.956095
0.956099
0.956103
0.956106
0.95611
0.956114
0.956118
0.956122
0.956126
0.95613
0.956133
0.956137
0.956141
0.956145
0.956149
0.956153
0.956156
0.95616
0.956164
0.956168
0.956172
0.956176
0.956179
0.956183
0.956187
0.956191
0.956195
0.956199
0.956202
0.956206
0.95621
0.956214
0.956218
0.956221
0.956225
0.956229
0.956233
0.956237
0.95624
0.956244
0.956248
0.956252
0.956256
0.956259
0.956263
0.956267
0.956271
0.956275
0.956278
0.956282
0.956286
0.95629
0.956294
0.956297
0.956301
0.956305
0.956309
0.956312
0.956316
0.95632
0.956324
0.956327
0.956331
0.956335
0.956339
0.956343
0.956346
0.95635
0.956354
0.956358
0.956361
0.956365
0.956369
0.956373
0.956376
0.95638
0.956384
0.956388
0.956391
0.956395
0.956399
0.956402
0.956406
0.95641
0.956414
0.956417
0.956421
0.956425
0.956429
0.956432
0.956436
0.95644
0.956443
0.956447
0.956451
0.956455
0.956458
0.956462
0.956466
0.956469
0.956473
0.956477
0.956481
0.956484
0.956488
0.956492
0.956495
0.956499
0.956503
0.956506
0.95651
0.956514
0.956518
0.956521
0.956525
0.956529
0.956532
0.956536
0.95654
0.956543
0.956547
0.956551
0.956554
0.956558
0.956562
0.956565
0.956569
0.956573
0.956576
0.95658
0.956584
0.956587
0.956591
0.956595
0.956598
0.956602
0.956606
0.956609
0.956613
0.956617
0.95662
0.956624
0.956627
0.956631
0.956635
0.956638
0.956642
0.956646
0.956649
0.956653
0.956657
0.95666
0.956664
0.956667
0.956671
0.956675
0.956678
0.956682
0.956686
0.956689
0.956693
0.956696
0.9567
0.956704
0.956707
0.956711
0.956714
0.956718
0.956722
0.956725
0.956729
0.956732
0.956736
0.95674
0.956743
0.956747
0.95675
0.956754
0.956758
0.956761
0.956765
0.956768
0.956772
0.956776
0.956779
0.956783
0.956786
0.95679
0.956793
0.956797
0.956801
0.956804
0.956808
0.956811
0.956815
0.956818
0.956822
0.956826
0.956829
0.956833
0.956836
0.95684
0.956843
0.956847
0.95685
0.956854
0.956858
0.956861
0.956865
0.956868
0.956872
0.956875
0.956879
0.956882
0.956886
0.956889
0.956893
0.956897
0.9569
0.956904
0.956907
0.956911
0.956914
0.956918
0.956921
0.956925
0.956928
0.956932
0.956935
0.956939
0.956942
0.956946
0.956949
0.956953
0.956956
0.95696
0.956963
0.956967
0.95697
0.956974
0.956977
0.956981
0.956984
0.956988
0.956991
0.956995
0.956998
0.957002
0.957005
0.957009
0.957012
0.957016
0.957019
0.957023
0.957026
0.95703
0.957033
0.957037
0.95704
0.957044
0.957047
0.957051
0.957054
0.957058
0.957061
0.957065
0.957068
0.957071
0.957075
0.957078
0.957082
0.957085
0.957089
0.957092
0.957096
0.957099
0.957103
0.957106
0.957109
0.957113
0.957116
0.95712
0.957123
0.957127
0.95713
0.957134
0.957137
0.95714
0.957144
0.957147
0.957151
0.957154
0.957158
0.957161
0.957164
0.957168
0.957171
0.957175
0.957178
0.957182
0.957185
0.957188
0.957192
0.957195
0.957199
0.957202
0.957205
0.957209
0.957212
0.957216
0.957219
0.957222
0.957226
0.957229
0.957233
0.957236
0.957239
0.957243
0.957246
0.95725
0.957253
0.957256
0.95726
0.957263
0.957267
0.95727
0.957273
0.957277
0.95728
0.957283
0.957287
0.95729
0.957294
0.957297
0.9573
0.957304
0.957307
0.95731
0.957314
0.957317
0.957321
0.957324
0.957327
0.957331
0.957334
0.957337
0.957341
0.957344
0.957347
0.957351
0.957354
0.957357
0.957361
0.957364
0.957368
0.957371
0.957374
0.957378
0.957381
0.957384
0.957388
0.957391
0.957394
0.957398
0.957401
0.957404
0.957408
0.957411
0.957414
0.957418
0.957421
0.957424
0.957428
0.957431
0.957434
0.957437
0.957441
0.957444
0.957447
0.957451
0.957454
0.957457
0.957461
0.957464
0.957467
0.957471
0.957474
0.957477
0.95748
0.957484
0.957487
0.95749
0.957494
0.957497
0.9575
0.957504
0.957507
0.95751
0.957513
0.957517
0.95752
0.957523
0.957527
0.95753
0.957533
0.957536
0.95754
0.957543
0.957546
0.957549
0.957553
0.957556
0.957559
0.957563
0.957566
0.957569
0.957572
0.957576
0.957579
0.957582
0.957585
0.957589
0.957592
0.957595
0.957598
0.957602
0.957605
0.957608
0.957611
0.957615
0.957618
0.957621
0.957624
0.957628
0.957631
0.957634
0.957637
0.957641
0.957644
0.957647
0.95765
0.957654
0.957657
0.95766
0.957663
0.957666
0.95767
0.957673
0.957676
0.957679
0.957683
0.957686
0.957689
0.957692
0.957695
0.957699
0.957702
0.957705
0.957708
0.957711
0.957715
0.957718
0.957721
0.957724
0.957728
0.957731
0.957734
0.957737
0.95774
0.957743
0.957747
0.95775
0.957753
0.957756
0.957759
0.957763
0.957766
0.957769
0.957772
0.957775
0.957779
0.957782
0.957785
0.957788
0.957791
0.957794
0.957798
0.957801
0.957804
0.957807
0.95781
0.957813
0.957817
0.95782
0.957823
0.957826
0.957829
0.957832
0.957836
0.957839
0.957842
0.957845
0.957848
0.957851
0.957855
0.957858
0.957861
0.957864
0.957867
0.95787
0.957873
0.957877
0.95788
0.957883
0.957886
0.957889
0.957892
0.957895
0.957899
0.957902
0.957905
0.957908
0.957911
0.957914
0.957917
0.957921
0.957924
