0.00199501
0.0141648
0.0274287
0.0408999
0.0542027
0.0671774
0.0797605
0.091933
0.103697
0.115064
0.126051
0.136674
0.146954
0.156907
0.166551
0.175902
0.184977
0.193788
0.202351
0.210678
0.218781
0.226671
0.234359
0.241854
0.249167
0.256305
0.263277
0.270091
0.276753
0.28327
0.289649
0.295896
0.302016
0.308014
0.313897
0.319667
0.32533
0.33089
0.336351
0.341717
0.346991
0.352176
0.357277
0.362295
0.367234
0.372096
0.376884
0.381601
0.386248
0.390829
0.395344
0.399797
0.404188
0.408521
0.412796
0.417015
0.42118
0.425292
0.429353
0.433364
0.437326
0.441241
0.445109
0.448933
0.452712
0.456448
0.460143
0.463796
0.467409
0.470983
0.474518
0.478016
0.481477
0.484902
0.488292
0.491647
0.494967
0.498255
0.501509
0.504732
0.507922
0.511082
0.514211
0.51731
0.52038
0.52342
0.526432
0.529415
0.532371
0.5353
0.538201
0.541076
0.543925
0.546748
0.549546
0.552319
0.555067
0.55779
0.56049
0.563165
0.565817
0.568446
0.571052
0.573636
0.576197
0.578736
0.581253
0.583749
0.586223
0.588677
0.591109
0.593521
0.595912
0.598284
0.600635
0.602967
0.605279
0.607572
0.609846
0.612101
0.614337
0.616554
0.618754
0.620935
0.623098
0.625243
0.627371
0.629481
0.631574
0.63365
0.635709
0.637751
0.639777
0.641786
0.643778
0.645755
0.647715
0.64966
0.651589
0.653502
0.6554
0.657282
0.659149
0.661002
0.662839
0.664662
0.666469
0.668263
0.670042
0.671807
0.673557
0.675294
0.677016
0.678725
0.68042
0.682102
0.68377
0.685425
0.687067
0.688695
0.690311
0.691914
0.693504
0.695081
0.696646
0.698198
0.699738
0.701266
0.702782
0.704286
0.705777
0.707257
0.708725
0.710182
0.711627
0.71306
0.714482
0.715893
0.717293
0.718681
0.720059
0.721426
0.722782
0.724127
0.725462
0.726786
0.728099
0.729403
0.730696
0.731978
0.733251
0.734513
0.735766
0.737009
0.738242
0.739465
0.740679
0.741883
0.743077
0.744262
0.745438
0.746605
0.747762
0.74891
0.75005
0.75118
0.752301
0.753414
0.754518
0.755613
0.756699
0.757777
0.758847
0.759908
0.760961
0.762005
0.763042
0.76407
0.76509
0.766102
0.767106
0.768102
0.769091
0.770072
0.771045
0.77201
0.772968
0.773918
0.774861
0.775797
0.776725
0.777646
0.77856
0.779466
0.780366
0.781258
0.782144
0.783022
0.783894
0.784759
0.785617
0.786468
0.787313
0.788151
0.788982
0.789807
0.790626
0.791438
0.792244
0.793044
0.793837
0.794624
0.795405
0.79618
0.796949
0.797712
0.798469
0.79922
0.799965
0.800704
0.801438
0.802166
0.802888
0.803605
0.804316
0.805021
0.805721
0.806416
0.807105
0.807789
0.808467
0.80914
0.809808
0.810471
0.811129
0.811781
0.812428
0.813071
0.813708
0.814341
0.814968
0.815591
0.816209
0.816822
0.81743
0.818034
0.818632
0.819227
0.819816
0.820401
0.820982
0.821558
0.822129
0.822697
0.823259
0.823818
0.824372
0.824922
0.825467
0.826008
0.826546
0.827079
0.827607
0.828132
0.828653
0.82917
0.829682
0.830191
0.830696
0.831197
0.831694
0.832187
0.832676
0.833162
0.833644
0.834122
0.834597
0.835067
0.835535
0.835998
0.836458
0.836915
0.837368
0.837817
0.838263
0.838706
0.839145
0.839581
0.840013
0.840443
0.840869
0.841291
0.84171
0.842127
0.84254
0.842949
0.843356
0.84376
0.84416
0.844557
0.844952
0.845343
0.845731
0.846117
0.846499
0.846878
0.847255
0.847629
0.847999
0.848367
0.848733
0.849095
0.849455
0.849812
0.850166
0.850517
0.850866
0.851212
0.851556
0.851896
0.852235
0.85257
0.852903
0.853234
0.853562
0.853888
0.854211
0.854532
0.85485
0.855166
0.855479
0.85579
0.856099
0.856405
0.856709
0.857011
0.85731
0.857607
0.857902
0.858195
0.858485
0.858774
0.85906
0.859344
0.859625
0.859905
0.860182
0.860458
0.860731
0.861003
0.861272
0.861539
0.861804
0.862067
0.862329
0.862588
0.862845
0.863101
0.863354
0.863606
0.863855
0.864103
0.864349
0.864593
0.864835
0.865076
0.865314
0.865551
0.865786
0.866019
0.866251
0.866481
0.866709
0.866935
0.86716
0.867383
0.867604
0.867824
0.868042
0.868259
0.868474
0.868687
0.868898
0.869109
0.869317
0.869524
0.869729
0.869933
0.870136
0.870337
0.870536
0.870734
0.87093
0.871125
0.871319
0.871511
0.871702
0.871891
0.872079
0.872265
0.87245
0.872634
0.872817
0.872998
0.873177
0.873356
0.873533
0.873709
0.873883
0.874056
0.874228
0.874399
0.874568
0.874736
0.874903
0.875069
0.875234
0.875397
0.875559
0.87572
0.87588
0.876038
0.876196
0.876352
0.876507
0.876661
0.876814
0.876966
0.877116
0.877266
0.877414
0.877562
0.877708
0.877853
0.877997
0.87814
0.878283
0.878424
0.878564
0.878703
0.878841
0.878978
0.879114
0.879249
0.879383
0.879516
0.879648
0.87978
0.87991
0.880039
0.880168
0.880295
0.880422
0.880548
0.880672
0.880796
0.880919
0.881041
0.881163
0.881283
0.881402
0.881521
0.881639
0.881756
0.881872
0.881987
0.882102
0.882216
0.882328
0.882441
0.882552
0.882662
0.882772
0.882881
0.882989
0.883097
0.883203
0.883309
0.883414
0.883519
0.883622
0.883725
0.883827
0.883929
0.88403
0.88413
0.884229
0.884328
0.884426
0.884523
0.88462
0.884716
0.884811
0.884906
0.885
0.885093
0.885186
0.885278
0.885369
0.88546
0.88555
0.885639
0.885728
0.885817
0.885904
0.885991
0.886078
0.886164
0.886249
0.886334
0.886418
0.886501
0.886584
0.886667
0.886748
0.88683
0.88691
0.88699
0.88707
0.887149
0.887228
0.887306
0.887383
0.88746
0.887536
0.887612
0.887688
0.887762
0.887837
0.887911
0.887984
0.888057
0.888129
0.888201
0.888273
0.888344
0.888414
0.888484
0.888553
0.888623
0.888691
0.888759
0.888827
0.888894
0.888961
0.889027
0.889093
0.889159
0.889224
0.889288
0.889352
0.889416
0.889479
0.889542
0.889605
0.889667
0.889728
0.88979
0.889851
0.889911
0.889971
0.890031
0.89009
0.890149
0.890208
0.890266
0.890323
0.890381
0.890438
0.890494
0.890551
0.890607
0.890662
0.890717
0.890772
0.890827
0.890881
0.890935
0.890988
0.891041
0.891094
0.891146
0.891198
0.89125
0.891302
0.891353
0.891403
0.891454
0.891504
0.891554
0.891603
0.891653
0.891701
0.89175
0.891798
0.891846
0.891894
0.891941
0.891988
0.892035
0.892082
0.892128
0.892174
0.892219
0.892265
0.89231
0.892355
0.892399
0.892443
0.892487
0.892531
0.892574
0.892618
0.892661
0.892703
0.892746
0.892788
0.892829
0.892871
0.892912
0.892954
0.892994
0.893035
0.893075
0.893115
0.893155
0.893195
0.893234
0.893274
0.893312
0.893351
0.89339
0.893428
0.893466
0.893504
0.893541
0.893579
0.893616
0.893653
0.893689
0.893726
0.893762
0.893798
0.893834
0.893869
0.893905
0.89394
0.893975
0.89401
0.894044
0.894079
0.894113
0.894147
0.894181
0.894214
0.894248
0.894281
0.894314
0.894347
0.89438
0.894412
0.894444
0.894476
0.894508
0.89454
0.894572
0.894603
0.894634
0.894665
0.894696
0.894727
0.894757
0.894788
0.894818
0.894848
0.894878
0.894907
0.894937
0.894966
0.894995
0.895024
0.895053
0.895082
0.89511
0.895139
0.895167
0.895195
0.895223
0.895251
0.895278
0.895306
0.895333
0.89536
0.895388
0.895414
0.895441
0.895468
0.895494
0.895521
0.895547
0.895573
0.895599
0.895624
0.89565
0.895676
0.895701
0.895726
0.895751
0.895776
0.895801
0.895826
0.89585
0.895875
0.895899
0.895923
0.895947
0.895971
0.895995
0.896019
0.896043
0.896066
0.896089
0.896113
0.896136
0.896159
0.896182
0.896204
0.896227
0.89625
0.896272
0.896294
0.896317
0.896339
0.896361
0.896382
0.896404
0.896426
0.896447
0.896469
0.89649
0.896511
0.896533
0.896554
0.896575
0.896595
0.896616
0.896637
0.896657
0.896678
0.896698
0.896718
0.896738
0.896758
0.896778
0.896798
0.896818
0.896838
0.896857
0.896877
0.896896
0.896915
0.896935
0.896954
0.896973
0.896992
0.897011
0.897029
0.897048
0.897067
0.897085
0.897104
0.897122
0.89714
0.897158
0.897176
0.897194
0.897212
0.89723
0.897248
0.897266
0.897283
0.897301
0.897318
0.897336
0.897353
0.89737
0.897387
0.897404
0.897421
0.897438
0.897455
0.897472
0.897489
0.897505
0.897522
0.897538
0.897555
0.897571
0.897587
0.897604
0.89762
0.897636
0.897652
0.897668
0.897684
0.8977
0.897715
0.897731
0.897747
0.897762
0.897778
0.897793
0.897808
0.897824
0.897839
0.897854
0.897869
0.897884
0.897899
0.897914
0.897929
0.897944
0.897958
0.897973
0.897988
0.898002
0.898017
0.898031
0.898046
0.89806
0.898074
0.898088
0.898103
0.898117
0.898131
0.898145
0.898159
0.898173
0.898186
0.8982
0.898214
0.898228
0.898241
0.898255
0.898268
0.898282
0.898295
0.898308
0.898322
0.898335
0.898348
0.898361
0.898375
0.898388
0.898401
0.898414
0.898427
0.898439
0.898452
0.898465
0.898478
0.89849
0.898503
0.898516
0.898528
0.898541
0.898553
0.898566
0.898578
0.89859
0.898603
0.898615
0.898627
0.898639
0.898651
0.898663
0.898675
0.898687
0.898699
0.898711
0.898723
0.898735
0.898747
0.898758
0.89877
0.898782
0.898793
0.898805
0.898816
0.898828
0.898839
0.898851
0.898862
0.898874
0.898885
0.898896
0.898907
0.898919
0.89893
0.898941
0.898952
0.898963
0.898974
0.898985
0.898996
0.899007
0.899018
0.899029
0.899039
0.89905
0.899061
0.899072
0.899082
0.899093
0.899103
0.899114
0.899125
0.899135
0.899145
0.899156
0.899166
0.899177
0.899187
0.899197
0.899208
0.899218
0.899228
0.899238
0.899248
0.899258
0.899269
0.899279
0.899289
0.899299
0.899309
0.899318
0.899328
0.899338
0.899348
0.899358
0.899368
0.899377
0.899387
0.899397
0.899407
0.899416
0.899426
0.899435
0.899445
0.899454
0.899464
0.899473
0.899483
0.899492
0.899502
0.899511
0.89952
0.89953
0.899539
0.899548
0.899558
0.899567
0.899576
0.899585
0.899594
0.899603
0.899612
0.899621
0.899631
0.89964
0.899649
0.899657
0.899666
0.899675
0.899684
0.899693
0.899702
0.899711
0.89972
0.899728
0.899737
0.899746
0.899754
0.899763
0.899772
0.89978
0.899789
0.899798
0.899806
0.899815
0.899823
0.899832
0.89984
0.899849
0.899857
0.899865
0.899874
0.899882
0.899891
0.899899
0.899907
0.899915
0.899924
0.899932
0.89994
0.899948
0.899957
0.899965
0.899973
0.899981
0.899989
0.899997
0.900005
0.900013
0.900021
0.900029
0.900037
0.900045
0.900053
0.900061
0.900069
0.900077
0.900085
0.900093
0.9001
0.900108
0.900116
0.900124
0.900132
0.900139
0.900147
0.900155
0.900162
0.90017
0.900178
0.900185
0.900193
0.9002
0.900208
0.900216
0.900223
0.900231
0.900238
0.900246
0.900253
0.900261
0.900268
0.900275
0.900283
0.90029
0.900298
0.900305
0.900312
0.90032
0.900327
0.900334
0.900341
0.900349
0.900356
0.900363
0.90037
0.900378
0.900385
0.900392
0.900399
0.900406
0.900413
0.90042
0.900427
0.900435
0.900442
0.900449
0.900456
0.900463
0.90047
0.900477
0.900484
0.900491
0.900497
0.900504
0.900511
0.900518
0.900525
0.900532
0.900539
0.900546
0.900552
0.900559
0.900566
0.900573
0.90058
0.900586
0.900593
0.9006
0.900606
0.900613
0.90062
0.900626
0.900633
0.90064
0.900646
0.900653
0.90066
0.900666
0.900673
0.900679
0.900686
0.900692
0.900699
0.900705
0.900712
0.900718
0.900725
0.900731
0.900738
0.900744
0.900751
0.900757
0.900763
0.90077
0.900776
0.900782
0.900789
0.900795
0.900801
0.900808
0.900814
0.90082
0.900827
0.900833
0.900839
0.900845
0.900852
0.900858
0.900864
0.90087
0.900876
0.900883
0.900889
0.900895
0.900901
0.900907
0.900913
0.900919
0.900925
0.900931
0.900937
0.900944
0.90095
0.900956
0.900962
0.900968
0.900974
0.90098
0.900986
0.900992
0.900997
0.901003
0.901009
0.901015
0.901021
0.901027
0.901033
0.901039
0.901045
0.901051
0.901056
0.901062
0.901068
0.901074
0.90108
0.901085
0.901091
0.901097
0.901103
0.901109
0.901114
0.90112
0.901126
0.901131
0.901137
0.901143
0.901148
0.901154
0.90116
0.901165
0.901171
0.901177
0.901182
0.901188
0.901194
0.901199
0.901205
0.90121
0.901216
0.901221
0.901227
0.901233
0.901238
0.901244
0.901249
0.901255
0.90126
0.901266
0.901271
0.901277
0.901282
0.901287
0.901293
0.901298
0.901304
0.901309
0.901315
0.90132
0.901325
0.901331
0.901336
0.901341
0.901347
0.901352
0.901357
0.901363
0.901368
0.901373
0.901379
0.901384
0.901389
0.901394
0.9014
0.901405
0.90141
0.901415
0.901421
0.901426
0.901431
0.901436
0.901441
0.901447
0.901452
0.901457
0.901462
0.901467
0.901472
0.901478
0.901483
0.901488
0.901493
0.901498
0.901503
0.901508
0.901513
0.901518
0.901523
0.901528
0.901533
0.901539
0.901544
0.901549
0.901554
0.901559
0.901564
0.901569
0.901574
0.901579
0.901584
0.901588
0.901593
0.901598
0.901603
0.901608
0.901613
0.901618
0.901623
0.901628
0.901633
0.901638
0.901643
0.901647
0.901652
0.901657
0.901662
0.901667
0.901672
0.901676
0.901681
0.901686
0.901691
0.901696
0.9017
0.901705
0.90171
0.901715
0.90172
0.901724
0.901729
0.901734
0.901739
0.901743
0.901748
0.901753
0.901757
0.901762
0.901767
0.901771
0.901776
0.901781
0.901785
0.90179
0.901795
0.901799
0.901804
0.901809
0.901813
0.901818
0.901822
0.901827
0.901832
0.901836
0.901841
0.901845
0.90185
0.901855
0.901859
0.901864
0.901868
0.901873
0.901877
0.901882
0.901886
0.901891
0.901895
0.9019
0.901904
0.901909
0.901913
0.901918
0.901922
0.901927
0.901931
0.901935
0.90194
0.901944
0.901949
0.901953
0.901958
0.901962
0.901966
0.901971
0.901975
0.90198
0.901984
0.901988
0.901993
0.901997
0.902001
0.902006
0.90201
0.902014
0.902019
0.902023
0.902027
0.902032
0.902036
0.90204
0.902045
0.902049
0.902053
0.902057
0.902062
0.902066
0.90207
0.902074
0.902079
0.902083
0.902087
0.902091
0.902095
0.9021
0.902104
0.902108
0.902112
0.902116
0.902121
0.902125
0.902129
0.902133
0.902137
0.902142
0.902146
0.90215
0.902154
0.902158
0.902162
0.902166
0.90217
0.902175
0.902179
0.902183
0.902187
0.902191
0.902195
0.902199
0.902203
0.902207
0.902211
0.902215
0.902219
0.902223
0.902227
0.902231
0.902235
0.90224
0.902244
0.902248
0.902252
0.902256
0.90226
0.902264
0.902267
0.902271
0.902275
0.902279
0.902283
0.902287
0.902291
0.902295
0.902299
0.902303
0.902307
0.902311
0.902315
0.902319
0.902323
0.902327
0.90233
0.902334
0.902338
0.902342
0.902346
0.90235
0.902354
0.902358
0.902362
0.902365
0.902369
0.902373
0.902377
0.902381
0.902385
0.902388
0.902392
0.902396
0.9024
0.902404
0.902407
0.902411
0.902415
0.902419
0.902423
0.902426
0.90243
0.902434
0.902438
0.902441
0.902445
0.902449
0.902453
0.902456
0.90246
0.902464
0.902467
0.902471
0.902475
0.902479
0.902482
0.902486
0.90249
0.902493
0.902497
0.902501
0.902504
0.902508
0.902512
0.902515
0.902519
0.902523
0.902526
0.90253
0.902534
0.902537
0.902541
0.902544
0.902548
0.902552
0.902555
0.902559
0.902563
0.902566
0.90257
0.902573
0.902577
0.90258
0.902584
0.902588
0.902591
0.902595
0.902598
0.902602
0.902605
0.902609
0.902612
0.902616
0.902619
0.902623
0.902627
0.90263
0.902634
0.902637
0.902641
0.902644
0.902648
0.902651
0.902654
0.902658
0.902661
0.902665
0.902668
0.902672
0.902675
0.902679
0.902682
0.902686
0.902689
0.902692
0.902696
0.902699
0.902703
0.902706
0.90271
0.902713
0.902716
0.90272
0.902723
0.902727
0.90273
0.902733
0.902737
0.90274
0.902743
0.902747
0.90275
0.902754
0.902757
0.90276
0.902764
0.902767
0.90277
0.902774
0.902777
0.90278
0.902784
0.902787
0.90279
0.902794
0.902797
0.9028
0.902803
0.902807
0.90281
0.902813
0.902817
0.90282
0.902823
0.902826
0.90283
0.902833
0.902836
0.902839
0.902843
0.902846
0.902849
0.902852
0.902856
0.902859
0.902862
0.902865
0.902869
0.902872
0.902875
0.902878
0.902881
0.902885
0.902888
0.902891
0.902894
0.902897
0.9029
0.902904
0.902907
0.90291
0.902913
0.902916
0.902919
0.902923
0.902926
0.902929
0.902932
0.902935
0.902938
0.902941
0.902945
0.902948
0.902951
0.902954
0.902957
0.90296
0.902963
0.902966
0.902969
0.902973
0.902976
0.902979
0.902982
0.902985
0.902988
0.902991
0.902994
0.902997
0.903
0.903003
0.903006
0.903009
0.903012
0.903015
0.903018
0.903021
0.903025
0.903028
0.903031
0.903034
0.903037
0.90304
0.903043
0.903046
0.903049
0.903052
0.903055
0.903058
0.903061
0.903064
0.903067
0.90307
0.903072
0.903075
0.903078
0.903081
0.903084
0.903087
0.90309
0.903093
0.903096
0.903099
0.903102
0.903105
0.903108
0.903111
0.903114
0.903117
0.90312
0.903122
0.903125
0.903128
0.903131
0.903134
0.903137
0.90314
0.903143
0.903146
0.903149
0.903151
0.903154
0.903157
0.90316
0.903163
0.903166
0.903169
0.903172
0.903174
0.903177
0.90318
0.903183
0.903186
0.903189
0.903191
0.903194
0.903197
0.9032
0.903203
0.903206
0.903208
0.903211
0.903214
0.903217
0.90322
0.903222
0.903225
0.903228
0.903231
0.903234
0.903236
0.903239
0.903242
0.903245
0.903247
0.90325
0.903253
0.903256
0.903258
0.903261
0.903264
0.903267
0.903269
0.903272
0.903275
0.903278
0.90328
0.903283
0.903286
0.903289
0.903291
0.903294
0.903297
0.903299
0.903302
0.903305
0.903308
0.90331
0.903313
0.903316
0.903318
0.903321
0.903324
0.903326
0.903329
0.903332
0.903334
0.903337
0.90334
0.903342
0.903345
0.903348
0.90335
0.903353
0.903356
0.903358
0.903361
0.903364
0.903366
0.903369
0.903371
0.903374
0.903377
0.903379
0.903382
0.903385
0.903387
0.90339
0.903392
0.903395
0.903398
0.9034
0.903403
0.903405
0.903408
0.90341
0.903413
0.903416
0.903418
0.903421
0.903423
0.903426
0.903428
0.903431
0.903434
0.903436
0.903439
0.903441
0.903444
0.903446
0.903449
0.903451
0.903454
0.903456
0.903459
0.903462
0.903464
0.903467
0.903469
0.903472
0.903474
0.903477
0.903479
0.903482
0.903484
0.903487
0.903489
0.903492
0.903494
0.903497
0.903499
0.903502
0.903504
0.903507
0.903509
0.903511
0.903514
0.903516
0.903519
0.903521
0.903524
0.903526
0.903529
0.903531
0.903534
0.903536
0.903538
0.903541
0.903543
0.903546
0.903548
0.903551
0.903553
0.903555
0.903558
0.90356
0.903563
0.903565
0.903568
0.90357
0.903572
0.903575
0.903577
0.90358
0.903582
0.903584
0.903587
0.903589
0.903591
0.903594
0.903596
0.903599
0.903601
0.903603
0.903606
0.903608
0.90361
0.903613
0.903615
0.903618
0.90362
0.903622
0.903625
0.903627
0.903629
0.903632
0.903634
0.903636
0.903639
0.903641
0.903643
0.903646
0.903648
0.90365
0.903653
0.903655
0.903657
0.903659
0.903662
0.903664
0.903666
0.903669
0.903671
0.903673
0.903676
0.903678
0.90368
0.903682
0.903685
0.903687
0.903689
0.903691
0.903694
0.903696
0.903698
0.903701
0.903703
0.903705
0.903707
0.90371
0.903712
0.903714
0.903716
0.903719
0.903721
0.903723
0.903725
0.903728
0.90373
0.903732
0.903734
0.903736
0.903739
0.903741
0.903743
0.903745
0.903748
0.90375
0.903752
0.903754
0.903756
0.903759
0.903761
0.903763
0.903765
0.903767
0.90377
0.903772
0.903774
0.903776
0.903778
0.90378
0.903783
0.903785
0.903787
0.903789
0.903791
0.903793
0.903796
0.903798
0.9038
0.903802
0.903804
0.903806
0.903809
0.903811
0.903813
0.903815
0.903817
0.903819
0.903821
0.903823
0.903826
0.903828
0.90383
0.903832
0.903834
0.903836
0.903838
0.90384
0.903843
0.903845
0.903847
0.903849
0.903851
0.903853
0.903855
0.903857
0.903859
0.903861
0.903864
0.903866
0.903868
0.90387
0.903872
0.903874
0.903876
0.903878
0.90388
0.903882
0.903884
0.903886
0.903888
0.90389
0.903893
0.903895
0.903897
0.903899
0.903901
0.903903
0.903905
0.903907
0.903909
0.903911
0.903913
0.903915
0.903917
0.903919
0.903921
0.903923
0.903925
0.903927
0.903929
0.903931
0.903933
0.903935
0.903937
0.903939
0.903941
0.903943
0.903945
0.903947
0.903949
0.903951
0.903953
0.903955
0.903957
0.903959
0.903961
0.903963
0.903965
0.903967
0.903969
0.903971
0.903973
0.903975
0.903977
0.903979
0.903981
0.903983
0.903985
0.903987
0.903989
0.903991
0.903993
0.903995
0.903997
0.903999
0.904001
0.904002
0.904004
0.904006
0.904008
0.90401
0.904012
0.904014
0.904016
0.904018
0.90402
0.904022
0.904024
0.904026
0.904028
0.904029
0.904031
0.904033
0.904035
0.904037
0.904039
0.904041
0.904043
0.904045
0.904047
0.904048
0.90405
0.904052
0.904054
0.904056
0.904058
0.90406
0.904062
0.904064
0.904065
0.904067
0.904069
0.904071
0.904073
0.904075
0.904077
0.904079
0.90408
0.904082
0.904084
0.904086
0.904088
0.90409
0.904092
0.904093
0.904095
0.904097
0.904099
0.904101
0.904103
0.904104
0.904106
0.904108
0.90411
0.904112
0.904114
0.904115
0.904117
0.904119
0.904121
0.904123
0.904125
0.904126
0.904128
0.90413
0.904132
0.904134
0.904135
0.904137
0.904139
0.904141
0.904143
0.904144
0.904146
0.904148
0.90415
0.904152
0.904153
0.904155
0.904157
0.904159
0.90416
0.904162
0.904164
0.904166
0.904168
0.904169
0.904171
0.904173
0.904175
0.904176
0.904178
0.90418
0.904182
0.904183
0.904185
0.904187
0.904189
0.90419
0.904192
0.904194
0.904196
0.904197
0.904199
0.904201
0.904203
0.904204
0.904206
0.904208
0.90421
0.904211
0.904213
0.904215
0.904216
0.904218
0.90422
0.904222
0.904223
0.904225
0.904227
0.904228
0.90423
0.904232
0.904234
0.904235
0.904237
0.904239
0.90424
0.904242
0.904244
0.904245
0.904247
0.904249
0.904251
0.904252
0.904254
0.904256
0.904257
0.904259
0.904261
0.904262
0.904264
0.904266
0.904267
0.904269
0.904271
0.904272
0.904274
0.904276
0.904277
0.904279
0.904281
0.904282
0.904284
0.904286
0.904287
0.904289
0.904291
0.904292
0.904294
0.904296
0.904297
0.904299
0.9043
0.904302
0.904304
0.904305
0.904307
0.904309
0.90431
0.904312
0.904313
0.904315
0.904317
0.904318
0.90432
0.904322
0.904323
0.904325
0.904326
0.904328
0.90433
0.904331
0.904333
0.904334
0.904336
0.904338
0.904339
0.904341
0.904342
0.904344
0.904346
0.904347
0.904349
0.90435
0.904352
0.904354
0.904355
0.904357
0.904358
0.90436
0.904361
0.904363
0.904365
0.904366
0.904368
0.904369
0.904371
0.904372
0.904374
0.904376
0.904377
0.904379
0.90438
0.904382
0.904383
0.904385
0.904387
0.904388
0.90439
0.904391
0.904393
0.904394
0.904396
0.904397
0.904399
0.9044
0.904402
0.904403
0.904405
0.904407
0.904408
0.90441
0.904411
0.904413
0.904414
0.904416
0.904417
0.904419
0.90442
0.904422
0.904423
0.904425
0.904426
0.904428
0.904429
0.904431
0.904432
0.904434
0.904435
0.904437
0.904438
0.90444
0.904441
0.904443
0.904444
0.904446
0.904447
0.904449
0.90445
0.904452
0.904453
0.904455
0.904456
0.904458
0.904459
0.904461
0.904462
0.904464
0.904465
0.904467
0.904468
0.90447
0.904471
0.904473
0.904474
0.904475
0.904477
0.904478
0.90448
0.904481
0.904483
0.904484
0.904486
0.904487
0.904489
0.90449
0.904491
0.904493
0.904494
0.904496
0.904497
0.904499
0.9045
0.904502
0.904503
0.904504
0.904506
0.904507
0.904509
0.90451
0.904512
0.904513
0.904514
0.904516
0.904517
0.904519
0.90452
0.904522
0.904523
0.904524
0.904526
0.904527
0.904529
0.90453
0.904532
0.904533
0.904534
0.904536
0.904537
0.904539
0.90454
0.904541
0.904543
0.904544
0.904546
0.904547
0.904548
0.90455
0.904551
0.904553
0.904554
0.904555
0.904557
0.904558
0.904559
0.904561
0.904562
0.904564
0.904565
0.904566
0.904568
0.904569
0.90457
0.904572
0.904573
0.904575
0.904576
0.904577
0.904579
0.90458
0.904581
0.904583
0.904584
0.904585
0.904587
0.904588
0.90459
0.904591
0.904592
0.904594
0.904595
0.904596
0.904598
0.904599
0.9046
0.904602
0.904603
0.904604
0.904606
0.904607
0.904608
0.90461
0.904611
0.904612
0.904614
0.904615
0.904616
0.904618
0.904619
0.90462
0.904622
0.904623
0.904624
0.904626
0.904627
0.904628
0.90463
0.904631
0.904632
0.904634
0.904635
0.904636
0.904637
0.904639
0.90464
0.904641
0.904643
0.904644
0.904645
0.904647
0.904648
0.904649
0.90465
0.904652
0.904653
0.904654
0.904656
0.904657
0.904658
0.904659
0.904661
0.904662
0.904663
0.904665
0.904666
0.904667
0.904668
0.90467
0.904671
0.904672
0.904674
0.904675
0.904676
0.904677
0.904679
0.90468
0.904681
0.904682
0.904684
0.904685
0.904686
0.904688
0.904689
0.90469
0.904691
0.904693
0.904694
0.904695
0.904696
0.904698
0.904699
0.9047
0.904701
0.904703
0.904704
0.904705
0.904706
0.904708
0.904709
0.90471
0.904711
0.904712
0.904714
0.904715
0.904716
0.904717
0.904719
0.90472
0.904721
0.904722
0.904724
0.904725
0.904726
0.904727
0.904728
0.90473
0.904731
0.904732
0.904733
0.904735
0.904736
0.904737
0.904738
0.904739
0.904741
0.904742
0.904743
0.904744
0.904745
0.904747
0.904748
0.904749
0.90475
0.904751
0.904753
0.904754
0.904755
0.904756
0.904757
0.904759
0.90476
0.904761
0.904762
0.904763
0.904765
0.904766
0.904767
0.904768
0.904769
0.90477
0.904772
0.904773
0.904774
0.904775
0.904776
0.904778
0.904779
0.90478
0.904781
0.904782
0.904783
0.904785
0.904786
0.904787
0.904788
0.904789
0.90479
0.904792
0.904793
0.904794
0.904795
0.904796
0.904797
0.904799
0.9048
0.904801
0.904802
0.904803
0.904804
0.904805
0.904807
0.904808
0.904809
0.90481
0.904811
0.904812
0.904813
0.904815
0.904816
0.904817
0.904818
0.904819
0.90482
0.904821
0.904823
0.904824
0.904825
0.904826
0.904827
0.904828
0.904829
0.90483
0.904832
0.904833
0.904834
0.904835
0.904836
0.904837
0.904838
0.904839
0.904841
0.904842
0.904843
0.904844
0.904845
0.904846
0.904847
0.904848
0.904849
0.904851
0.904852
0.904853
0.904854
0.904855
0.904856
0.904857
0.904858
0.904859
0.90486
0.904862
0.904863
0.904864
0.904865
0.904866
0.904867
0.904868
0.904869
0.90487
0.904871
0.904872
0.904874
0.904875
0.904876
0.904877
0.904878
0.904879
0.90488
0.904881
0.904882
0.904883
0.904884
0.904885
0.904886
0.904888
0.904889
0.90489
0.904891
0.904892
0.904893
0.904894
0.904895
0.904896
0.904897
0.904898
0.904899
0.9049
0.904901
0.904902
0.904904
0.904905
0.904906
0.904907
0.904908
0.904909
0.90491
0.904911
0.904912
0.904913
0.904914
0.904915
0.904916
0.904917
0.904918
0.904919
0.90492
0.904921
0.904922
0.904923
0.904924
0.904926
0.904927
0.904928
0.904929
0.90493
0.904931
0.904932
0.904933
0.904934
0.904935
0.904936
0.904937
0.904938
0.904939
0.90494
0.904941
0.904942
0.904943
0.904944
0.904945
0.904946
0.904947
0.904948
0.904949
0.90495
0.904951
0.904952
0.904953
0.904954
0.904955
0.904956
0.904957
0.904958
0.904959
0.90496
0.904961
0.904962
0.904963
0.904964
0.904965
0.904966
0.904967
0.904968
0.904969
0.90497
0.904971
0.904972
0.904973
0.904974
0.904975
0.904976
0.904977
0.904978
0.904979
0.90498
0.904981
0.904982
0.904983
0.904984
0.904985
0.904986
0.904987
0.904988
0.904989
0.90499
0.904991
0.904992
0.904993
0.904994
0.904995
0.904996
0.904997
0.904998
0.904999
0.905
0.905001
0.905002
0.905003
0.905004
0.905005
0.905005
0.905006
0.905007
0.905008
0.905009
0.90501
0.905011
0.905012
0.905013
0.905014
0.905015
0.905016
0.905017
0.905018
0.905019
0.90502
0.905021
0.905022
0.905023
0.905024
0.905025
0.905026
0.905026
0.905027
0.905028
0.905029
0.90503
0.905031
0.905032
0.905033
0.905034
0.905035
0.905036
0.905037
0.905038
0.905039
0.90504
0.905041
0.905041
0.905042
0.905043
0.905044
0.905045
0.905046
0.905047
0.905048
0.905049
0.90505
0.905051
0.905052
0.905053
0.905053
0.905054
0.905055
0.905056
0.905057
0.905058
0.905059
0.90506
0.905061
0.905062
0.905063
0.905064
0.905064
0.905065
0.905066
0.905067
0.905068
0.905069
0.90507
0.905071
0.905072
0.905073
0.905074
0.905074
0.905075
0.905076
0.905077
0.905078
0.905079
0.90508
0.905081
0.905082
0.905082
0.905083
0.905084
0.905085
0.905086
0.905087
0.905088
0.905089
0.90509
0.90509
0.905091
0.905092
0.905093
0.905094
0.905095
0.905096
0.905097
0.905098
0.905098
0.905099
0.9051
0.905101
0.905102
0.905103
0.905104
0.905105
0.905105
0.905106
0.905107
0.905108
0.905109
0.90511
0.905111
0.905112
0.905112
0.905113
0.905114
0.905115
0.905116
0.905117
0.905118
0.905118
0.905119
0.90512
0.905121
0.905122
0.905123
0.905124
0.905124
0.905125
0.905126
0.905127
0.905128
0.905129
0.90513
0.90513
0.905131
0.905132
0.905133
0.905134
0.905135
0.905135
0.905136
0.905137
0.905138
0.905139
0.90514
0.905141
0.905141
0.905142
0.905143
0.905144
0.905145
0.905146
0.905146
0.905147
0.905148
0.905149
0.90515
0.905151
0.905151
0.905152
0.905153
0.905154
0.905155
0.905156
0.905156
0.905157
0.905158
0.905159
0.90516
0.90516
0.905161
0.905162
0.905163
0.905164
0.905165
0.905165
0.905166
0.905167
0.905168
0.905169
0.905169
0.90517
0.905171
0.905172
0.905173
0.905174
0.905174
0.905175
0.905176
0.905177
0.905178
0.905178
0.905179
0.90518
0.905181
0.905182
0.905182
0.905183
0.905184
0.905185
0.905186
0.905186
0.905187
0.905188
0.905189
0.90519
0.90519
0.905191
0.905192
0.905193
0.905194
0.905194
0.905195
0.905196
0.905197
0.905198
0.905198
0.905199
0.9052
0.905201
0.905201
0.905202
0.905203
0.905204
0.905205
0.905205
0.905206
0.905207
0.905208
0.905209
0.905209
0.90521
0.905211
0.905212
0.905212
0.905213
0.905214
0.905215
0.905216
0.905216
0.905217
0.905218
0.905219
0.905219
0.90522
0.905221
0.905222
0.905222
0.905223
0.905224
0.905225
0.905226
0.905226
0.905227
0.905228
0.905229
0.905229
0.90523
0.905231
0.905232
0.905232
0.905233
0.905234
0.905235
0.905235
0.905236
0.905237
0.905238
0.905238
0.905239
0.90524
0.905241
0.905241
0.905242
0.905243
0.905244
0.905244
0.905245
0.905246
0.905247
0.905247
0.905248
0.905249
0.90525
0.90525
0.905251
0.905252
0.905253
0.905253
0.905254
0.905255
0.905256
0.905256
0.905257
0.905258
0.905258
0.905259
0.90526
0.905261
0.905261
0.905262
0.905263
0.905264
0.905264
0.905265
0.905266
0.905267
0.905267
0.905268
0.905269
0.905269
0.90527
0.905271
0.905272
0.905272
0.905273
0.905274
0.905274
0.905275
0.905276
0.905277
0.905277
0.905278
0.905279
0.90528
0.90528
0.905281
0.905282
0.905282
0.905283
0.905284
0.905285
0.905285
0.905286
0.905287
0.905287
0.905288
0.905289
0.905289
0.90529
0.905291
0.905292
0.905292
0.905293
0.905294
0.905294
0.905295
0.905296
0.905297
0.905297
0.905298
0.905299
0.905299
0.9053
0.905301
0.905301
0.905302
0.905303
0.905304
0.905304
0.905305
0.905306
0.905306
0.905307
0.905308
0.905308
0.905309
0.90531
0.90531
0.905311
0.905312
0.905312
0.905313
0.905314
0.905315
0.905315
0.905316
0.905317
0.905317
0.905318
0.905319
0.905319
0.90532
0.905321
0.905321
0.905322
0.905323
0.905323
0.905324
0.905325
0.905325
0.905326
0.905327
0.905327
0.905328
0.905329
0.905329
0.90533
0.905331
0.905331
0.905332
0.905333
0.905333
0.905334
0.905335
0.905335
0.905336
0.905337
0.905337
0.905338
0.905339
0.905339
0.90534
0.905341
0.905341
0.905342
0.905343
0.905343
0.905344
0.905345
0.905345
0.905346
0.905347
0.905347
0.905348
0.905349
0.905349
0.90535
0.905351
0.905351
0.905352
0.905353
0.905353
0.905354
0.905355
0.905355
0.905356
0.905357
0.905357
0.905358
0.905358
0.905359
0.90536
0.90536
0.905361
0.905362
0.905362
0.905363
0.905364
0.905364
0.905365
0.905366
0.905366
0.905367
0.905367
0.905368
0.905369
0.905369
0.90537
0.905371
0.905371
0.905372
0.905373
0.905373
0.905374
0.905374
0.905375
0.905376
0.905376
0.905377
0.905378
0.905378
0.905379
0.905379
0.90538
0.905381
0.905381
0.905382
0.905383
0.905383
0.905384
0.905384
0.905385
0.905386
0.905386
0.905387
0.905388
0.905388
0.905389
0.905389
0.90539
0.905391
0.905391
0.905392
0.905393
0.905393
0.905394
0.905394
0.905395
0.905396
0.905396
0.905397
0.905397
0.905398
0.905399
0.905399
0.9054
0.905401
0.905401
0.905402
0.905402
0.905403
0.905404
0.905404
0.905405
0.905405
0.905406
0.905407
0.905407
0.905408
0.905408
0.905409
0.90541
0.90541
0.905411
0.905411
0.905412
0.905413
0.905413
0.905414
0.905414
0.905415
0.905416
0.905416
0.905417
0.905417
0.905418
0.905419
0.905419
0.90542
0.90542
0.905421
0.905422
0.905422
0.905423
0.905423
0.905424
0.905424
0.905425
0.905426
0.905426
0.905427
0.905427
0.905428
0.905429
0.905429
0.90543
0.90543
0.905431
0.905431
0.905432
0.905433
0.905433
0.905434
0.905434
0.905435
0.905436
0.905436
0.905437
0.905437
0.905438
0.905438
0.905439
0.90544
0.90544
0.905441
0.905441
0.905442
0.905442
0.905443
0.905444
0.905444
0.905445
0.905445
0.905446
0.905446
0.905447
0.905448
0.905448
0.905449
0.905449
0.90545
0.90545
0.905451
0.905452
0.905452
0.905453
0.905453
0.905454
0.905454
0.905455
0.905455
0.905456
0.905457
0.905457
0.905458
0.905458
0.905459
0.905459
0.90546
0.905461
0.905461
0.905462
0.905462
0.905463
0.905463
0.905464
0.905464
0.905465
0.905465
0.905466
0.905467
0.905467
0.905468
0.905468
0.905469
0.905469
0.90547
0.90547
0.905471
0.905472
0.905472
0.905473
0.905473
0.905474
0.905474
0.905475
0.905475
0.905476
0.905476
0.905477
0.905478
0.905478
0.905479
0.905479
0.90548
0.90548
0.905481
0.905481
0.905482
0.905482
0.905483
0.905483
0.905484
0.905485
0.905485
0.905486
0.905486
0.905487
0.905487
0.905488
0.905488
0.905489
0.905489
0.90549
0.90549
0.905491
0.905491
0.905492
0.905493
0.905493
0.905494
0.905494
0.905495
0.905495
0.905496
0.905496
0.905497
0.905497
0.905498
0.905498
0.905499
0.905499
0.9055
0.9055
0.905501
0.905501
0.905502
0.905502
0.905503
0.905504
0.905504
0.905505
0.905505
0.905506
0.905506
0.905507
0.905507
0.905508
0.905508
0.905509
0.905509
0.90551
0.90551
0.905511
0.905511
0.905512
0.905512
0.905513
0.905513
0.905514
0.905514
0.905515
0.905515
0.905516
0.905516
0.905517
0.905517
0.905518
0.905518
0.905519
0.905519
0.90552
0.90552
0.905521
0.905521
0.905522
0.905522
0.905523
0.905523
0.905524
0.905524
0.905525
0.905525
0.905526
0.905526
0.905527
0.905527
0.905528
0.905528
0.905529
0.905529
0.90553
0.90553
0.905531
0.905531
0.905532
0.905532
0.905533
0.905533
0.905534
0.905534
0.905535
0.905535
0.905536
0.905536
0.905537
0.905537
0.905538
0.905538
0.905539
0.905539
0.90554
0.90554
0.905541
0.905541
0.905542
0.905542
0.905543
0.905543
0.905544
0.905544
0.905545
0.905545
0.905546
0.905546
0.905547
0.905547
0.905547
0.905548
0.905548
0.905549
0.905549
0.90555
0.90555
0.905551
0.905551
0.905552
0.905552
0.905553
0.905553
0.905554
0.905554
0.905555
0.905555
0.905556
0.905556
0.905557
0.905557
0.905558
0.905558
0.905558
0.905559
0.905559
0.90556
0.90556
0.905561
0.905561
0.905562
0.905562
0.905563
0.905563
0.905564
0.905564
0.905565
0.905565
0.905565
0.905566
0.905566
0.905567
0.905567
0.905568
0.905568
0.905569
0.905569
0.90557
0.90557
0.905571
0.905571
0.905571
0.905572
0.905572
0.905573
0.905573
0.905574
0.905574
0.905575
0.905575
0.905576
0.905576
0.905577
0.905577
0.905577
0.905578
0.905578
0.905579
0.905579
0.90558
0.90558
0.905581
0.905581
0.905582
0.905582
0.905582
0.905583
0.905583
0.905584
0.905584
0.905585
0.905585
0.905586
0.905586
0.905586
0.905587
0.905587
0.905588
0.905588
0.905589
0.905589
0.90559
0.90559
0.90559
0.905591
0.905591
0.905592
0.905592
0.905593
0.905593
0.905594
0.905594
0.905594
0.905595
0.905595
0.905596
0.905596
0.905597
0.905597
0.905598
0.905598
0.905598
0.905599
0.905599
0.9056
0.9056
0.905601
0.905601
0.905601
0.905602
0.905602
0.905603
0.905603
0.905604
0.905604
0.905604
0.905605
0.905605
0.905606
0.905606
0.905607
0.905607
0.905607
0.905608
0.905608
0.905609
0.905609
0.90561
0.90561
0.90561
0.905611
0.905611
0.905612
0.905612
0.905613
0.905613
0.905613
0.905614
0.905614
0.905615
0.905615
0.905616
0.905616
0.905616
0.905617
0.905617
0.905618
0.905618
0.905619
0.905619
0.905619
0.90562
0.90562
0.905621
0.905621
0.905621
0.905622
0.905622
0.905623
0.905623
0.905624
0.905624
0.905624
0.905625
0.905625
0.905626
0.905626
0.905626
0.905627
0.905627
0.905628
0.905628
0.905628
0.905629
0.905629
0.90563
0.90563
0.905631
0.905631
0.905631
0.905632
0.905632
0.905633
0.905633
0.905633
0.905634
0.905634
0.905635
0.905635
0.905635
0.905636
0.905636
0.905637
0.905637
0.905637
0.905638
0.905638
0.905639
0.905639
0.905639
0.90564
0.90564
0.905641
0.905641
0.905641
0.905642
0.905642
0.905643
0.905643
0.905643
0.905644
0.905644
0.905645
0.905645
0.905645
0.905646
0.905646
0.905647
0.905647
0.905647
0.905648
0.905648
0.905649
0.905649
0.905649
0.90565
0.90565
0.905651
0.905651
0.905651
0.905652
0.905652
0.905652
0.905653
0.905653
0.905654
0.905654
0.905654
0.905655
0.905655
0.905656
0.905656
0.905656
0.905657
0.905657
0.905658
0.905658
0.905658
0.905659
0.905659
0.905659
0.90566
0.90566
0.905661
0.905661
0.905661
0.905662
0.905662
0.905663
0.905663
0.905663
0.905664
0.905664
0.905664
0.905665
0.905665
0.905666
0.905666
0.905666
0.905667
0.905667
0.905667
0.905668
0.905668
0.905669
0.905669
0.905669
0.90567
0.90567
0.90567
0.905671
0.905671
0.905672
0.905672
0.905672
0.905673
0.905673
0.905673
0.905674
0.905674
0.905675
0.905675
0.905675
0.905676
0.905676
0.905676
0.905677
0.905677
0.905678
0.905678
0.905678
0.905679
0.905679
0.905679
0.90568
0.90568
0.90568
0.905681
0.905681
0.905682
0.905682
0.905682
0.905683
0.905683
0.905683
0.905684
0.905684
0.905684
0.905685
0.905685
0.905686
0.905686
0.905686
0.905687
0.905687
0.905687
0.905688
0.905688
0.905688
0.905689
0.905689
0.90569
0.90569
0.90569
0.905691
0.905691
0.905691
0.905692
0.905692
0.905692
0.905693
0.905693
0.905693
0.905694
0.905694
0.905695
0.905695
0.905695
0.905696
0.905696
0.905696
0.905697
0.905697
0.905697
0.905698
0.905698
0.905698
0.905699
0.905699
0.905699
0.9057
0.9057
0.9057
0.905701
0.905701
0.905702
0.905702
0.905702
0.905703
0.905703
0.905703
0.905704
0.905704
0.905704
0.905705
0.905705
0.905705
0.905706
0.905706
0.905706
0.905707
0.905707
0.905707
0.905708
0.905708
0.905708
0.905709
0.905709
0.905709
0.90571
0.90571
0.90571
0.905711
0.905711
0.905711
0.905712
0.905712
0.905713
0.905713
0.905713
0.905714
0.905714
0.905714
0.905715
0.905715
0.905715
0.905716
0.905716
0.905716
0.905717
0.905717
0.905717
0.905718
0.905718
0.905718
0.905719
0.905719
0.905719
0.90572
0.90572
0.90572
0.905721
0.905721
0.905721
0.905722
0.905722
0.905722
0.905723
0.905723
0.905723
0.905724
0.905724
0.905724
0.905725
0.905725
0.905725
0.905725
0.905726
0.905726
0.905726
0.905727
0.905727
0.905727
0.905728
0.905728
0.905728
0.905729
0.905729
0.905729
0.90573
0.90573
0.90573
0.905731
0.905731
0.905731
0.905732
0.905732
0.905732
0.905733
0.905733
0.905733
0.905734
0.905734
0.905734
0.905735
0.905735
0.905735
0.905736
0.905736
0.905736
0.905736
0.905737
0.905737
0.905737
0.905738
0.905738
0.905738
0.905739
0.905739
0.905739
0.90574
0.90574
0.90574
0.905741
0.905741
0.905741
0.905742
0.905742
0.905742
0.905742
0.905743
0.905743
0.905743
0.905744
0.905744
0.905744
0.905745
0.905745
0.905745
0.905746
0.905746
0.905746
0.905747
0.905747
0.905747
0.905747
0.905748
0.905748
0.905748
0.905749
0.905749
0.905749
0.90575
0.90575
0.90575
0.905751
0.905751
0.905751
0.905751
0.905752
0.905752
0.905752
0.905753
0.905753
0.905753
0.905754
0.905754
0.905754
0.905754
0.905755
0.905755
0.905755
0.905756
0.905756
0.905756
0.905757
0.905757
0.905757
0.905757
0.905758
0.905758
0.905758
0.905759
0.905759
0.905759
0.90576
0.90576
0.90576
0.90576
0.905761
0.905761
0.905761
0.905762
0.905762
0.905762
0.905763
0.905763
0.905763
0.905763
0.905764
0.905764
0.905764
0.905765
0.905765
0.905765
0.905765
0.905766
0.905766
0.905766
0.905767
0.905767
0.905767
0.905768
0.905768
0.905768
0.905768
0.905769
0.905769
0.905769
0.90577
0.90577
0.90577
0.90577
0.905771
0.905771
0.905771
0.905772
0.905772
0.905772
0.905772
0.905773
0.905773
0.905773
0.905774
0.905774
0.905774
0.905774
0.905775
0.905775
0.905775
0.905776
0.905776
0.905776
0.905776
0.905777
0.905777
0.905777
0.905778
0.905778
0.905778
0.905778
0.905779
0.905779
0.905779
0.90578
0.90578
0.90578
0.90578
0.905781
0.905781
0.905781
0.905782
0.905782
0.905782
0.905782
0.905783
0.905783
0.905783
0.905783
0.905784
0.905784
0.905784
0.905785
0.905785
0.905785
0.905785
0.905786
0.905786
0.905786
0.905787
0.905787
0.905787
0.905787
0.905788
0.905788
0.905788
0.905788
0.905789
0.905789
0.905789
0.90579
0.90579
0.90579
0.90579
0.905791
0.905791
0.905791
0.905791
0.905792
0.905792
0.905792
0.905793
0.905793
0.905793
0.905793
0.905794
0.905794
0.905794
0.905794
0.905795
0.905795
0.905795
0.905795
0.905796
0.905796
0.905796
0.905797
0.905797
0.905797
0.905797
0.905798
0.905798
0.905798
0.905798
0.905799
0.905799
0.905799
0.905799
0.9058
0.9058
0.9058
0.905801
0.905801
0.905801
0.905801
0.905802
0.905802
0.905802
0.905802
0.905803
0.905803
0.905803
0.905803
0.905804
0.905804
0.905804
0.905804
0.905805
0.905805
0.905805
0.905805
0.905806
0.905806
0.905806
0.905807
0.905807
0.905807
0.905807
0.905808
0.905808
0.905808
0.905808
0.905809
0.905809
0.905809
0.905809
0.90581
0.90581
0.90581
0.90581
0.905811
0.905811
0.905811
0.905811
0.905812
0.905812
0.905812
0.905812
0.905813
0.905813
0.905813
0.905813
0.905814
0.905814
0.905814
0.905814
0.905815
0.905815
0.905815
0.905815
0.905816
0.905816
0.905816
0.905816
0.905817
0.905817
0.905817
0.905817
0.905818
0.905818
0.905818
0.905818
0.905819
0.905819
0.905819
0.905819
0.90582
0.90582
0.90582
0.90582
0.905821
0.905821
0.905821
0.905821
0.905822
0.905822
0.905822
0.905822
0.905823
0.905823
0.905823
0.905823
0.905824
0.905824
0.905824
0.905824
0.905825
0.905825
0.905825
0.905825
0.905826
0.905826
0.905826
0.905826
0.905826
0.905827
0.905827
0.905827
0.905827
0.905828
0.905828
0.905828
0.905828
0.905829
0.905829
0.905829
0.905829
0.90583
0.90583
0.90583
0.90583
0.905831
0.905831
0.905831
0.905831
0.905831
0.905832
0.905832
0.905832
0.905832
0.905833
0.905833
0.905833
0.905833
0.905834
0.905834
0.905834
0.905834
0.905835
0.905835
0.905835
0.905835
0.905835
0.905836
0.905836
0.905836
0.905836
0.905837
0.905837
0.905837
0.905837
0.905838
0.905838
0.905838
0.905838
0.905839
0.905839
0.905839
0.905839
0.905839
0.90584
0.90584
0.90584
0.90584
0.905841
0.905841
0.905841
0.905841
0.905841
0.905842
0.905842
0.905842
0.905842
0.905843
0.905843
0.905843
0.905843
0.905844
0.905844
0.905844
0.905844
0.905844
0.905845
0.905845
0.905845
0.905845
0.905846
0.905846
0.905846
0.905846
0.905846
0.905847
0.905847
0.905847
0.905847
0.905848
0.905848
0.905848
0.905848
0.905848
0.905849
0.905849
0.905849
0.905849
0.90585
0.90585
0.90585
0.90585
0.90585
0.905851
0.905851
0.905851
0.905851
0.905852
0.905852
0.905852
0.905852
0.905852
0.905853
0.905853
0.905853
0.905853
0.905854
0.905854
0.905854
0.905854
0.905854
0.905855
0.905855
0.905855
0.905855
0.905855
0.905856
0.905856
0.905856
0.905856
0.905857
0.905857
0.905857
0.905857
0.905857
0.905858
0.905858
0.905858
0.905858
0.905859
0.905859
0.905859
0.905859
0.905859
0.90586
0.90586
0.90586
0.90586
0.90586
0.905861
0.905861
0.905861
0.905861
0.905861
0.905862
0.905862
0.905862
0.905862
0.905863
0.905863
0.905863
0.905863
0.905863
0.905864
0.905864
0.905864
0.905864
0.905864
0.905865
0.905865
0.905865
0.905865
0.905865
0.905866
0.905866
0.905866
0.905866
0.905867
0.905867
0.905867
0.905867
0.905867
0.905868
0.905868
0.905868
0.905868
0.905868
0.905869
0.905869
0.905869
0.905869
0.905869
0.90587
0.90587
0.90587
0.90587
0.90587
0.905871
0.905871
0.905871
0.905871
0.905871
0.905872
0.905872
0.905872
0.905872
0.905872
0.905873
0.905873
0.905873
0.905873
0.905873
0.905874
0.905874
0.905874
0.905874
0.905874
0.905875
0.905875
0.905875
0.905875
0.905875
0.905876
0.905876
0.905876
0.905876
0.905876
0.905877
0.905877
0.905877
0.905877
0.905877
0.905878
0.905878
0.905878
0.905878
0.905878
0.905879
0.905879
0.905879
0.905879
0.905879
0.90588
0.90588
0.90588
0.90588
0.90588
0.905881
0.905881
0.905881
0.905881
0.905881
0.905882
0.905882
0.905882
0.905882
0.905882
0.905883
0.905883
0.905883
0.905883
0.905883
0.905883
0.905884
0.905884
0.905884
0.905884
0.905884
0.905885
0.905885
0.905885
0.905885
0.905885
0.905886
0.905886
0.905886
0.905886
0.905886
0.905887
0.905887
0.905887
0.905887
0.905887
0.905887
0.905888
0.905888
0.905888
0.905888
0.905888
0.905889
0.905889
0.905889
0.905889
0.905889
0.90589
0.90589
0.90589
0.90589
0.90589
0.905891
0.905891
0.905891
0.905891
0.905891
0.905891
0.905892
0.905892
0.905892
0.905892
0.905892
0.905893
0.905893
0.905893
0.905893
0.905893
0.905893
0.905894
0.905894
0.905894
0.905894
0.905894
0.905895
0.905895
0.905895
0.905895
0.905895
0.905895
0.905896
0.905896
0.905896
0.905896
0.905896
0.905897
0.905897
0.905897
0.905897
0.905897
0.905897
0.905898
0.905898
0.905898
0.905898
0.905898
0.905899
0.905899
0.905899
0.905899
0.905899
0.905899
0.9059
0.9059
0.9059
0.9059
0.9059
0.905901
0.905901
0.905901
0.905901
0.905901
0.905901
0.905902
0.905902
0.905902
0.905902
0.905902
0.905902
0.905903
0.905903
0.905903
0.905903
0.905903
0.905904
0.905904
0.905904
0.905904
0.905904
0.905904
0.905905
0.905905
0.905905
0.905905
0.905905
0.905905
0.905906
0.905906
0.905906
0.905906
0.905906
0.905907
0.905907
0.905907
0.905907
0.905907
0.905907
0.905908
0.905908
0.905908
0.905908
0.905908
0.905908
0.905909
0.905909
0.905909
0.905909
0.905909
0.905909
0.90591
0.90591
0.90591
0.90591
0.90591
0.90591
0.905911
0.905911
0.905911
0.905911
0.905911
0.905911
0.905912
0.905912
0.905912
0.905912
0.905912
0.905912
0.905913
0.905913
0.905913
0.905913
0.905913
0.905913
0.905914
0.905914
0.905914
0.905914
0.905914
0.905914
0.905915
0.905915
0.905915
0.905915
0.905915
0.905915
0.905916
0.905916
0.905916
0.905916
0.905916
0.905916
0.905917
0.905917
0.905917
0.905917
0.905917
0.905917
0.905918
0.905918
0.905918
0.905918
0.905918
0.905918
0.905919
0.905919
0.905919
0.905919
0.905919
0.905919
0.90592
0.90592
0.90592
0.90592
0.90592
0.90592
0.905921
0.905921
0.905921
0.905921
0.905921
0.905921
0.905921
0.905922
0.905922
0.905922
0.905922
0.905922
0.905922
0.905923
0.905923
0.905923
0.905923
0.905923
0.905923
0.905924
0.905924
0.905924
0.905924
0.905924
0.905924
0.905925
0.905925
0.905925
0.905925
0.905925
0.905925
0.905925
0.905926
0.905926
0.905926
0.905926
0.905926
0.905926
0.905927
0.905927
0.905927
0.905927
0.905927
0.905927
0.905927
0.905928
0.905928
0.905928
0.905928
0.905928
0.905928
0.905929
0.905929
0.905929
0.905929
0.905929
0.905929
0.905929
0.90593
0.90593
0.90593
0.90593
0.90593
0.90593
0.905931
0.905931
0.905931
0.905931
0.905931
0.905931
0.905931
0.905932
0.905932
0.905932
0.905932
0.905932
0.905932
0.905933
0.905933
0.905933
0.905933
0.905933
0.905933
0.905933
0.905934
0.905934
0.905934
0.905934
0.905934
0.905934
0.905934
0.905935
0.905935
0.905935
0.905935
0.905935
0.905935
0.905936
0.905936
0.905936
0.905936
0.905936
0.905936
0.905936
0.905937
0.905937
0.905937
0.905937
0.905937
0.905937
0.905937
0.905938
0.905938
0.905938
0.905938
0.905938
0.905938
0.905938
0.905939
0.905939
0.905939
0.905939
0.905939
0.905939
0.905939
0.90594
0.90594
0.90594
0.90594
0.90594
0.90594
0.905941
0.905941
0.905941
0.905941
0.905941
0.905941
