0.001
0.00511877
0.010132
0.0149692
0.0193546
0.023275
0.0267926
0.0299824
0.0329111
0.0356338
0.0381939
0.0406254
0.0429543
0.0452013
0.0473822
0.0495095
0.051593
0.0536404
0.0556579
0.0576502
0.0596214
0.0615745
0.063512
0.065436
0.0673481
0.0692496
0.0711416
0.073025
0.0749003
0.0767683
0.0786294
0.080484
0.0823324
0.0841748
0.0860114
0.0878425
0.0896681
0.0914885
0.0933036
0.0951136
0.0969186
0.0987186
0.100514
0.102304
0.104089
0.105869
0.107645
0.109416
0.111182
0.112943
0.1147
0.116452
0.118199
0.119942
0.12168
0.123413
0.125142
0.126866
0.128585
0.1303
0.13201
0.133716
0.135417
0.137114
0.138806
0.140494
0.142177
0.143856
0.14553
0.1472
0.148865
0.150526
0.152182
0.153834
0.155482
0.157125
0.158764
0.160398
0.162029
0.163654
0.165276
0.166893
0.168506
0.170114
0.171718
0.173318
0.174914
0.176505
0.178092
0.179675
0.181254
0.182828
0.184398
0.185964
0.187526
0.189084
0.190637
0.192187
0.193732
0.195273
0.19681
0.198343
0.199872
0.201396
0.202917
0.204433
0.205946
0.207454
0.208958
0.210459
0.211955
0.213447
0.214936
0.21642
0.2179
0.219377
0.220849
0.222318
0.223782
0.225243
0.2267
0.228153
0.229601
0.231047
0.232488
0.233925
0.235358
0.236788
0.238214
0.239636
0.241054
0.242468
0.243879
0.245286
0.246689
0.248088
0.249483
0.250875
0.252263
0.253648
0.255028
0.256405
0.257778
0.259148
0.260513
0.261876
0.263234
0.264589
0.26594
0.267288
0.268632
0.269972
0.271309
0.272642
0.273972
0.275298
0.27662
0.277939
0.279254
0.280566
0.281874
0.283179
0.28448
0.285778
0.287072
0.288363
0.289651
0.290935
0.292215
0.293492
0.294765
0.296036
0.297302
0.298566
0.299826
0.301082
0.302335
0.303585
0.304831
0.306075
0.307314
0.308551
0.309784
0.311013
0.31224
0.313463
0.314683
0.315899
0.317113
0.318323
0.319529
0.320733
0.321933
0.32313
0.324324
0.325515
0.326702
0.327886
0.329067
0.330245
0.33142
0.332591
0.33376
0.334925
0.336087
0.337246
0.338402
0.339555
0.340704
0.341851
0.342994
0.344134
0.345272
0.346406
0.347537
0.348665
0.34979
0.350912
0.352031
0.353147
0.35426
0.35537
0.356477
0.357581
0.358682
0.35978
0.360875
0.361967
0.363057
0.364143
0.365226
0.366307
0.367384
0.368459
0.369531
0.370599
0.371665
0.372728
0.373789
0.374846
0.3759
0.376952
0.378001
0.379047
0.38009
0.38113
0.382168
0.383203
0.384235
0.385264
0.38629
0.387314
0.388335
0.389353
0.390368
0.391381
0.39239
0.393398
0.394402
0.395404
0.396403
0.397399
0.398393
0.399384
0.400372
0.401358
0.402341
0.403321
0.404299
0.405274
0.406246
0.407216
0.408183
0.409147
0.410109
0.411069
0.412025
0.41298
0.413931
0.41488
0.415827
0.416771
0.417712
0.418651
0.419587
0.420521
0.421452
0.422381
0.423307
0.424231
0.425152
0.42607
0.426987
0.4279
0.428812
0.429721
0.430627
0.431531
0.432432
0.433331
0.434228
0.435122
0.436014
0.436903
0.43779
0.438675
0.439557
0.440437
0.441314
0.442189
0.443062
0.443932
0.4448
0.445666
0.446529
0.44739
0.448249
0.449105
0.449959
0.450811
0.45166
0.452507
0.453352
0.454195
0.455035
0.455873
0.456709
0.457542
0.458373
0.459202
0.460029
0.460854
0.461676
0.462496
0.463314
0.464129
0.464943
0.465754
0.466563
0.46737
0.468174
0.468977
0.469777
0.470575
0.471371
0.472165
0.472957
0.473746
0.474534
0.475319
0.476102
0.476883
0.477662
0.478439
0.479213
0.479986
0.480757
0.481525
0.482291
0.483056
0.483818
0.484578
0.485336
0.486092
0.486846
0.487598
0.488348
0.489096
0.489842
0.490586
0.491328
0.492068
0.492805
0.493541
0.494275
0.495007
0.495737
0.496465
0.497191
0.497915
0.498637
0.499357
0.500075
0.500791
0.501506
0.502218
0.502928
0.503637
0.504343
0.505048
0.505751
0.506452
0.50715
0.507848
0.508543
0.509236
0.509927
0.510617
0.511305
0.51199
0.512674
0.513357
0.514037
0.514715
0.515392
0.516067
0.516739
0.517411
0.51808
0.518747
0.519413
0.520077
0.520739
0.521399
0.522058
0.522715
0.523369
0.524023
0.524674
0.525324
0.525972
0.526618
0.527262
0.527905
0.528546
0.529185
0.529822
0.530458
0.531092
0.531724
0.532355
0.532984
0.533611
0.534236
0.53486
0.535482
0.536103
0.536721
0.537338
0.537954
0.538567
0.539179
0.53979
0.540399
0.541006
0.541611
0.542215
0.542817
0.543418
0.544016
0.544614
0.545209
0.545804
0.546396
0.546987
0.547576
0.548164
0.54875
0.549334
0.549917
0.550499
0.551078
0.551656
0.552233
0.552808
0.553382
0.553954
0.554524
0.555093
0.55566
0.556226
0.55679
0.557353
0.557914
0.558474
0.559032
0.559589
0.560144
0.560697
0.56125
0.5618
0.562349
0.562897
0.563443
0.563988
0.564531
0.565073
0.565613
0.566152
0.566689
0.567225
0.56776
0.568293
0.568824
0.569355
0.569883
0.570411
0.570936
0.571461
0.571984
0.572505
0.573026
0.573544
0.574062
0.574578
0.575092
0.575605
0.576117
0.576628
0.577137
0.577644
0.57815
0.578655
0.579159
0.579661
0.580162
0.580661
0.581159
0.581656
0.582152
0.582646
0.583138
0.58363
0.58412
0.584608
0.585096
0.585582
0.586067
0.58655
0.587032
0.587513
0.587993
0.588471
0.588948
0.589424
0.589898
0.590371
0.590843
0.591313
0.591783
0.592251
0.592717
0.593183
0.593647
0.59411
0.594571
0.595032
0.595491
0.595949
0.596406
0.596861
0.597315
0.597768
0.59822
0.598671
0.59912
0.599568
0.600015
0.600461
0.600905
0.601348
0.60179
0.602231
0.602671
0.60311
0.603547
0.603983
0.604418
0.604852
0.605284
0.605716
0.606146
0.606575
0.607003
0.60743
0.607855
0.60828
0.608703
0.609125
0.609546
0.609966
0.610385
0.610802
0.611219
0.611634
0.612048
0.612461
0.612873
0.613284
0.613694
0.614103
0.61451
0.614917
0.615322
0.615726
0.616129
0.616531
0.616932
0.617332
0.617731
0.618129
0.618525
0.618921
0.619315
0.619709
0.620101
0.620492
0.620883
0.621272
0.62166
0.622047
0.622433
0.622818
0.623202
0.623585
0.623967
0.624347
0.624727
0.625106
0.625484
0.62586
0.626236
0.626611
0.626984
0.627357
0.627729
0.628099
0.628469
0.628838
0.629205
0.629572
0.629937
0.630302
0.630666
0.631028
0.63139
0.631751
0.632111
0.632469
0.632827
0.633184
0.63354
0.633895
0.634249
0.634601
0.634953
0.635305
0.635655
0.636004
0.636352
0.636699
0.637046
0.637391
0.637735
0.638079
0.638422
0.638763
0.639104
0.639444
0.639783
0.640121
0.640458
0.640794
0.641129
0.641463
0.641797
0.642129
0.642461
0.642792
0.643121
0.64345
0.643778
0.644106
0.644432
0.644757
0.645082
0.645405
0.645728
0.64605
0.646371
0.646691
0.64701
0.647329
0.647646
0.647963
0.648279
0.648594
0.648908
0.649221
0.649534
0.649845
0.650156
0.650466
0.650775
0.651083
0.65139
0.651697
0.652003
0.652307
0.652611
0.652915
0.653217
0.653519
0.653819
0.654119
0.654418
0.654717
0.655014
0.655311
0.655607
0.655902
0.656196
0.65649
0.656783
0.657075
0.657366
0.657656
0.657946
0.658234
0.658522
0.65881
0.659096
0.659382
0.659667
0.659951
0.660234
0.660517
0.660798
0.661079
0.66136
0.661639
0.661918
0.662196
0.662473
0.66275
0.663026
0.663301
0.663575
0.663848
0.664121
0.664393
0.664664
0.664935
0.665205
0.665474
0.665742
0.66601
0.666277
0.666543
0.666809
0.667073
0.667337
0.667601
0.667863
0.668125
0.668386
0.668647
0.668907
0.669166
0.669424
0.669682
0.669939
0.670195
0.670451
0.670706
0.67096
0.671213
0.671466
0.671718
0.67197
0.672221
0.672471
0.67272
0.672969
0.673217
0.673464
0.673711
0.673957
0.674203
0.674447
0.674691
0.674935
0.675178
0.67542
0.675661
0.675902
0.676142
0.676381
0.67662
0.676858
0.677096
0.677333
0.677569
0.677805
0.67804
0.678274
0.678508
0.678741
0.678973
0.679205
0.679436
0.679667
0.679897
0.680126
0.680355
0.680583
0.68081
0.681037
0.681263
0.681489
0.681714
0.681938
0.682162
0.682385
0.682608
0.68283
0.683051
0.683272
0.683492
0.683712
0.683931
0.684149
0.684367
0.684584
0.684801
0.685017
0.685232
0.685447
0.685661
0.685875
0.686088
0.6863
0.686512
0.686724
0.686935
0.687145
0.687355
0.687564
0.687772
0.68798
0.688188
0.688394
0.688601
0.688806
0.689012
0.689216
0.68942
0.689624
0.689827
0.690029
0.690231
0.690432
0.690633
0.690833
0.691033
0.691232
0.691431
0.691629
0.691826
0.692023
0.69222
0.692416
0.692611
0.692806
0.693
0.693194
0.693387
0.69358
0.693772
0.693964
0.694155
0.694346
0.694536
0.694726
0.694915
0.695103
0.695292
0.695479
0.695666
0.695853
0.696039
0.696225
0.69641
0.696594
0.696778
0.696962
0.697145
0.697327
0.69751
0.697691
0.697872
0.698053
0.698233
0.698413
0.698592
0.69877
0.698949
0.699126
0.699303
0.69948
0.699656
0.699832
0.700008
0.700182
0.700357
0.700531
0.700704
0.700877
0.701049
0.701221
0.701393
0.701564
0.701735
0.701905
0.702074
0.702244
0.702412
0.702581
0.702749
0.702916
0.703083
0.703249
0.703415
0.703581
0.703746
0.703911
0.704075
0.704239
0.704402
0.704565
0.704728
0.70489
0.705051
0.705212
0.705373
0.705534
0.705693
0.705853
0.706012
0.70617
0.706328
0.706486
0.706643
0.7068
0.706957
0.707113
0.707268
0.707423
0.707578
0.707732
0.707886
0.70804
0.708193
0.708346
0.708498
0.70865
0.708801
0.708952
0.709103
0.709253
0.709403
0.709552
0.709701
0.709849
0.709998
0.710145
0.710293
0.71044
0.710586
0.710732
0.710878
0.711024
0.711169
0.711313
0.711457
0.711601
0.711745
0.711888
0.71203
0.712172
0.712314
0.712456
0.712597
0.712738
0.712878
0.713018
0.713157
0.713297
0.713435
0.713574
0.713712
0.71385
0.713987
0.714124
0.714261
0.714397
0.714533
0.714668
0.714803
0.714938
0.715072
0.715206
0.71534
0.715473
0.715606
0.715739
0.715871
0.716003
0.716134
0.716265
0.716396
0.716527
0.716657
0.716786
0.716916
0.717045
0.717173
0.717302
0.71743
0.717557
0.717685
0.717812
0.717938
0.718064
0.71819
0.718316
0.718441
0.718566
0.71869
0.718815
0.718939
0.719062
0.719185
0.719308
0.719431
0.719553
0.719675
0.719796
0.719918
0.720038
0.720159
0.720279
0.720399
0.720519
0.720638
0.720757
0.720875
0.720994
0.721112
0.721229
0.721347
0.721464
0.72158
0.721697
0.721813
0.721929
0.722044
0.722159
0.722274
0.722388
0.722503
0.722617
0.72273
0.722843
0.722956
0.723069
0.723181
0.723293
0.723405
0.723517
0.723628
0.723738
0.723849
0.723959
0.724069
0.724179
0.724288
0.724397
0.724506
0.724614
0.724723
0.72483
0.724938
0.725045
0.725152
0.725259
0.725365
0.725471
0.725577
0.725683
0.725788
0.725893
0.725998
0.726102
0.726206
0.72631
0.726414
0.726517
0.72662
0.726723
0.726825
0.726927
0.727029
0.727131
0.727232
0.727333
0.727434
0.727535
0.727635
0.727735
0.727835
0.727934
0.728033
0.728132
0.728231
0.728329
0.728427
0.728525
0.728622
0.72872
0.728817
0.728914
0.72901
0.729106
0.729202
0.729298
0.729394
0.729489
0.729584
0.729678
0.729773
0.729867
0.729961
0.730055
0.730148
0.730241
0.730334
0.730427
0.730519
0.730611
0.730703
0.730795
0.730886
0.730977
0.731068
0.731159
0.731249
0.73134
0.73143
0.731519
0.731609
0.731698
0.731787
0.731876
0.731964
0.732052
0.73214
0.732228
0.732316
0.732403
0.73249
0.732577
0.732663
0.73275
0.732836
0.732922
0.733007
0.733093
0.733178
0.733263
0.733348
0.733432
0.733516
0.733601
0.733684
0.733768
0.733851
0.733934
0.734017
0.7341
0.734182
0.734265
0.734347
0.734428
0.73451
0.734591
0.734673
0.734753
0.734834
0.734915
0.734995
0.735075
0.735155
0.735234
0.735314
0.735393
0.735472
0.735551
0.735629
0.735707
0.735786
0.735863
0.735941
0.736019
0.736096
0.736173
0.73625
0.736326
0.736403
0.736479
0.736555
0.736631
0.736706
0.736782
0.736857
0.736932
0.737007
0.737081
0.737156
0.73723
0.737304
0.737378
0.737451
0.737525
0.737598
0.737671
0.737744
0.737816
0.737889
0.737961
0.738033
0.738105
0.738176
0.738248
0.738319
0.73839
0.738461
0.738531
0.738602
0.738672
0.738742
0.738812
0.738882
0.738951
0.73902
0.73909
0.739159
0.739227
0.739296
0.739364
0.739432
0.7395
0.739568
0.739636
0.739703
0.739771
0.739838
0.739905
0.739971
0.740038
0.740104
0.740171
0.740237
0.740302
0.740368
0.740433
0.740499
0.740564
0.740629
0.740694
0.740758
0.740823
0.740887
0.740951
0.741015
0.741079
0.741142
0.741206
0.741269
0.741332
0.741395
0.741457
0.74152
0.741582
0.741644
0.741706
0.741768
0.74183
0.741891
0.741953
0.742014
0.742075
0.742136
0.742197
0.742257
0.742317
0.742378
0.742438
0.742498
0.742557
0.742617
0.742676
0.742735
0.742794
0.742853
0.742912
0.742971
0.743029
0.743087
0.743145
0.743203
0.743261
0.743319
0.743376
0.743434
0.743491
0.743548
0.743605
0.743661
0.743718
0.743774
0.743831
0.743887
0.743943
0.743998
0.744054
0.74411
0.744165
0.74422
0.744275
0.74433
0.744385
0.744439
0.744494
0.744548
0.744602
0.744656
0.74471
0.744764
0.744817
0.744871
0.744924
0.744977
0.74503
0.745083
0.745136
0.745188
0.745241
0.745293
0.745345
0.745397
0.745449
0.745501
0.745552
0.745604
0.745655
0.745706
0.745757
0.745808
0.745859
0.745909
0.74596
0.74601
0.74606
0.74611
0.74616
0.74621
0.74626
0.746309
0.746359
0.746408
0.746457
0.746506
0.746555
0.746604
0.746652
0.746701
0.746749
0.746797
0.746845
0.746893
0.746941
0.746989
0.747036
0.747083
0.747131
0.747178
0.747225
0.747272
0.747319
0.747365
0.747412
0.747458
0.747504
0.747551
0.747597
0.747643
0.747688
0.747734
0.747779
0.747825
0.74787
0.747915
0.74796
0.748005
0.74805
0.748095
0.748139
0.748184
0.748228
0.748272
0.748316
0.74836
0.748404
0.748448
0.748491
0.748535
0.748578
0.748621
0.748664
0.748707
0.74875
0.748793
0.748836
0.748878
0.748921
0.748963
0.749005
0.749047
0.749089
0.749131
0.749173
0.749214
0.749256
0.749297
0.749339
0.74938
0.749421
0.749462
0.749503
0.749543
0.749584
0.749624
0.749665
0.749705
0.749745
0.749785
0.749825
0.749865
0.749905
0.749945
0.749984
0.750024
0.750063
0.750102
0.750141
0.75018
0.750219
0.750258
0.750297
0.750335
0.750374
0.750412
0.75045
0.750488
0.750526
0.750564
0.750602
0.75064
0.750678
0.750715
0.750753
0.75079
0.750827
0.750864
0.750901
0.750938
0.750975
0.751012
0.751049
0.751085
0.751121
0.751158
0.751194
0.75123
0.751266
0.751302
0.751338
0.751374
0.751409
0.751445
0.751481
0.751516
0.751551
0.751586
0.751621
0.751656
0.751691
0.751726
0.751761
0.751795
0.75183
0.751864
0.751899
0.751933
0.751967
0.752001
0.752035
0.752069
0.752103
0.752136
0.75217
0.752203
0.752237
0.75227
0.752303
0.752337
0.75237
0.752403
0.752435
0.752468
0.752501
0.752534
0.752566
0.752598
0.752631
0.752663
0.752695
0.752727
0.752759
0.752791
0.752823
0.752855
0.752886
0.752918
0.752949
0.752981
0.753012
0.753043
0.753075
0.753106
0.753137
0.753167
0.753198
0.753229
0.75326
0.75329
0.753321
0.753351
0.753381
0.753411
0.753442
0.753472
0.753502
0.753532
0.753561
0.753591
0.753621
0.75365
0.75368
0.753709
0.753739
0.753768
0.753797
0.753826
0.753855
0.753884
0.753913
0.753942
0.75397
0.753999
0.754028
0.754056
0.754084
0.754113
0.754141
0.754169
0.754197
0.754225
0.754253
0.754281
0.754309
0.754336
0.754364
0.754392
0.754419
0.754447
0.754474
0.754501
0.754528
0.754555
0.754582
0.754609
0.754636
0.754663
0.75469
0.754717
0.754743
0.75477
0.754796
0.754823
0.754849
0.754875
0.754901
0.754927
0.754953
0.754979
0.755005
0.755031
0.755057
0.755083
0.755108
0.755134
0.755159
0.755185
0.75521
0.755235
0.75526
0.755285
0.755311
0.755336
0.75536
0.755385
0.75541
0.755435
0.755459
0.755484
0.755509
0.755533
0.755557
0.755582
0.755606
0.75563
0.755654
0.755678
0.755702
0.755726
0.75575
0.755774
0.755798
0.755821
0.755845
0.755869
0.755892
0.755915
0.755939
0.755962
0.755985
0.756008
0.756032
0.756055
0.756078
0.7561
0.756123
0.756146
0.756169
0.756192
0.756214
0.756237
0.756259
0.756282
0.756304
0.756326
0.756348
0.756371
0.756393
0.756415
0.756437
0.756459
0.756481
0.756503
0.756524
0.756546
0.756568
0.756589
0.756611
0.756632
0.756654
0.756675
0.756696
0.756718
0.756739
0.75676
0.756781
0.756802
0.756823
0.756844
0.756865
0.756885
0.756906
0.756927
0.756947
0.756968
0.756988
0.757009
0.757029
0.75705
0.75707
0.75709
0.75711
0.75713
0.75715
0.75717
0.75719
0.75721
0.75723
0.75725
0.75727
0.757289
0.757309
0.757329
0.757348
0.757368
0.757387
0.757406
0.757426
0.757445
0.757464
0.757483
0.757502
0.757521
0.75754
0.757559
0.757578
0.757597
0.757616
0.757635
0.757653
0.757672
0.757691
0.757709
0.757728
0.757746
0.757765
0.757783
0.757801
0.757819
0.757838
0.757856
0.757874
0.757892
0.75791
0.757928
0.757946
0.757964
0.757981
0.757999
0.758017
0.758035
0.758052
0.75807
0.758087
0.758105
0.758122
0.758139
0.758157
0.758174
0.758191
0.758209
0.758226
0.758243
0.75826
0.758277
0.758294
0.758311
0.758328
0.758344
0.758361
0.758378
0.758395
0.758411
0.758428
0.758444
0.758461
0.758477
0.758494
0.75851
0.758526
0.758543
0.758559
0.758575
0.758591
0.758607
0.758623
0.758639
0.758655
0.758671
0.758687
0.758703
0.758719
0.758735
0.75875
0.758766
0.758782
0.758797
0.758813
0.758828
0.758844
0.758859
0.758875
0.75889
0.758905
0.75892
0.758936
0.758951
0.758966
0.758981
0.758996
0.759011
0.759026
0.759041
0.759056
0.759071
0.759086
0.7591
0.759115
0.75913
0.759144
0.759159
0.759173
0.759188
0.759203
0.759217
0.759231
0.759246
0.75926
0.759274
0.759289
0.759303
0.759317
0.759331
0.759345
0.759359
0.759373
0.759387
0.759401
0.759415
0.759429
0.759443
0.759457
0.75947
0.759484
0.759498
0.759511
0.759525
0.759539
0.759552
0.759566
0.759579
0.759593
0.759606
0.759619
0.759633
0.759646
0.759659
0.759672
0.759686
0.759699
0.759712
0.759725
0.759738
0.759751
0.759764
0.759777
0.75979
0.759803
0.759815
0.759828
0.759841
0.759854
0.759866
0.759879
0.759892
0.759904
0.759917
0.759929
0.759942
0.759954
0.759967
0.759979
0.759991
0.760004
0.760016
0.760028
0.76004
0.760053
0.760065
0.760077
0.760089
0.760101
0.760113
0.760125
0.760137
0.760149
0.760161
0.760172
0.760184
0.760196
0.760208
0.76022
0.760231
0.760243
0.760255
0.760266
0.760278
0.760289
0.760301
0.760312
0.760324
0.760335
0.760346
0.760358
0.760369
0.76038
0.760392
0.760403
0.760414
0.760425
0.760436
0.760448
0.760459
0.76047
0.760481
0.760492
0.760503
0.760514
0.760524
0.760535
0.760546
0.760557
0.760568
0.760578
0.760589
0.7606
0.760611
0.760621
0.760632
0.760642
0.760653
0.760663
0.760674
0.760684
0.760695
0.760705
0.760716
0.760726
0.760736
0.760747
0.760757
0.760767
0.760777
0.760787
0.760798
0.760808
0.760818
0.760828
0.760838
0.760848
0.760858
0.760868
0.760878
0.760888
0.760898
0.760907
0.760917
0.760927
0.760937
0.760947
0.760956
0.760966
0.760976
0.760985
0.760995
0.761005
0.761014
0.761024
0.761033
0.761043
0.761052
0.761062
0.761071
0.76108
0.76109
0.761099
0.761108
0.761118
0.761127
0.761136
0.761145
0.761155
0.761164
0.761173
0.761182
0.761191
0.7612
0.761209
0.761218
0.761227
0.761236
0.761245
0.761254
0.761263
0.761272
0.761281
0.761289
0.761298
0.761307
0.761316
0.761324
0.761333
0.761342
0.76135
0.761359
0.761368
0.761376
0.761385
0.761393
0.761402
0.76141
0.761419
0.761427
0.761436
0.761444
0.761452
0.761461
0.761469
0.761477
0.761486
0.761494
0.761502
0.76151
0.761519
0.761527
0.761535
0.761543
0.761551
0.761559
0.761567
0.761575
0.761583
0.761591
0.761599
0.761607
0.761615
0.761623
0.761631
0.761639
0.761647
0.761655
0.761662
0.76167
0.761678
0.761686
0.761693
0.761701
0.761709
0.761716
0.761724
0.761732
0.761739
0.761747
0.761754
0.761762
0.761769
0.761777
0.761784
0.761792
0.761799
0.761807
0.761814
0.761821
0.761829
0.761836
0.761843
0.761851
0.761858
0.761865
0.761873
0.76188
0.761887
0.761894
0.761901
0.761908
0.761916
0.761923
0.76193
0.761937
0.761944
0.761951
0.761958
0.761965
0.761972
0.761979
0.761986
0.761993
0.761999
0.762006
0.762013
0.76202
0.762027
0.762034
0.76204
0.762047
0.762054
0.762061
0.762067
0.762074
0.762081
0.762087
0.762094
0.762101
0.762107
0.762114
0.76212
0.762127
0.762133
0.76214
0.762146
0.762153
0.762159
0.762166
0.762172
0.762179
0.762185
0.762191
0.762198
0.762204
0.76221
0.762217
0.762223
0.762229
0.762235
0.762242
0.762248
0.762254
0.76226
0.762266
0.762273
0.762279
0.762285
0.762291
0.762297
0.762303
0.762309
0.762315
0.762321
0.762327
0.762333
0.762339
0.762345
0.762351
0.762357
0.762363
0.762369
0.762375
0.76238
0.762386
0.762392
0.762398
0.762404
0.762409
0.762415
0.762421
0.762427
0.762432
0.762438
0.762444
0.762449
0.762455
0.762461
0.762466
0.762472
0.762478
0.762483
0.762489
0.762494
0.7625
0.762505
0.762511
0.762516
0.762522
0.762527
0.762533
0.762538
0.762543
0.762549
0.762554
0.76256
0.762565
0.76257
0.762576
0.762581
0.762586
0.762591
0.762597
0.762602
0.762607
0.762612
0.762618
0.762623
0.762628
0.762633
0.762638
0.762643
0.762649
0.762654
0.762659
0.762664
0.762669
0.762674
0.762679
0.762684
0.762689
0.762694
0.762699
0.762704
0.762709
0.762714
0.762719
0.762724
0.762729
0.762734
0.762739
0.762743
0.762748
0.762753
0.762758
0.762763
0.762768
0.762772
0.762777
0.762782
0.762787
0.762791
0.762796
0.762801
0.762806
0.76281
0.762815
0.76282
0.762824
0.762829
0.762833
0.762838
0.762843
0.762847
0.762852
0.762856
0.762861
0.762865
0.76287
0.762874
0.762879
0.762883
0.762888
0.762892
0.762897
0.762901
0.762906
0.76291
0.762915
0.762919
0.762923
0.762928
0.762932
0.762936
0.762941
0.762945
0.762949
0.762954
0.762958
0.762962
0.762966
0.762971
0.762975
0.762979
0.762983
0.762988
0.762992
0.762996
0.763
0.763004
0.763008
0.763013
0.763017
0.763021
0.763025
0.763029
0.763033
0.763037
0.763041
0.763045
0.763049
0.763053
0.763057
0.763061
0.763065
0.763069
0.763073
0.763077
0.763081
0.763085
0.763089
0.763093
0.763097
0.763101
0.763105
0.763109
0.763112
0.763116
0.76312
0.763124
0.763128
0.763132
0.763135
0.763139
0.763143
0.763147
0.763151
0.763154
0.763158
0.763162
0.763165
0.763169
0.763173
0.763177
0.76318
0.763184
0.763188
0.763191
0.763195
0.763199
0.763202
0.763206
0.763209
0.763213
0.763217
0.76322
0.763224
0.763227
0.763231
0.763234
0.763238
0.763241
0.763245
0.763248
0.763252
0.763255
0.763259
0.763262
0.763266
0.763269
0.763273
0.763276
0.763279
0.763283
0.763286
0.76329
0.763293
0.763296
0.7633
0.763303
0.763306
0.76331
0.763313
0.763316
0.76332
0.763323
0.763326
0.763329
0.763333
0.763336
0.763339
0.763342
0.763346
0.763349
0.763352
0.763355
0.763359
0.763362
0.763365
0.763368
0.763371
0.763374
0.763378
0.763381
0.763384
0.763387
0.76339
0.763393
0.763396
0.763399
0.763402
0.763405
0.763409
0.763412
0.763415
0.763418
0.763421
0.763424
0.763427
0.76343
0.763433
0.763436
0.763439
0.763442
0.763445
0.763448
0.763451
0.763453
0.763456
0.763459
0.763462
0.763465
0.763468
0.763471
0.763474
0.763477
0.76348
0.763482
0.763485
0.763488
0.763491
0.763494
0.763497
0.763499
0.763502
0.763505
0.763508
0.763511
0.763513
0.763516
0.763519
0.763522
0.763524
0.763527
0.76353
0.763533
0.763535
0.763538
0.763541
0.763543
0.763546
0.763549
0.763551
0.763554
0.763557
0.763559
0.763562
0.763565
0.763567
0.76357
0.763573
0.763575
0.763578
0.76358
0.763583
0.763586
0.763588
0.763591
0.763593
0.763596
0.763598
0.763601
0.763603
0.763606
0.763608
0.763611
0.763613
0.763616
0.763618
0.763621
0.763623
0.763626
0.763628
0.763631
0.763633
0.763636
0.763638
0.763641
0.763643
0.763645
0.763648
0.76365
0.763653
0.763655
0.763657
0.76366
0.763662
0.763665
0.763667
0.763669
0.763672
0.763674
0.763676
0.763679
0.763681
0.763683
0.763686
0.763688
0.76369
0.763692
0.763695
0.763697
0.763699
0.763702
0.763704
0.763706
0.763708
0.76371
0.763713
0.763715
0.763717
0.763719
0.763722
0.763724
0.763726
0.763728
0.76373
0.763733
0.763735
0.763737
0.763739
0.763741
0.763743
0.763746
0.763748
0.76375
0.763752
0.763754
0.763756
0.763758
0.76376
0.763762
0.763765
0.763767
0.763769
0.763771
0.763773
0.763775
0.763777
0.763779
0.763781
0.763783
0.763785
0.763787
0.763789
0.763791
0.763793
0.763795
0.763797
0.763799
0.763801
0.763803
0.763805
0.763807
0.763809
0.763811
0.763813
0.763815
0.763817
0.763819
0.763821
0.763823
0.763825
0.763827
0.763829
0.763831
0.763832
0.763834
0.763836
0.763838
0.76384
0.763842
0.763844
0.763846
0.763848
0.763849
0.763851
0.763853
0.763855
0.763857
0.763859
0.763861
0.763862
0.763864
0.763866
0.763868
0.76387
0.763871
0.763873
0.763875
0.763877
0.763879
0.76388
0.763882
0.763884
0.763886
0.763887
0.763889
0.763891
0.763893
0.763894
0.763896
0.763898
0.7639
0.763901
0.763903
0.763905
0.763906
0.763908
0.76391
0.763912
0.763913
0.763915
0.763917
0.763918
0.76392
0.763922
0.763923
0.763925
0.763927
0.763928
0.76393
0.763932
0.763933
0.763935
0.763936
0.763938
0.76394
0.763941
0.763943
0.763945
0.763946
0.763948
0.763949
0.763951
0.763952
0.763954
0.763956
0.763957
0.763959
0.76396
0.763962
0.763963
0.763965
0.763967
0.763968
0.76397
0.763971
0.763973
0.763974
0.763976
0.763977
0.763979
0.76398
0.763982
0.763983
0.763985
0.763986
0.763988
0.763989
0.763991
0.763992
0.763994
0.763995
0.763997
0.763998
0.763999
0.764001
0.764002
0.764004
0.764005
0.764007
0.764008
0.76401
0.764011
0.764012
0.764014
0.764015
0.764017
0.764018
0.764019
0.764021
0.764022
0.764024
0.764025
0.764026
0.764028
0.764029
0.764031
0.764032
0.764033
0.764035
0.764036
0.764037
0.764039
0.76404
0.764041
0.764043
0.764044
0.764045
0.764047
0.764048
0.764049
0.764051
0.764052
0.764053
0.764055
0.764056
0.764057
0.764058
0.76406
0.764061
0.764062
0.764064
0.764065
0.764066
0.764067
0.764069
0.76407
0.764071
0.764072
0.764074
0.764075
0.764076
0.764077
0.764079
0.76408
0.764081
0.764082
0.764084
0.764085
0.764086
0.764087
0.764089
0.76409
0.764091
0.764092
0.764093
0.764095
0.764096
0.764097
0.764098
0.764099
0.7641
0.764102
0.764103
0.764104
0.764105
0.764106
0.764108
0.764109
0.76411
0.764111
0.764112
0.764113
0.764114
0.764116
0.764117
0.764118
0.764119
0.76412
0.764121
0.764122
0.764123
0.764125
0.764126
0.764127
0.764128
0.764129
0.76413
0.764131
0.764132
0.764133
0.764134
0.764136
0.764137
0.764138
0.764139
0.76414
0.764141
0.764142
0.764143
0.764144
0.764145
0.764146
0.764147
0.764148
0.764149
0.76415
0.764151
0.764153
0.764154
0.764155
0.764156
0.764157
0.764158
0.764159
0.76416
0.764161
0.764162
0.764163
0.764164
0.764165
0.764166
0.764167
0.764168
0.764169
0.76417
0.764171
0.764172
0.764173
0.764174
0.764175
0.764176
0.764177
0.764178
0.764179
0.76418
0.764181
0.764181
0.764182
0.764183
0.764184
0.764185
0.764186
0.764187
0.764188
0.764189
0.76419
0.764191
0.764192
0.764193
0.764194
0.764195
0.764196
0.764197
0.764197
0.764198
0.764199
0.7642
0.764201
0.764202
0.764203
0.764204
0.764205
0.764206
0.764206
0.764207
0.764208
0.764209
0.76421
0.764211
0.764212
0.764213
0.764214
0.764214
0.764215
0.764216
0.764217
0.764218
0.764219
0.76422
0.76422
0.764221
0.764222
0.764223
0.764224
0.764225
0.764226
0.764226
0.764227
0.764228
0.764229
0.76423
0.764231
0.764231
0.764232
0.764233
0.764234
0.764235
0.764235
0.764236
0.764237
0.764238
0.764239
0.764239
0.76424
0.764241
0.764242
0.764243
0.764243
0.764244
0.764245
0.764246
0.764247
0.764247
0.764248
0.764249
0.76425
0.764251
0.764251
0.764252
0.764253
0.764254
0.764254
0.764255
0.764256
0.764257
0.764257
0.764258
0.764259
0.76426
0.76426
0.764261
0.764262
0.764263
0.764263
0.764264
0.764265
0.764266
0.764266
0.764267
0.764268
0.764268
0.764269
0.76427
0.764271
0.764271
0.764272
0.764273
0.764273
0.764274
0.764275
0.764276
0.764276
0.764277
0.764278
0.764278
0.764279
0.76428
0.76428
0.764281
0.764282
0.764283
0.764283
0.764284
0.764285
0.764285
0.764286
0.764287
0.764287
0.764288
0.764289
0.764289
0.76429
0.764291
0.764291
0.764292
0.764293
0.764293
0.764294
0.764295
0.764295
0.764296
0.764297
0.764297
0.764298
0.764298
0.764299
0.7643
0.7643
0.764301
0.764302
0.764302
0.764303
0.764304
0.764304
0.764305
0.764305
0.764306
0.764307
0.764307
0.764308
0.764309
0.764309
0.76431
0.76431
0.764311
0.764312
0.764312
0.764313
0.764313
0.764314
0.764315
0.764315
0.764316
0.764316
0.764317
0.764318
0.764318
0.764319
0.764319
0.76432
0.764321
0.764321
0.764322
0.764322
0.764323
0.764323
0.764324
0.764325
0.764325
0.764326
0.764326
0.764327
0.764327
0.764328
0.764329
0.764329
0.76433
0.76433
0.764331
0.764331
0.764332
0.764332
0.764333
0.764334
0.764334
0.764335
0.764335
0.764336
0.764336
0.764337
0.764337
0.764338
0.764338
0.764339
0.764339
0.76434
0.76434
0.764341
0.764342
0.764342
0.764343
0.764343
0.764344
0.764344
0.764345
0.764345
0.764346
0.764346
0.764347
0.764347
0.764348
0.764348
0.764349
0.764349
0.76435
0.76435
0.764351
0.764351
0.764352
0.764352
0.764353
0.764353
0.764354
0.764354
0.764355
0.764355
0.764356
0.764356
0.764357
0.764357
0.764358
0.764358
0.764359
0.764359
0.76436
0.76436
0.764361
0.764361
0.764361
0.764362
0.764362
0.764363
0.764363
0.764364
0.764364
0.764365
0.764365
0.764366
0.764366
0.764367
0.764367
0.764367
0.764368
0.764368
0.764369
0.764369
0.76437
0.76437
0.764371
0.764371
0.764372
0.764372
0.764372
0.764373
0.764373
0.764374
0.764374
0.764375
0.764375
0.764375
0.764376
0.764376
0.764377
0.764377
0.764378
0.764378
0.764378
0.764379
0.764379
0.76438
0.76438
0.764381
0.764381
0.764381
0.764382
0.764382
0.764383
0.764383
0.764384
0.764384
0.764384
0.764385
0.764385
0.764386
0.764386
0.764386
0.764387
0.764387
0.764388
0.764388
0.764388
0.764389
0.764389
0.76439
0.76439
0.76439
0.764391
0.764391
0.764392
0.764392
0.764392
0.764393
0.764393
0.764393
0.764394
0.764394
0.764395
0.764395
0.764395
0.764396
0.764396
0.764397
0.764397
0.764397
0.764398
0.764398
0.764398
0.764399
0.764399
0.764399
0.7644
0.7644
0.764401
0.764401
0.764401
0.764402
0.764402
0.764402
0.764403
0.764403
0.764403
0.764404
0.764404
0.764405
0.764405
0.764405
0.764406
0.764406
0.764406
0.764407
0.764407
0.764407
0.764408
0.764408
0.764408
0.764409
0.764409
0.764409
0.76441
0.76441
0.76441
0.764411
0.764411
0.764411
0.764412
0.764412
0.764412
0.764413
0.764413
0.764413
0.764414
0.764414
0.764414
0.764415
0.764415
0.764415
0.764416
0.764416
0.764416
0.764417
0.764417
0.764417
0.764418
0.764418
0.764418
0.764419
0.764419
0.764419
0.76442
0.76442
0.76442
0.764421
0.764421
0.764421
0.764421
0.764422
0.764422
0.764422
0.764423
0.764423
0.764423
0.764424
0.764424
0.764424
0.764424
0.764425
0.764425
0.764425
0.764426
0.764426
0.764426
0.764427
0.764427
0.764427
0.764427
0.764428
0.764428
0.764428
0.764429
0.764429
0.764429
0.764429
0.76443
0.76443
0.76443
0.764431
0.764431
0.764431
0.764431
0.764432
0.764432
0.764432
0.764433
0.764433
0.764433
0.764433
0.764434
0.764434
0.764434
0.764435
0.764435
0.764435
0.764435
0.764436
0.764436
0.764436
0.764436
0.764437
0.764437
0.764437
0.764437
0.764438
0.764438
0.764438
0.764439
0.764439
0.764439
0.764439
0.76444
0.76444
0.76444
0.76444
0.764441
0.764441
0.764441
0.764441
0.764442
0.764442
0.764442
0.764442
0.764443
0.764443
0.764443
0.764443
0.764444
0.764444
0.764444
0.764444
0.764445
0.764445
0.764445
0.764445
0.764446
0.764446
0.764446
0.764446
0.764447
0.764447
0.764447
0.764447
0.764448
0.764448
0.764448
0.764448
0.764448
0.764449
0.764449
0.764449
0.764449
0.76445
0.76445
0.76445
0.76445
0.764451
0.764451
0.764451
0.764451
0.764451
0.764452
0.764452
0.764452
0.764452
0.764453
0.764453
0.764453
0.764453
0.764454
0.764454
0.764454
0.764454
0.764454
0.764455
0.764455
0.764455
0.764455
0.764455
0.764456
0.764456
0.764456
0.764456
0.764457
0.764457
0.764457
0.764457
0.764457
0.764458
0.764458
0.764458
0.764458
0.764458
0.764459
0.764459
0.764459
0.764459
0.764459
0.76446
0.76446
0.76446
0.76446
0.764461
0.764461
0.764461
0.764461
0.764461
0.764462
0.764462
0.764462
0.764462
0.764462
0.764463
0.764463
0.764463
0.764463
0.764463
0.764463
0.764464
0.764464
0.764464
0.764464
0.764464
0.764465
0.764465
0.764465
0.764465
0.764465
0.764466
0.764466
0.764466
0.764466
0.764466
0.764467
0.764467
0.764467
0.764467
0.764467
0.764467
0.764468
0.764468
0.764468
0.764468
0.764468
0.764469
0.764469
0.764469
0.764469
0.764469
0.764469
0.76447
0.76447
0.76447
0.76447
0.76447
0.764471
0.764471
0.764471
0.764471
0.764471
0.764471
0.764472
0.764472
0.764472
0.764472
0.764472
0.764472
0.764473
0.764473
0.764473
0.764473
0.764473
0.764473
0.764474
0.764474
0.764474
0.764474
0.764474
0.764474
0.764475
0.764475
0.764475
0.764475
0.764475
0.764475
0.764476
0.764476
0.764476
0.764476
0.764476
0.764476
0.764477
0.764477
0.764477
0.764477
0.764477
0.764477
0.764477
0.764478
0.764478
0.764478
0.764478
0.764478
0.764478
0.764479
0.764479
0.764479
0.764479
0.764479
0.764479
0.764479
0.76448
0.76448
0.76448
0.76448
0.76448
0.76448
0.764481
0.764481
0.764481
0.764481
0.764481
0.764481
0.764481
0.764482
0.764482
0.764482
0.764482
0.764482
0.764482
0.764482
0.764483
0.764483
0.764483
0.764483
0.764483
0.764483
0.764483
0.764484
0.764484
0.764484
0.764484
0.764484
0.764484
0.764484
0.764485
0.764485
0.764485
0.764485
0.764485
0.764485
0.764485
0.764486
0.764486
0.764486
0.764486
0.764486
0.764486
0.764486
0.764486
0.764487
0.764487
0.764487
0.764487
0.764487
0.764487
0.764487
0.764487
0.764488
0.764488
0.764488
0.764488
0.764488
0.764488
0.764488
0.764489
0.764489
0.764489
0.764489
0.764489
0.764489
0.764489
0.764489
0.76449
0.76449
0.76449
0.76449
0.76449
0.76449
0.76449
0.76449
0.76449
0.764491
0.764491
0.764491
0.764491
0.764491
0.764491
0.764491
0.764491
0.764492
0.764492
0.764492
0.764492
0.764492
0.764492
0.764492
0.764492
0.764493
0.764493
0.764493
0.764493
0.764493
0.764493
0.764493
0.764493
0.764493
0.764494
0.764494
0.764494
0.764494
0.764494
0.764494
0.764494
0.764494
0.764494
0.764495
0.764495
0.764495
0.764495
0.764495
0.764495
0.764495
0.764495
0.764495
0.764496
0.764496
0.764496
0.764496
0.764496
0.764496
0.764496
0.764496
0.764496
0.764496
0.764497
0.764497
0.764497
0.764497
0.764497
0.764497
0.764497
0.764497
0.764497
0.764498
0.764498
0.764498
0.764498
0.764498
0.764498
0.764498
0.764498
0.764498
0.764498
0.764499
0.764499
0.764499
0.764499
0.764499
0.764499
0.764499
0.764499
0.764499
0.764499
0.7645
0.7645
0.7645
0.7645
0.7645
0.7645
0.7645
0.7645
0.7645
0.7645
0.7645
0.764501
0.764501
0.764501
0.764501
0.764501
0.764501
0.764501
0.764501
0.764501
0.764501
0.764501
0.764502
0.764502
0.764502
0.764502
0.764502
0.764502
0.764502
0.764502
0.764502
0.764502
0.764502
0.764503
0.764503
0.764503
0.764503
0.764503
0.764503
0.764503
0.764503
0.764503
0.764503
0.764503
0.764504
0.764504
0.764504
0.764504
0.764504
0.764504
0.764504
0.764504
0.764504
0.764504
0.764504
0.764504
0.764505
0.764505
0.764505
0.764505
0.764505
0.764505
0.764505
0.764505
0.764505
0.764505
0.764505
0.764505
0.764506
0.764506
0.764506
0.764506
0.764506
0.764506
0.764506
0.764506
0.764506
0.764506
0.764506
0.764506
0.764506
0.764507
0.764507
0.764507
0.764507
0.764507
0.764507
0.764507
0.764507
0.764507
0.764507
0.764507
0.764507
0.764507
0.764508
0.764508
0.764508
0.764508
0.764508
0.764508
0.764508
0.764508
0.764508
0.764508
0.764508
0.764508
0.764508
0.764509
0.764509
0.764509
0.764509
0.764509
0.764509
0.764509
0.764509
0.764509
0.764509
0.764509
0.764509
0.764509
0.764509
0.76451
0.76451
0.76451
0.76451
0.76451
0.76451
0.76451
0.76451
0.76451
0.76451
0.76451
0.76451
0.76451
0.76451
0.76451
0.764511
0.764511
0.764511
0.764511
0.764511
0.764511
0.764511
0.764511
0.764511
0.764511
0.764511
0.764511
0.764511
0.764511
0.764511
0.764512
0.764512
0.764512
0.764512
0.764512
0.764512
0.764512
0.764512
0.764512
0.764512
0.764512
0.764512
0.764512
0.764512
0.764512
0.764512
0.764513
0.764513
0.764513
0.764513
0.764513
0.764513
0.764513
0.764513
0.764513
0.764513
0.764513
0.764513
0.764513
0.764513
0.764513
0.764513
0.764514
0.764514
0.764514
0.764514
0.764514
0.764514
0.764514
0.764514
0.764514
0.764514
0.764514
0.764514
0.764514
0.764514
0.764514
0.764514
0.764514
0.764514
0.764515
0.764515
0.764515
0.764515
0.764515
0.764515
0.764515
0.764515
0.764515
0.764515
0.764515
0.764515
0.764515
0.764515
0.764515
0.764515
0.764515
0.764515
0.764516
0.764516
0.764516
0.764516
0.764516
0.764516
0.764516
0.764516
0.764516
0.764516
0.764516
0.764516
0.764516
0.764516
0.764516
0.764516
0.764516
0.764516
0.764516
0.764517
0.764517
0.764517
0.764517
0.764517
0.764517
0.764517
0.764517
0.764517
0.764517
0.764517
0.764517
0.764517
0.764517
0.764517
0.764517
0.764517
0.764517
0.764517
0.764517
0.764518
0.764518
0.764518
0.764518
0.764518
0.764518
0.764518
0.764518
0.764518
0.764518
0.764518
0.764518
0.764518
0.764518
0.764518
0.764518
0.764518
0.764518
0.764518
0.764518
0.764518
0.764518
0.764519
0.764519
0.764519
0.764519
0.764519
0.764519
0.764519
0.764519
0.764519
0.764519
0.764519
0.764519
0.764519
0.764519
0.764519
0.764519
0.764519
0.764519
0.764519
0.764519
0.764519
0.764519
0.76452
0.76452
0.76452
0.76452
0.76452
0.76452
0.76452
0.76452
0.76452
0.76452
0.76452
0.76452
0.76452
0.76452
0.76452
0.76452
0.76452
0.76452
0.76452
0.76452
0.76452
0.76452
0.76452
0.76452
0.76452
0.764521
0.764521
0.764521
0.764521
0.764521
0.764521
0.764521
0.764521
0.764521
0.764521
0.764521
0.764521
0.764521
0.764521
0.764521
0.764521
0.764521
0.764521
0.764521
0.764521
0.764521
0.764521
0.764521
0.764521
0.764521
0.764522
0.764522
0.764522
0.764522
0.764522
0.764522
0.764522
0.764522
0.764522
0.764522
0.764522
0.764522
0.764522
0.764522
0.764522
0.764522
0.764522
0.764522
0.764522
0.764522
0.764522
0.764522
0.764522
0.764522
0.764522
0.764522
0.764522
0.764522
0.764523
0.764523
0.764523
0.764523
0.764523
0.764523
0.764523
0.764523
0.764523
0.764523
0.764523
0.764523
0.764523
0.764523
0.764523
0.764523
0.764523
0.764523
0.764523
0.764523
0.764523
0.764523
0.764523
0.764523
0.764523
0.764523
0.764523
0.764523
0.764523
0.764523
0.764524
0.764524
0.764524
0.764524
0.764524
0.764524
0.764524
0.764524
0.764524
0.764524
0.764524
0.764524
0.764524
0.764524
0.764524
0.764524
0.764524
0.764524
0.764524
0.764524
0.764524
0.764524
0.764524
0.764524
0.764524
0.764524
0.764524
0.764524
0.764524
0.764524
0.764524
0.764524
0.764524
0.764525
0.764525
0.764525
0.764525
0.764525
0.764525
0.764525
0.764525
0.764525
0.764525
0.764525
0.764525
0.764525
0.764525
0.764525
0.764525
0.764525
0.764525
0.764525
0.764525
0.764525
0.764525
0.764525
0.764525
0.764525
0.764525
0.764525
0.764525
0.764525
0.764525
0.764525
0.764525
0.764525
0.764525
0.764525
0.764525
0.764526
0.764526
0.764526
0.764526
0.764526
0.764526
0.764526
0.764526
0.764526
0.764526
0.764526
0.764526
0.764526
0.764526
0.764526
0.764526
0.764526
0.764526
0.764526
0.764526
0.764526
0.764526
0.764526
0.764526
0.764526
0.764526
0.764526
0.764526
0.764526
0.764526
0.764526
0.764526
0.764526
0.764526
0.764526
0.764526
0.764526
0.764526
0.764526
0.764526
0.764527
0.764527
0.764527
0.764527
0.764527
0.764527
0.764527
0.764527
0.764527
0.764527
0.764527
0.764527
0.764527
0.764527
0.764527
0.764527
0.764527
0.764527
0.764527
0.764527
0.764527
0.764527
0.764527
0.764527
0.764527
0.764527
0.764527
0.764527
0.764527
0.764527
0.764527
0.764527
0.764527
0.764527
0.764527
0.764527
0.764527
0.764527
0.764527
0.764527
0.764527
0.764527
0.764527
0.764527
0.764527
0.764528
0.764528
0.764528
0.764528
0.764528
0.764528
0.764528
0.764528
0.764528
0.764528
0.764528
0.764528
0.764528
0.764528
0.764528
0.764528
0.764528
0.764528
0.764528
0.764528
0.764528
0.764528
0.764528
0.764528
0.764528
0.764528
0.764528
0.764528
0.764528
0.764528
0.764528
0.764528
0.764528
0.764528
0.764528
0.764528
0.764528
0.764528
0.764528
0.764528
0.764528
0.764528
0.764528
0.764528
0.764528
0.764528
0.764528
0.764528
0.764528
0.764528
0.764529
0.764529
0.764529
0.764529
0.764529
0.764529
0.764529
0.764529
0.764529
0.764529
0.764529
0.764529
0.764529
0.764529
0.764529
0.764529
0.764529
0.764529
0.764529
0.764529
0.764529
0.764529
0.764529
0.764529
0.764529
0.764529
0.764529
0.764529
0.764529
0.764529
0.764529
0.764529
0.764529
0.764529
0.764529
0.764529
0.764529
0.764529
0.764529
0.764529
0.764529
0.764529
0.764529
0.764529
0.764529
0.764529
0.764529
0.764529
0.764529
0.764529
0.764529
0.764529
0.764529
0.764529
0.764529
0.764529
0.764529
0.764529
0.764529
0.76453
0.76453
0.76453
0.76453
0.76453
0.76453
0.76453
0.76453
0.76453
0.76453
0.76453
0.76453
0.76453
0.76453
0.76453
0.76453
0.76453
0.76453
0.76453
0.76453
0.76453
0.76453
0.76453
0.76453
0.76453
0.76453
0.76453
0.76453
0.76453
0.76453
0.76453
0.76453
0.76453
0.76453
0.76453
0.76453
0.76453
0.76453
0.76453
0.76453
0.76453
0.76453
0.76453
0.76453
0.76453
0.76453
0.76453
0.76453
0.76453
0.76453
0.76453
0.76453
0.76453
0.76453
0.76453
0.76453
0.76453
0.76453
0.76453
0.76453
0.76453
0.76453
0.76453
0.76453
0.76453
0.76453
0.76453
0.76453
0.76453
0.76453
0.76453
0.764531
0.764531
0.764531
0.764531
0.764531
0.764531
0.764531
0.764531
0.764531
0.764531
0.764531
0.764531
0.764531
0.764531
0.764531
0.764531
0.764531
0.764531
0.764531
0.764531
0.764531
0.764531
0.764531
0.764531
0.764531
0.764531
0.764531
0.764531
0.764531
0.764531
0.764531
0.764531
0.764531
0.764531
0.764531
0.764531
0.764531
0.764531
0.764531
0.764531
0.764531
0.764531
0.764531
0.764531
0.764531
0.764531
0.764531
0.764531
0.764531
0.764531
0.764531
0.764531
0.764531
0.764531
0.764531
0.764531
0.764531
0.764531
0.764531
0.764531
0.764531
0.764531
0.764531
0.764531
0.764531
0.764531
0.764531
0.764531
0.764531
0.764531
0.764531
0.764531
0.764531
0.764531
0.764531
0.764531
0.764531
0.764531
0.764531
0.764531
0.764531
0.764531
0.764531
0.764531
0.764531
0.764531
0.764531
0.764532
0.764532
0.764532
0.764532
0.764532
0.764532
0.764532
0.764532
0.764532
0.764532
0.764532
0.764532
0.764532
0.764532
0.764532
0.764532
0.764532
0.764532
0.764532
0.764532
0.764532
0.764532
0.764532
0.764532
0.764532
0.764532
0.764532
0.764532
0.764532
0.764532
0.764532
0.764532
0.764532
0.764532
0.764532
0.764532
0.764532
0.764532
0.764532
0.764532
0.764532
0.764532
0.764532
0.764532
0.764532
0.764532
0.764532
0.764532
0.764532
0.764532
0.764532
0.764532
0.764532
0.764532
0.764532
0.764532
0.764532
0.764532
0.764532
0.764532
0.764532
0.764532
0.764532
0.764532
0.764532
0.764532
0.764532
0.764532
0.764532
0.764532
0.764532
0.764532
0.764532
0.764532
0.764532
0.764532
0.764532
0.764532
0.764532
0.764532
0.764532
0.764532
0.764532
0.764532
0.764532
0.764532
0.764532
0.764532
0.764532
0.764532
0.764532
0.764532
0.764532
0.764532
0.764532
0.764532
0.764532
0.764532
0.764532
0.764532
0.764532
0.764532
0.764532
0.764532
0.764532
0.764532
0.764532
0.764532
0.764532
0.764532
0.764532
0.764532
0.764532
0.764532
0.764533
0.764533
0.764533
0.764533
0.764533
0.764533
0.764533
0.764533
0.764533
0.764533
0.764533
0.764533
0.764533
0.764533
0.764533
0.764533
0.764533
0.764533
0.764533
0.764533
0.764533
0.764533
0.764533
0.764533
0.764533
0.764533
0.764533
0.764533
0.764533
0.764533
0.764533
0.764533
0.764533
0.764533
0.764533
0.764533
0.764533
0.764533
0.764533
0.764533
0.764533
0.764533
0.764533
0.764533
0.764533
0.764533
0.764533
0.764533
0.764533
0.764533
0.764533
0.764533
0.764533
0.764533
0.764533
0.764533
0.764533
0.764533
0.764533
0.764533
0.764533
0.764533
0.764533
0.764533
0.764533
0.764533
0.764533
0.764533
0.764533
0.764533
0.764533
0.764533
0.764533
0.764533
0.764533
0.764533
0.764533
0.764533
0.764533
0.764533
0.764533
0.764533
0.764533
0.764533
0.764533
0.764533
0.764533
0.764533
0.764533
0.764533
0.764533
0.764533
0.764533
0.764533
0.764533
0.764533
0.764533
0.764533
0.764533
0.764533
0.764533
0.764533
0.764533
0.764533
0.764533
0.764533
0.764533
0.764533
0.764533
0.764533
0.764533
0.764533
0.764533
0.764533
0.764533
0.764533
0.764533
0.764533
0.764533
0.764533
0.764533
0.764533
0.764533
0.764533
0.764533
0.764533
0.764533
0.764533
0.764533
0.764533
0.764533
0.764533
0.764533
0.764533
0.764533
0.764533
0.764533
0.764533
0.764533
0.764533
0.764533
0.764533
0.764533
0.764533
0.764533
0.764533
0.764533
0.764533
0.764533
0.764533
0.764533
0.764533
0.764533
0.764533
0.764533
0.764533
0.764533
0.764533
0.764533
0.764533
0.764533
0.764533
0.764533
0.764533
0.764533
0.764533
0.764534
0.764534
0.764534
0.764534
0.764534
0.764534
0.764534
0.764534
0.764534
0.764534
0.764534
0.764534
0.764534
0.764534
0.764534
0.764534
0.764534
0.764534
0.764534
0.764534
0.764534
0.764534
0.764534
0.764534
0.764534
0.764534
0.764534
0.764534
0.764534
0.764534
0.764534
0.764534
0.764534
0.764534
0.764534
0.764534
0.764534
0.764534
0.764534
0.764534
0.764534
0.764534
0.764534
0.764534
0.764534
0.764534
0.764534
0.764534
0.764534
0.764534
0.764534
0.764534
0.764534
0.764534
0.764534
0.764534
0.764534
0.764534
0.764534
0.764534
0.764534
0.764534
0.764534
0.764534
0.764534
0.764534
0.764534
0.764534
0.764534
0.764534
0.764534
0.764534
0.764534
0.764534
0.764534
0.764534
0.764534
0.764534
0.764534
0.764534
0.764534
0.764534
0.764534
0.764534
0.764534
0.764534
0.764534
0.764534
0.764534
0.764534
0.764534
0.764534
0.764534
0.764534
0.764534
0.764534
0.764534
0.764534
0.764534
0.764534
0.764534
0.764534
0.764534
0.764534
0.764534
0.764534
0.764534
0.764534
0.764534
0.764534
0.764534
0.764534
0.764534
0.764534
0.764534
0.764534
0.764534
0.764534
0.764534
0.764534
0.764534
0.764534
0.764534
0.764534
0.764534
0.764534
0.764534
0.764534
0.764534
0.764534
0.764534
0.764534
0.764534
0.764534
0.764534
0.764534
0.764534
0.764534
0.764534
0.764534
0.764534
0.764534
0.764534
0.764534
0.764534
0.764534
0.764534
0.764534
0.764534
0.764534
0.764534
0.764534
0.764534
0.764534
0.764534
0.764534
0.764534
0.764534
0.764534
0.764534
0.764534
0.764534
0.764534
0.764534
0.764534
0.764534
0.764534
0.764534
0.764534
0.764534
0.764534
0.764534
0.764534
0.764534
0.764534
0.764534
0.764534
0.764534
0.764534
0.764534
0.764534
0.764534
0.764534
0.764534
0.764534
0.764534
0.764534
0.764534
0.764534
0.764534
0.764534
0.764534
0.764534
0.764534
0.764534
0.764534
0.764534
0.764534
0.764534
0.764534
0.764534
0.764534
0.764534
0.764534
0.764534
0.764534
0.764534
0.764534
0.764534
0.764534
0.764534
0.764534
0.764534
0.764534
0.764534
0.764534
0.764534
0.764534
0.764534
0.764534
0.764534
0.764534
0.764534
