0.001
0.00408909
0.00755063
0.0111757
0.0148794
0.0186203
0.0223752
0.0261299
0.0298748
0.0336037
0.037312
0.0409969
0.0446566
0.0482899
0.051896
0.0554749
0.0590265
0.0625511
0.0660491
0.069521
0.0729672
0.0763884
0.0797853
0.0831584
0.0865083
0.0898357
0.0931411
0.0964252
0.0996884
0.102931
0.106155
0.109358
0.112543
0.11571
0.118859
0.12199
0.125104
0.128201
0.131281
0.134346
0.137394
0.140427
0.143444
0.146447
0.149434
0.152407
0.155366
0.15831
0.16124
0.164157
0.167059
0.169949
0.172824
0.175687
0.178537
0.181373
0.184197
0.187008
0.189806
0.192592
0.195366
0.198127
0.200876
0.203613
0.206338
0.209051
0.211752
0.214441
0.217119
0.219785
0.222439
0.225082
0.227714
0.230334
0.232942
0.23554
0.238126
0.240701
0.243265
0.245818
0.248359
0.25089
0.25341
0.255919
0.258418
0.260905
0.263382
0.265848
0.268304
0.270749
0.273183
0.275607
0.27802
0.280424
0.282816
0.285199
0.287571
0.289932
0.292284
0.294625
0.296957
0.299278
0.301589
0.30389
0.306182
0.308463
0.310734
0.312996
0.315248
0.317489
0.319722
0.321944
0.324157
0.326361
0.328554
0.330738
0.332913
0.335078
0.337234
0.339381
0.341518
0.343645
0.345764
0.347873
0.349973
0.352064
0.354146
0.356219
0.358282
0.360337
0.362383
0.36442
0.366448
0.368467
0.370477
0.372478
0.374471
0.376455
0.37843
0.380397
0.382355
0.384305
0.386246
0.388178
0.390102
0.392018
0.393926
0.395825
0.397715
0.399598
0.401472
0.403338
0.405196
0.407046
0.408887
0.410721
0.412547
0.414364
0.416174
0.417976
0.41977
0.421556
0.423334
0.425104
0.426867
0.428622
0.43037
0.43211
0.433842
0.435566
0.437284
0.438993
0.440695
0.44239
0.444078
0.445758
0.44743
0.449096
0.450754
0.452405
0.454049
0.455685
0.457315
0.458937
0.460552
0.462161
0.463762
0.465356
0.466944
0.468524
0.470098
0.471665
0.473225
0.474778
0.476325
0.477865
0.479398
0.480924
0.482444
0.483957
0.485464
0.486964
0.488458
0.489945
0.491426
0.492901
0.494369
0.49583
0.497286
0.498735
0.500178
0.501614
0.503045
0.504469
0.505887
0.507299
0.508705
0.510105
0.511499
0.512887
0.514269
0.515644
0.517014
0.518379
0.519737
0.521089
0.522436
0.523777
0.525112
0.526441
0.527765
0.529083
0.530395
0.531702
0.533003
0.534299
0.535589
0.536874
0.538153
0.539426
0.540694
0.541957
0.543215
0.544467
0.545713
0.546955
0.548191
0.549422
0.550647
0.551868
0.553083
0.554293
0.555498
0.556697
0.557892
0.559082
0.560266
0.561446
0.56262
0.56379
0.564955
0.566114
0.567269
0.568419
0.569564
0.570704
0.57184
0.57297
0.574096
0.575217
0.576334
0.577445
0.578552
0.579654
0.580752
0.581845
0.582934
0.584018
0.585097
0.586172
0.587242
0.588308
0.589369
0.590426
0.591479
0.592527
0.593571
0.59461
0.595645
0.596676
0.597702
0.598724
0.599742
0.600755
0.601765
0.60277
0.603771
0.604768
0.60576
0.606749
0.607733
0.608713
0.60969
0.610662
0.61163
0.612594
0.613554
0.61451
0.615463
0.616411
0.617355
0.618296
0.619232
0.620165
0.621094
0.622019
0.62294
0.623857
0.624771
0.625681
0.626587
0.627489
0.628388
0.629283
0.630174
0.631061
0.631945
0.632826
0.633702
0.634576
0.635445
0.636311
0.637174
0.638032
0.638888
0.63974
0.640588
0.641433
0.642275
0.643113
0.643947
0.644778
0.645606
0.646431
0.647252
0.64807
0.648884
0.649695
0.650503
0.651308
0.652109
0.652907
0.653702
0.654493
0.655282
0.656067
0.656849
0.657628
0.658403
0.659176
0.659945
0.660712
0.661475
0.662235
0.662992
0.663746
0.664497
0.665245
0.66599
0.666732
0.667471
0.668207
0.66894
0.66967
0.670397
0.671121
0.671843
0.672561
0.673277
0.673989
0.674699
0.675406
0.67611
0.676812
0.67751
0.678206
0.678899
0.679589
0.680277
0.680962
0.681644
0.682323
0.682999
0.683673
0.684345
0.685013
0.685679
0.686342
0.687003
0.687661
0.688316
0.688969
0.689619
0.690267
0.690912
0.691555
0.692195
0.692832
0.693467
0.694099
0.694729
0.695357
0.695982
0.696604
0.697224
0.697842
0.698457
0.69907
0.69968
0.700288
0.700894
0.701497
0.702098
0.702696
0.703292
0.703886
0.704478
0.705067
0.705654
0.706238
0.70682
0.7074
0.707978
0.708554
0.709127
0.709698
0.710267
0.710833
0.711398
0.71196
0.71252
0.713077
0.713633
0.714187
0.714738
0.715287
0.715834
0.716379
0.716922
0.717463
0.718001
0.718538
0.719072
0.719605
0.720135
0.720663
0.721189
0.721714
0.722236
0.722756
0.723274
0.72379
0.724305
0.724817
0.725327
0.725835
0.726342
0.726846
0.727349
0.727849
0.728348
0.728844
0.729339
0.729832
0.730323
0.730812
0.7313
0.731785
0.732268
0.73275
0.73323
0.733708
0.734184
0.734659
0.735131
0.735602
0.736071
0.736538
0.737004
0.737467
0.737929
0.73839
0.738848
0.739305
0.73976
0.740213
0.740664
0.741114
0.741562
0.742009
0.742453
0.742896
0.743338
0.743777
0.744216
0.744652
0.745087
0.74552
0.745951
0.746381
0.746809
0.747236
0.747661
0.748084
0.748506
0.748927
0.749345
0.749762
0.750178
0.750592
0.751004
0.751415
0.751825
0.752233
0.752639
0.753044
0.753447
0.753849
0.754249
0.754648
0.755045
0.755441
0.755835
0.756228
0.75662
0.75701
0.757398
0.757785
0.758171
0.758555
0.758938
0.759319
0.759699
0.760078
0.760455
0.760831
0.761205
0.761578
0.76195
0.76232
0.762689
0.763057
0.763423
0.763788
0.764151
0.764513
0.764874
0.765234
0.765592
0.765949
0.766304
0.766658
0.767011
0.767363
0.767713
0.768062
0.76841
0.768757
0.769102
0.769446
0.769789
0.77013
0.770471
0.77081
0.771147
0.771484
0.771819
0.772153
0.772486
0.772818
0.773149
0.773478
0.773806
0.774133
0.774459
0.774783
0.775106
0.775429
0.77575
0.77607
0.776388
0.776706
0.777022
0.777338
0.777652
0.777965
0.778277
0.778587
0.778897
0.779206
0.779513
0.779819
0.780125
0.780429
0.780732
0.781034
0.781334
0.781634
0.781933
0.782231
0.782527
0.782823
0.783117
0.783411
0.783703
0.783994
0.784285
0.784574
0.784862
0.785149
0.785436
0.785721
0.786005
0.786288
0.78657
0.786851
0.787131
0.787411
0.787689
0.787966
0.788242
0.788517
0.788792
0.789065
0.789337
0.789609
0.789879
0.790148
0.790417
0.790685
0.790951
0.791217
0.791482
0.791745
0.792008
0.79227
0.792531
0.792791
0.793051
0.793309
0.793566
0.793823
0.794079
0.794333
0.794587
0.79484
0.795092
0.795343
0.795594
0.795843
0.796092
0.796339
0.796586
0.796832
0.797077
0.797322
0.797565
0.797808
0.79805
0.798291
0.798531
0.79877
0.799008
0.799246
0.799483
0.799719
0.799954
0.800188
0.800422
0.800655
0.800887
0.801118
0.801348
0.801578
0.801807
0.802035
0.802262
0.802488
0.802714
0.802939
0.803163
0.803386
0.803609
0.803831
0.804052
0.804272
0.804492
0.804711
0.804929
0.805146
0.805363
0.805579
0.805794
0.806008
0.806222
0.806435
0.806647
0.806859
0.807069
0.807279
0.807489
0.807698
0.807906
0.808113
0.808319
0.808525
0.80873
0.808935
0.809139
0.809342
0.809544
0.809746
0.809947
0.810148
0.810348
0.810547
0.810745
0.810943
0.81114
0.811336
0.811532
0.811727
0.811922
0.812116
0.812309
0.812501
0.812693
0.812885
0.813075
0.813265
0.813455
0.813643
0.813832
0.814019
0.814206
0.814392
0.814578
0.814763
0.814947
0.815131
0.815314
0.815497
0.815679
0.815861
0.816041
0.816222
0.816401
0.81658
0.816759
0.816937
0.817114
0.817291
0.817467
0.817642
0.817817
0.817992
0.818166
0.818339
0.818512
0.818684
0.818856
0.819027
0.819197
0.819367
0.819537
0.819705
0.819874
0.820042
0.820209
0.820375
0.820542
0.820707
0.820872
0.821037
0.821201
0.821364
0.821527
0.82169
0.821852
0.822013
0.822174
0.822334
0.822494
0.822654
0.822813
0.822971
0.823129
0.823286
0.823443
0.823599
0.823755
0.82391
0.824065
0.82422
0.824373
0.824527
0.82468
0.824832
0.824984
0.825136
0.825287
0.825437
0.825587
0.825737
0.825886
0.826034
0.826183
0.82633
0.826477
0.826624
0.82677
0.826916
0.827062
0.827207
0.827351
0.827495
0.827639
0.827782
0.827925
0.828067
0.828209
0.82835
0.828491
0.828631
0.828771
0.828911
0.82905
0.829189
0.829327
0.829465
0.829603
0.82974
0.829876
0.830013
0.830148
0.830284
0.830419
0.830553
0.830687
0.830821
0.830954
0.831087
0.83122
0.831352
0.831484
0.831615
0.831746
0.831876
0.832006
0.832136
0.832265
0.832394
0.832523
0.832651
0.832779
0.832906
0.833033
0.83316
0.833286
0.833412
0.833537
0.833662
0.833787
0.833911
0.834035
0.834159
0.834282
0.834405
0.834527
0.83465
0.834771
0.834893
0.835014
0.835134
0.835255
0.835375
0.835494
0.835614
0.835732
0.835851
0.835969
0.836087
0.836204
0.836322
0.836438
0.836555
0.836671
0.836787
0.836902
0.837017
0.837132
0.837246
0.83736
0.837474
0.837588
0.837701
0.837813
0.837926
0.838038
0.83815
0.838261
0.838372
0.838483
0.838594
0.838704
0.838814
0.838923
0.839032
0.839141
0.83925
0.839358
0.839466
0.839574
0.839681
0.839788
0.839895
0.840001
0.840107
0.840213
0.840318
0.840424
0.840529
0.840633
0.840737
0.840841
0.840945
0.841049
0.841152
0.841254
0.841357
0.841459
0.841561
0.841663
0.841764
0.841865
0.841966
0.842067
0.842167
0.842267
0.842367
0.842466
0.842565
0.842664
0.842763
0.842861
0.842959
0.843057
0.843154
0.843251
0.843348
0.843445
0.843541
0.843637
0.843733
0.843829
0.843924
0.844019
0.844114
0.844209
0.844303
0.844397
0.844491
0.844584
0.844678
0.844771
0.844863
0.844956
0.845048
0.84514
0.845232
0.845323
0.845415
0.845506
0.845596
0.845687
0.845777
0.845867
0.845957
0.846046
0.846136
0.846225
0.846314
0.846402
0.846491
0.846579
0.846667
0.846754
0.846842
0.846929
0.847016
0.847102
0.847189
0.847275
0.847361
0.847447
0.847532
0.847618
0.847703
0.847788
0.847872
0.847957
0.848041
0.848125
0.848209
0.848292
0.848376
0.848459
0.848542
0.848624
0.848707
0.848789
0.848871
0.848953
0.849034
0.849116
0.849197
0.849278
0.849359
0.849439
0.84952
0.8496
0.84968
0.849759
0.849839
0.849918
0.849997
0.850076
0.850155
0.850233
0.850312
0.85039
0.850468
0.850545
0.850623
0.8507
0.850777
0.850854
0.850931
0.851007
0.851084
0.85116
0.851236
0.851312
0.851387
0.851463
0.851538
0.851613
0.851688
0.851762
0.851837
0.851911
0.851985
0.852059
0.852133
0.852206
0.852279
0.852353
0.852426
0.852498
0.852571
0.852643
0.852716
0.852788
0.85286
0.852931
0.853003
0.853074
0.853145
0.853216
0.853287
0.853358
0.853429
0.853499
0.853569
0.853639
0.853709
0.853778
0.853848
0.853917
0.853986
0.854055
0.854124
0.854193
0.854261
0.85433
0.854398
0.854466
0.854534
0.854601
0.854669
0.854736
0.854803
0.85487
0.854937
0.855004
0.855071
0.855137
0.855203
0.855269
0.855335
0.855401
0.855467
0.855532
0.855597
0.855663
0.855728
0.855792
0.855857
0.855922
0.855986
0.85605
0.856115
0.856178
0.856242
0.856306
0.856369
0.856433
0.856496
0.856559
0.856622
0.856685
0.856748
0.85681
0.856872
0.856935
0.856997
0.857059
0.85712
0.857182
0.857244
0.857305
0.857366
0.857427
0.857488
0.857549
0.85761
0.85767
0.857731
0.857791
0.857851
0.857911
0.857971
0.858031
0.85809
0.85815
0.858209
0.858268
0.858327
0.858386
0.858445
0.858504
0.858562
0.858621
0.858679
0.858737
0.858795
0.858853
0.858911
0.858969
0.859026
0.859084
0.859141
0.859198
0.859255
0.859312
0.859369
0.859426
0.859482
0.859539
0.859595
0.859651
0.859707
0.859763
0.859819
0.859875
0.85993
0.859986
0.860041
0.860096
0.860151
0.860206
0.860261
0.860316
0.860371
0.860425
0.86048
0.860534
0.860588
0.860642
0.860696
0.86075
0.860804
0.860858
0.860911
0.860964
0.861018
0.861071
0.861124
0.861177
0.86123
0.861283
0.861335
0.861388
0.86144
0.861492
0.861545
0.861597
0.861649
0.861701
0.861752
0.861804
0.861856
0.861907
0.861959
0.86201
0.862061
0.862112
0.862163
0.862214
0.862265
0.862315
0.862366
0.862416
0.862466
0.862517
0.862567
0.862617
0.862667
0.862717
0.862766
0.862816
0.862866
0.862915
0.862964
0.863014
0.863063
0.863112
0.863161
0.86321
0.863258
0.863307
0.863356
0.863404
0.863453
0.863501
0.863549
0.863597
0.863645
0.863693
0.863741
0.863789
0.863836
0.863884
0.863931
0.863979
0.864026
0.864073
0.86412
0.864167
0.864214
0.864261
0.864308
0.864355
0.864401
0.864448
0.864494
0.86454
0.864587
0.864633
0.864679
0.864725
0.864771
0.864816
0.864862
0.864908
0.864953
0.864999
0.865044
0.865089
0.865135
0.86518
0.865225
0.86527
0.865315
0.865359
0.865404
0.865449
0.865493
0.865538
0.865582
0.865627
0.865671
0.865715
0.865759
0.865803
0.865847
0.865891
0.865934
0.865978
0.866022
0.866065
0.866109
0.866152
0.866195
0.866238
0.866282
0.866325
0.866368
0.866411
0.866453
0.866496
0.866539
0.866581
0.866624
0.866666
0.866709
0.866751
0.866793
0.866835
0.866878
0.86692
0.866961
0.867003
0.867045
0.867087
0.867128
0.86717
0.867212
0.867253
0.867294
0.867336
0.867377
0.867418
0.867459
0.8675
0.867541
0.867582
0.867623
0.867663
0.867704
0.867745
0.867785
0.867826
0.867866
0.867906
0.867947
0.867987
0.868027
0.868067
0.868107
0.868147
0.868187
0.868227
0.868266
0.868306
0.868346
0.868385
0.868425
0.868464
0.868503
0.868543
0.868582
0.868621
0.86866
0.868699
0.868738
0.868777
0.868816
0.868855
0.868893
0.868932
0.86897
0.869009
0.869047
0.869086
0.869124
0.869162
0.869201
0.869239
0.869277
0.869315
0.869353
0.869391
0.869429
0.869466
0.869504
0.869542
0.869579
0.869617
0.869655
0.869692
0.869729
0.869767
0.869804
0.869841
0.869878
0.869915
0.869952
0.869989
0.870026
0.870063
0.8701
0.870137
0.870173
0.87021
0.870247
0.870283
0.87032
0.870356
0.870392
0.870429
0.870465
0.870501
0.870537
0.870573
0.870609
0.870645
0.870681
0.870717
0.870753
0.870789
0.870824
0.87086
0.870896
0.870931
0.870967
0.871002
0.871038
0.871073
0.871108
0.871144
0.871179
0.871214
0.871249
0.871284
0.871319
0.871354
0.871389
0.871424
0.871458
0.871493
0.871528
0.871562
0.871597
0.871632
0.871666
0.8717
0.871735
0.871769
0.871803
0.871838
0.871872
0.871906
0.87194
0.871974
0.872008
0.872042
0.872076
0.87211
0.872144
0.872177
0.872211
0.872245
0.872278
0.872312
0.872346
0.872379
0.872412
0.872446
0.872479
0.872512
0.872546
0.872579
0.872612
0.872645
0.872678
0.872711
0.872744
0.872777
0.87281
0.872843
0.872876
0.872908
0.872941
0.872974
0.873006
0.873039
0.873072
0.873104
0.873136
0.873169
0.873201
0.873234
0.873266
0.873298
0.87333
0.873362
0.873394
0.873426
0.873459
0.87349
0.873522
0.873554
0.873586
0.873618
0.87365
0.873681
0.873713
0.873745
0.873776
0.873808
0.873839
0.873871
0.873902
0.873934
0.873965
0.873996
0.874028
0.874059
0.87409
0.874121
0.874152
0.874183
0.874215
0.874246
0.874276
0.874307
0.874338
0.874369
0.8744
0.874431
0.874461
0.874492
0.874523
0.874553
0.874584
0.874614
0.874645
0.874675
0.874706
0.874736
0.874767
0.874797
0.874827
0.874857
0.874888
0.874918
0.874948
0.874978
0.875008
0.875038
0.875068
0.875098
0.875128
0.875158
0.875188
0.875217
0.875247
0.875277
0.875306
0.875336
0.875366
0.875395
0.875425
0.875454
0.875484
0.875513
0.875543
0.875572
0.875601
0.875631
0.87566
0.875689
0.875718
0.875748
0.875777
0.875806
0.875835
0.875864
0.875893
0.875922
0.875951
0.87598
0.876008
0.876037
0.876066
0.876095
0.876124
0.876152
0.876181
0.87621
0.876238
0.876267
0.876295
0.876324
0.876352
0.876381
0.876409
0.876437
0.876466
0.876494
0.876522
0.87655
0.876579
0.876607
0.876635
0.876663
0.876691
0.876719
0.876747
0.876775
0.876803
0.876831
0.876859
0.876887
0.876915
0.876942
0.87697
0.876998
0.877026
0.877053
0.877081
0.877109
0.877136
0.877164
0.877191
0.877219
0.877246
0.877274
0.877301
0.877328
0.877356
0.877383
0.87741
0.877438
0.877465
0.877492
0.877519
0.877546
0.877573
0.877601
0.877628
0.877655
0.877682
0.877709
0.877735
0.877762
0.877789
0.877816
0.877843
0.87787
0.877897
0.877923
0.87795
0.877977
0.878003
0.87803
0.878057
0.878083
0.87811
0.878136
0.878163
0.878189
0.878216
0.878242
0.878268
0.878295
0.878321
0.878347
0.878374
0.8784
0.878426
0.878452
0.878478
0.878505
0.878531
0.878557
0.878583
0.878609
0.878635
0.878661
0.878687
0.878713
0.878739
0.878764
0.87879
0.878816
0.878842
0.878868
0.878893
0.878919
0.878945
0.878971
0.878996
0.879022
0.879047
0.879073
0.879098
0.879124
0.87915
0.879175
0.8792
0.879226
0.879251
0.879277
0.879302
0.879327
0.879353
0.879378
0.879403
0.879428
0.879453
0.879479
0.879504
0.879529
0.879554
0.879579
0.879604
0.879629
0.879654
0.879679
0.879704
0.879729
0.879754
0.879779
0.879804
0.879828
0.879853
0.879878
0.879903
0.879928
0.879952
0.879977
0.880002
0.880026
0.880051
0.880076
0.8801
0.880125
0.880149
0.880174
0.880198
0.880223
0.880247
0.880272
0.880296
0.88032
0.880345
0.880369
0.880393
0.880418
0.880442
0.880466
0.88049
0.880515
0.880539
0.880563
0.880587
0.880611
0.880635
0.880659
0.880683
0.880707
0.880731
0.880755
0.880779
0.880803
0.880827
0.880851
0.880875
0.880899
0.880922
0.880946
0.88097
0.880994
0.881018
0.881041
0.881065
0.881089
0.881112
0.881136
0.88116
0.881183
0.881207
0.88123
0.881254
0.881277
0.881301
0.881324
0.881348
0.881371
0.881395
0.881418
0.881441
0.881465
0.881488
0.881511
0.881535
0.881558
0.881581
0.881604
0.881628
0.881651
0.881674
0.881697
0.88172
0.881743
0.881766
0.881789
0.881812
0.881836
0.881859
0.881882
0.881904
0.881927
0.88195
0.881973
0.881996
0.882019
0.882042
0.882065
0.882088
0.88211
0.882133
0.882156
0.882179
0.882201
0.882224
0.882247
0.882269
0.882292
0.882315
0.882337
0.88236
0.882382
0.882405
0.882427
0.88245
0.882472
0.882495
0.882517
0.88254
0.882562
0.882585
0.882607
0.882629
0.882652
0.882674
0.882696
0.882719
0.882741
0.882763
0.882785
0.882808
0.88283
0.882852
0.882874
0.882896
0.882918
0.882941
0.882963
0.882985
0.883007
0.883029
0.883051
0.883073
0.883095
0.883117
0.883139
0.883161
0.883183
0.883204
0.883226
0.883248
0.88327
0.883292
0.883314
0.883336
0.883357
0.883379
0.883401
0.883423
0.883444
0.883466
0.883488
0.883509
0.883531
0.883553
0.883574
0.883596
0.883617
0.883639
0.88366
0.883682
0.883703
0.883725
0.883746
0.883768
0.883789
0.883811
0.883832
0.883853
0.883875
0.883896
0.883918
0.883939
0.88396
0.883981
0.884003
0.884024
0.884045
0.884066
0.884088
0.884109
0.88413
0.884151
0.884172
0.884194
0.884215
0.884236
0.884257
0.884278
0.884299
0.88432
0.884341
0.884362
0.884383
0.884404
0.884425
0.884446
0.884467
0.884488
0.884509
0.884529
0.88455
0.884571
0.884592
0.884613
0.884634
0.884654
0.884675
0.884696
0.884717
0.884737
0.884758
0.884779
0.884799
0.88482
0.884841
0.884861
0.884882
0.884903
0.884923
0.884944
0.884964
0.884985
0.885005
0.885026
0.885046
0.885067
0.885087
0.885108
0.885128
0.885149
0.885169
0.885189
0.88521
0.88523
0.885251
0.885271
0.885291
0.885311
0.885332
0.885352
0.885372
0.885393
0.885413
0.885433
0.885453
0.885473
0.885494
0.885514
0.885534
0.885554
0.885574
0.885594
0.885614
0.885634
0.885654
0.885674
0.885694
0.885715
0.885735
0.885755
0.885774
0.885794
0.885814
0.885834
0.885854
0.885874
0.885894
0.885914
0.885934
0.885954
0.885973
0.885993
0.886013
0.886033
0.886053
0.886072
0.886092
0.886112
0.886132
0.886151
0.886171
0.886191
0.88621
0.88623
0.88625
0.886269
0.886289
0.886309
0.886328
0.886348
0.886367
0.886387
0.886406
0.886426
0.886445
0.886465
0.886484
0.886504
0.886523
0.886543
0.886562
0.886582
0.886601
0.88662
0.88664
0.886659
0.886678
0.886698
0.886717
0.886736
0.886756
0.886775
0.886794
0.886814
0.886833
0.886852
0.886871
0.88689
0.88691
0.886929
0.886948
0.886967
0.886986
0.887005
0.887025
0.887044
0.887063
0.887082
0.887101
0.88712
0.887139
0.887158
0.887177
0.887196
0.887215
0.887234
0.887253
0.887272
0.887291
0.88731
0.887329
0.887348
0.887367
0.887385
0.887404
0.887423
0.887442
0.887461
0.88748
0.887498
0.887517
0.887536
0.887555
0.887574
0.887592
0.887611
0.88763
0.887648
0.887667
0.887686
0.887704
0.887723
0.887742
0.88776
0.887779
0.887798
0.887816
0.887835
0.887853
0.887872
0.887891
0.887909
0.887928
0.887946
0.887965
0.887983
0.888002
0.88802
0.888039
0.888057
0.888075
0.888094
0.888112
0.888131
0.888149
0.888167
0.888186
0.888204
0.888222
0.888241
0.888259
0.888277
0.888296
0.888314
0.888332
0.88835
0.888369
0.888387
0.888405
0.888423
0.888442
0.88846
0.888478
0.888496
0.888514
0.888532
0.888551
0.888569
0.888587
0.888605
0.888623
0.888641
0.888659
0.888677
0.888695
0.888713
0.888731
0.888749
0.888767
0.888785
0.888803
0.888821
0.888839
0.888857
0.888875
0.888893
0.888911
0.888929
0.888947
0.888964
0.888982
0.889
0.889018
0.889036
0.889054
0.889071
0.889089
0.889107
0.889125
0.889143
0.88916
0.889178
0.889196
0.889214
0.889231
0.889249
0.889267
0.889284
0.889302
0.88932
0.889337
0.889355
0.889373
0.88939
0.889408
0.889425
0.889443
0.889461
0.889478
0.889496
0.889513
0.889531
0.889548
0.889566
0.889583
0.889601
0.889618
0.889636
0.889653
0.889671
0.889688
0.889705
0.889723
0.88974
0.889758
0.889775
0.889792
0.88981
0.889827
0.889844
0.889862
0.889879
0.889896
0.889914
0.889931
0.889948
0.889965
0.889983
0.89
0.890017
0.890034
0.890052
0.890069
0.890086
0.890103
0.89012
0.890138
0.890155
0.890172
0.890189
0.890206
0.890223
0.89024
0.890257
0.890275
0.890292
0.890309
0.890326
0.890343
0.89036
0.890377
0.890394
0.890411
0.890428
0.890445
0.890462
0.890479
0.890496
0.890513
0.89053
0.890547
0.890563
0.89058
0.890597
0.890614
0.890631
0.890648
0.890665
0.890682
0.890698
0.890715
0.890732
0.890749
0.890766
0.890782
0.890799
0.890816
0.890833
0.890849
0.890866
0.890883
0.8909
0.890916
0.890933
0.89095
0.890966
0.890983
0.891
0.891016
0.891033
0.89105
0.891066
0.891083
0.8911
0.891116
0.891133
0.891149
0.891166
0.891182
0.891199
0.891215
0.891232
0.891249
0.891265
0.891282
0.891298
0.891315
0.891331
0.891347
0.891364
0.89138
0.891397
0.891413
0.89143
0.891446
0.891462
0.891479
0.891495
0.891512
0.891528
0.891544
0.891561
0.891577
0.891593
0.89161
0.891626
0.891642
0.891658
0.891675
0.891691
0.891707
0.891724
0.89174
0.891756
0.891772
0.891788
0.891805
0.891821
0.891837
0.891853
0.891869
0.891886
0.891902
0.891918
0.891934
0.89195
0.891966
0.891982
0.891998
0.892014
0.892031
0.892047
0.892063
0.892079
0.892095
0.892111
0.892127
0.892143
0.892159
0.892175
0.892191
0.892207
0.892223
0.892239
0.892255
0.892271
0.892287
0.892302
0.892318
0.892334
0.89235
0.892366
0.892382
0.892398
0.892414
0.89243
0.892445
0.892461
0.892477
0.892493
0.892509
0.892525
0.89254
0.892556
0.892572
0.892588
0.892603
0.892619
0.892635
0.892651
0.892666
0.892682
0.892698
0.892713
0.892729
0.892745
0.892761
0.892776
0.892792
0.892807
0.892823
0.892839
0.892854
0.89287
0.892886
0.892901
0.892917
0.892932
0.892948
0.892963
0.892979
0.892995
0.89301
0.893026
0.893041
0.893057
0.893072
0.893088
0.893103
0.893119
0.893134
0.89315
0.893165
0.89318
0.893196
0.893211
0.893227
0.893242
0.893258
0.893273
0.893288
0.893304
0.893319
0.893334
0.89335
0.893365
0.893381
0.893396
0.893411
0.893426
0.893442
0.893457
0.893472
0.893488
0.893503
0.893518
0.893533
0.893549
0.893564
0.893579
0.893594
0.89361
0.893625
0.89364
0.893655
0.89367
0.893686
0.893701
0.893716
0.893731
0.893746
0.893761
0.893776
0.893792
0.893807
0.893822
0.893837
0.893852
0.893867
0.893882
0.893897
0.893912
0.893927
0.893942
0.893957
0.893972
0.893987
0.894002
0.894017
0.894032
0.894047
0.894062
0.894077
0.894092
0.894107
0.894122
0.894137
0.894152
0.894167
0.894182
0.894197
0.894212
0.894226
0.894241
0.894256
0.894271
0.894286
0.894301
0.894316
0.89433
0.894345
0.89436
0.894375
0.89439
0.894404
0.894419
0.894434
0.894449
0.894464
0.894478
0.894493
0.894508
0.894523
0.894537
0.894552
0.894567
0.894581
0.894596
0.894611
0.894625
0.89464
0.894655
0.894669
0.894684
0.894699
0.894713
0.894728
0.894743
0.894757
0.894772
0.894786
0.894801
0.894816
0.89483
0.894845
0.894859
0.894874
0.894888
0.894903
0.894917
0.894932
0.894946
0.894961
0.894975
0.89499
0.895004
0.895019
0.895033
0.895048
0.895062
0.895077
0.895091
0.895106
0.89512
0.895134
0.895149
0.895163
0.895178
0.895192
0.895206
0.895221
0.895235
0.895249
0.895264
0.895278
0.895292
0.895307
0.895321
0.895335
0.89535
0.895364
0.895378
0.895393
0.895407
0.895421
0.895435
0.89545
0.895464
0.895478
0.895492
0.895507
0.895521
0.895535
0.895549
0.895563
0.895578
0.895592
0.895606
0.89562
0.895634
0.895648
0.895663
0.895677
0.895691
0.895705
0.895719
0.895733
0.895747
0.895761
0.895775
0.895789
0.895804
0.895818
0.895832
0.895846
0.89586
0.895874
0.895888
0.895902
0.895916
0.89593
0.895944
0.895958
0.895972
0.895986
0.896
0.896014
0.896028
0.896042
0.896056
0.89607
0.896083
0.896097
0.896111
0.896125
0.896139
0.896153
0.896167
0.896181
0.896195
0.896209
0.896222
0.896236
0.89625
0.896264
0.896278
0.896292
0.896305
0.896319
0.896333
0.896347
0.896361
0.896374
0.896388
0.896402
0.896416
0.896429
0.896443
0.896457
0.896471
0.896484
0.896498
0.896512
0.896526
0.896539
0.896553
0.896567
0.89658
0.896594
0.896608
0.896621
0.896635
0.896649
0.896662
0.896676
0.896689
0.896703
0.896717
0.89673
0.896744
0.896757
0.896771
0.896785
0.896798
0.896812
0.896825
0.896839
0.896852
0.896866
0.896879
0.896893
0.896907
0.89692
0.896934
0.896947
0.896961
0.896974
0.896987
0.897001
0.897014
0.897028
0.897041
0.897055
0.897068
0.897082
0.897095
0.897108
0.897122
0.897135
0.897149
0.897162
0.897175
0.897189
0.897202
0.897216
0.897229
0.897242
0.897256
0.897269
0.897282
0.897296
0.897309
0.897322
0.897336
0.897349
0.897362
0.897375
0.897389
0.897402
0.897415
0.897428
0.897442
0.897455
0.897468
0.897481
0.897495
0.897508
0.897521
0.897534
0.897547
0.897561
0.897574
0.897587
0.8976
0.897613
0.897627
0.89764
0.897653
0.897666
0.897679
0.897692
0.897705
0.897718
0.897732
0.897745
0.897758
0.897771
0.897784
0.897797
0.89781
0.897823
0.897836
0.897849
0.897862
0.897875
0.897888
0.897901
0.897914
0.897927
0.89794
0.897953
0.897966
0.897979
0.897992
0.898005
0.898018
0.898031
0.898044
0.898057
0.89807
0.898083
0.898096
0.898109
0.898122
0.898135
0.898148
0.898161
0.898173
0.898186
0.898199
0.898212
0.898225
0.898238
0.898251
0.898264
0.898276
0.898289
0.898302
0.898315
0.898328
0.898341
0.898353
0.898366
0.898379
0.898392
0.898405
0.898417
0.89843
0.898443
0.898456
0.898468
0.898481
0.898494
0.898507
0.898519
0.898532
0.898545
0.898557
0.89857
0.898583
0.898595
0.898608
0.898621
0.898634
0.898646
0.898659
0.898671
0.898684
0.898697
0.898709
0.898722
0.898735
0.898747
0.89876
0.898772
0.898785
0.898798
0.89881
0.898823
0.898835
0.898848
0.898861
0.898873
0.898886
0.898898
0.898911
0.898923
0.898936
0.898948
0.898961
0.898973
0.898986
0.898998
0.899011
0.899023
0.899036
0.899048
0.899061
0.899073
0.899086
0.899098
0.89911
0.899123
0.899135
0.899148
0.89916
0.899173
0.899185
0.899197
0.89921
0.899222
0.899235
0.899247
0.899259
0.899272
0.899284
0.899296
0.899309
0.899321
0.899333
0.899346
0.899358
0.89937
0.899383
0.899395
0.899407
0.89942
0.899432
0.899444
0.899456
0.899469
0.899481
0.899493
0.899505
0.899518
0.89953
0.899542
0.899554
0.899567
0.899579
0.899591
0.899603
0.899615
0.899628
0.89964
0.899652
0.899664
0.899676
0.899689
0.899701
0.899713
0.899725
0.899737
0.899749
0.899761
0.899774
0.899786
0.899798
0.89981
0.899822
0.899834
0.899846
0.899858
0.89987
0.899882
0.899895
0.899907
0.899919
0.899931
0.899943
0.899955
0.899967
0.899979
0.899991
0.900003
0.900015
0.900027
0.900039
0.900051
0.900063
0.900075
0.900087
0.900099
0.900111
0.900123
0.900135
0.900147
0.900159
0.900171
0.900182
0.900194
0.900206
0.900218
0.90023
0.900242
0.900254
0.900266
0.900278
0.90029
0.900301
0.900313
0.900325
0.900337
0.900349
0.900361
0.900373
0.900384
0.900396
0.900408
0.90042
0.900432
0.900444
0.900455
0.900467
0.900479
0.900491
0.900503
0.900514
0.900526
0.900538
0.90055
0.900561
0.900573
0.900585
0.900597
0.900608
0.90062
0.900632
0.900643
0.900655
0.900667
0.900679
0.90069
0.900702
0.900714
0.900725
0.900737
0.900749
0.90076
0.900772
0.900784
0.900795
0.900807
0.900819
0.90083
0.900842
0.900853
0.900865
0.900877
0.900888
0.9009
0.900911
0.900923
0.900935
0.900946
0.900958
0.900969
0.900981
0.900992
0.901004
0.901016
0.901027
0.901039
0.90105
0.901062
0.901073
0.901085
0.901096
0.901108
0.901119
0.901131
0.901142
0.901154
0.901165
0.901177
0.901188
0.901199
0.901211
0.901222
0.901234
0.901245
0.901257
0.901268
0.90128
0.901291
0.901302
0.901314
0.901325
0.901337
0.901348
0.901359
0.901371
0.901382
0.901393
0.901405
0.901416
0.901428
0.901439
0.90145
0.901462
0.901473
0.901484
0.901496
0.901507
0.901518
0.901529
0.901541
0.901552
0.901563
0.901575
0.901586
0.901597
0.901608
0.90162
0.901631
0.901642
0.901653
0.901665
0.901676
0.901687
0.901698
0.90171
0.901721
0.901732
0.901743
0.901754
0.901766
0.901777
0.901788
0.901799
0.90181
0.901822
0.901833
0.901844
0.901855
0.901866
0.901877
0.901888
0.9019
0.901911
0.901922
0.901933
0.901944
0.901955
0.901966
0.901977
0.901988
0.902
0.902011
0.902022
0.902033
0.902044
0.902055
0.902066
0.902077
0.902088
0.902099
0.90211
0.902121
0.902132
0.902143
0.902154
0.902165
0.902176
0.902187
0.902198
0.902209
0.90222
0.902231
0.902242
0.902253
0.902264
0.902275
0.902286
0.902297
0.902308
0.902319
0.90233
0.902341
0.902352
0.902363
0.902374
0.902385
0.902395
0.902406
0.902417
0.902428
0.902439
0.90245
0.902461
0.902472
0.902482
0.902493
0.902504
0.902515
0.902526
0.902537
0.902548
0.902558
0.902569
0.90258
0.902591
0.902602
0.902613
0.902623
0.902634
0.902645
0.902656
0.902667
0.902677
0.902688
0.902699
0.90271
0.90272
0.902731
0.902742
0.902753
0.902763
0.902774
0.902785
0.902796
0.902806
0.902817
0.902828
0.902838
0.902849
0.90286
0.90287
0.902881
0.902892
0.902903
0.902913
0.902924
0.902935
0.902945
0.902956
0.902966
0.902977
0.902988
0.902998
0.903009
0.90302
0.90303
0.903041
0.903052
0.903062
0.903073
0.903083
0.903094
0.903104
0.903115
0.903126
0.903136
0.903147
0.903157
0.903168
0.903178
0.903189
0.9032
0.90321
0.903221
0.903231
0.903242
0.903252
0.903263
0.903273
0.903284
0.903294
0.903305
0.903315
0.903326
0.903336
0.903347
0.903357
0.903368
0.903378
0.903389
0.903399
0.903409
0.90342
0.90343
0.903441
0.903451
0.903462
0.903472
0.903482
0.903493
0.903503
0.903514
0.903524
0.903534
0.903545
0.903555
0.903566
0.903576
0.903586
0.903597
0.903607
0.903617
0.903628
0.903638
0.903648
0.903659
0.903669
0.903679
0.90369
0.9037
0.90371
0.903721
0.903731
0.903741
0.903752
0.903762
0.903772
0.903782
0.903793
0.903803
0.903813
0.903824
0.903834
0.903844
0.903854
0.903865
0.903875
0.903885
0.903895
0.903906
0.903916
0.903926
0.903936
0.903946
0.903957
0.903967
0.903977
0.903987
0.903997
0.904008
0.904018
0.904028
0.904038
0.904048
0.904058
0.904069
0.904079
0.904089
0.904099
0.904109
0.904119
0.904129
0.904139
0.90415
0.90416
0.90417
0.90418
0.90419
0.9042
0.90421
0.90422
0.90423
0.90424
0.904251
0.904261
0.904271
0.904281
0.904291
0.904301
0.904311
0.904321
0.904331
0.904341
0.904351
0.904361
0.904371
0.904381
0.904391
0.904401
0.904411
0.904421
0.904431
0.904441
0.904451
0.904461
0.904471
0.904481
0.904491
0.904501
0.904511
0.904521
0.904531
0.904541
0.904551
0.904561
0.90457
0.90458
0.90459
0.9046
0.90461
0.90462
0.90463
0.90464
0.90465
0.90466
0.90467
0.904679
0.904689
0.904699
0.904709
0.904719
0.904729
0.904739
0.904749
0.904758
0.904768
0.904778
0.904788
0.904798
0.904808
0.904817
0.904827
0.904837
0.904847
0.904857
0.904866
0.904876
0.904886
0.904896
0.904906
0.904915
0.904925
0.904935
0.904945
0.904954
0.904964
0.904974
0.904984
0.904993
0.905003
0.905013
0.905023
0.905032
0.905042
0.905052
0.905061
0.905071
0.905081
0.905091
0.9051
0.90511
0.90512
0.905129
0.905139
0.905149
0.905158
0.905168
0.905178
0.905187
0.905197
0.905207
0.905216
0.905226
0.905236
0.905245
0.905255
0.905265
0.905274
0.905284
0.905293
0.905303
0.905313
0.905322
0.905332
0.905341
0.905351
0.905361
0.90537
0.90538
0.905389
0.905399
0.905408
0.905418
0.905427
0.905437
0.905447
0.905456
0.905466
0.905475
0.905485
0.905494
0.905504
0.905513
0.905523
0.905532
0.905542
0.905551
0.905561
0.90557
0.90558
0.905589
0.905599
0.905608
0.905618
0.905627
0.905637
0.905646
0.905656
0.905665
0.905674
0.905684
0.905693
0.905703
0.905712
0.905722
0.905731
0.90574
0.90575
0.905759
0.905769
0.905778
0.905787
0.905797
0.905806
0.905816
0.905825
0.905834
0.905844
0.905853
0.905862
0.905872
0.905881
0.905891
0.9059
0.905909
0.905919
0.905928
0.905937
0.905947
0.905956
0.905965
0.905975
0.905984
0.905993
0.906002
0.906012
0.906021
0.90603
0.90604
0.906049
0.906058
0.906067
0.906077
0.906086
0.906095
0.906105
0.906114
0.906123
0.906132
0.906142
0.906151
0.90616
0.906169
0.906178
0.906188
0.906197
0.906206
0.906215
0.906225
0.906234
0.906243
0.906252
0.906261
0.906271
0.90628
0.906289
0.906298
0.906307
0.906316
0.906326
0.906335
0.906344
0.906353
0.906362
0.906371
0.90638
0.90639
0.906399
0.906408
0.906417
0.906426
0.906435
0.906444
0.906453
0.906463
0.906472
0.906481
0.90649
0.906499
0.906508
0.906517
0.906526
0.906535
0.906544
0.906553
0.906562
0.906571
0.90658
0.90659
0.906599
0.906608
0.906617
0.906626
0.906635
0.906644
0.906653
0.906662
0.906671
0.90668
0.906689
0.906698
0.906707
0.906716
0.906725
0.906734
0.906743
0.906752
0.906761
0.90677
0.906779
0.906788
0.906797
0.906806
0.906815
0.906823
0.906832
0.906841
0.90685
0.906859
0.906868
0.906877
0.906886
0.906895
0.906904
0.906913
0.906922
0.906931
0.906939
0.906948
0.906957
0.906966
0.906975
0.906984
0.906993
0.907002
0.90701
0.907019
0.907028
0.907037
0.907046
0.907055
0.907064
0.907072
0.907081
0.90709
0.907099
0.907108
0.907117
0.907125
0.907134
0.907143
0.907152
0.907161
0.907169
0.907178
0.907187
0.907196
0.907205
0.907213
0.907222
0.907231
0.90724
0.907248
0.907257
0.907266
0.907275
0.907284
0.907292
0.907301
0.90731
0.907318
0.907327
0.907336
0.907345
0.907353
0.907362
0.907371
0.90738
0.907388
0.907397
0.907406
0.907414
0.907423
0.907432
0.90744
0.907449
0.907458
0.907466
0.907475
0.907484
0.907492
0.907501
0.90751
0.907518
0.907527
0.907536
0.907544
0.907553
0.907562
0.90757
0.907579
0.907587
0.907596
0.907605
0.907613
0.907622
0.90763
0.907639
0.907648
0.907656
0.907665
0.907673
0.907682
0.907691
0.907699
0.907708
0.907716
0.907725
0.907733
0.907742
0.907751
0.907759
0.907768
0.907776
0.907785
0.907793
0.907802
0.90781
0.907819
0.907827
0.907836
0.907844
0.907853
0.907861
0.90787
0.907878
0.907887
0.907895
0.907904
0.907912
0.907921
0.907929
0.907938
0.907946
0.907955
0.907963
0.907972
0.90798
0.907989
0.907997
0.908005
0.908014
0.908022
0.908031
0.908039
0.908048
0.908056
0.908064
0.908073
0.908081
0.90809
0.908098
0.908106
0.908115
0.908123
0.908132
0.90814
0.908148
0.908157
0.908165
0.908174
0.908182
0.90819
0.908199
0.908207
0.908215
0.908224
0.908232
0.90824
0.908249
0.908257
0.908265
0.908274
0.908282
0.90829
0.908299
0.908307
0.908315
0.908324
0.908332
0.90834
0.908349
0.908357
0.908365
0.908373
0.908382
0.90839
0.908398
0.908407
0.908415
0.908423
0.908431
0.90844
0.908448
0.908456
0.908464
0.908473
0.908481
0.908489
0.908497
0.908506
0.908514
0.908522
0.90853
0.908538
0.908547
0.908555
0.908563
0.908571
0.90858
0.908588
0.908596
0.908604
0.908612
0.90862
0.908629
0.908637
0.908645
0.908653
0.908661
0.90867
0.908678
0.908686
0.908694
0.908702
0.90871
0.908718
0.908727
0.908735
0.908743
0.908751
0.908759
0.908767
0.908775
0.908783
0.908792
0.9088
0.908808
0.908816
0.908824
0.908832
0.90884
0.908848
0.908856
0.908864
0.908872
0.908881
0.908889
0.908897
0.908905
0.908913
0.908921
0.908929
0.908937
0.908945
0.908953
0.908961
0.908969
0.908977
0.908985
0.908993
0.909001
0.909009
0.909017
0.909025
0.909033
0.909041
0.909049
0.909057
0.909065
0.909073
0.909081
0.909089
0.909097
0.909105
0.909113
0.909121
0.909129
0.909137
0.909145
0.909153
0.909161
0.909169
0.909177
0.909185
0.909193
0.909201
0.909209
0.909217
0.909225
0.909233
0.90924
0.909248
0.909256
0.909264
0.909272
0.90928
0.909288
0.909296
0.909304
0.909312
0.90932
0.909327
0.909335
0.909343
0.909351
0.909359
0.909367
0.909375
0.909383
0.90939
0.909398
0.909406
0.909414
0.909422
0.90943
0.909438
0.909445
0.909453
0.909461
0.909469
0.909477
0.909485
0.909492
0.9095
0.909508
0.909516
0.909524
0.909531
0.909539
0.909547
0.909555
0.909563
0.90957
0.909578
0.909586
0.909594
0.909601
0.909609
0.909617
0.909625
0.909633
0.90964
0.909648
0.909656
0.909664
0.909671
0.909679
0.909687
0.909695
0.909702
0.90971
0.909718
0.909725
0.909733
0.909741
0.909749
0.909756
0.909764
0.909772
0.909779
0.909787
0.909795
0.909802
0.90981
0.909818
0.909826
0.909833
0.909841
0.909849
0.909856
0.909864
0.909872
0.909879
0.909887
0.909895
0.909902
0.90991
0.909917
0.909925
0.909933
0.90994
0.909948
0.909956
0.909963
0.909971
0.909979
0.909986
0.909994
0.910001
0.910009
0.910017
0.910024
0.910032
0.910039
0.910047
0.910055
0.910062
0.91007
0.910077
0.910085
0.910092
0.9101
0.910108
0.910115
0.910123
0.91013
0.910138
0.910145
0.910153
0.91016
0.910168
0.910175
0.910183
0.910191
0.910198
0.910206
0.910213
0.910221
0.910228
0.910236
0.910243
0.910251
0.910258
0.910266
0.910273
0.910281
0.910288
0.910296
0.910303
0.910311
0.910318
0.910326
0.910333
0.910341
0.910348
0.910355
0.910363
0.91037
0.910378
0.910385
0.910393
0.9104
0.910408
0.910415
0.910422
0.91043
0.910437
0.910445
0.910452
0.91046
0.910467
0.910474
0.910482
0.910489
0.910497
0.910504
0.910511
0.910519
0.910526
0.910534
0.910541
0.910548
0.910556
0.910563
0.910571
0.910578
0.910585
0.910593
0.9106
0.910607
0.910615
0.910622
0.910629
0.910637
0.910644
0.910652
0.910659
0.910666
0.910674
0.910681
0.910688
0.910695
0.910703
0.91071
0.910717
0.910725
0.910732
0.910739
0.910747
0.910754
0.910761
0.910769
0.910776
0.910783
0.91079
0.910798
0.910805
0.910812
0.91082
0.910827
0.910834
0.910841
0.910849
0.910856
0.910863
0.91087
0.910878
0.910885
0.910892
0.910899
0.910907
0.910914
0.910921
0.910928
0.910936
0.910943
0.91095
0.910957
0.910964
0.910972
0.910979
0.910986
0.910993
0.911
0.911008
0.911015
0.911022
0.911029
0.911036
0.911044
0.911051
0.911058
0.911065
0.911072
0.911079
0.911087
0.911094
0.911101
0.911108
0.911115
0.911122
0.91113
0.911137
0.911144
0.911151
0.911158
0.911165
0.911172
0.911179
0.911187
0.911194
0.911201
0.911208
0.911215
0.911222
0.911229
0.911236
0.911243
0.911251
0.911258
0.911265
0.911272
0.911279
0.911286
0.911293
0.9113
0.911307
0.911314
0.911321
0.911328
0.911336
0.911343
0.91135
0.911357
0.911364
0.911371
0.911378
0.911385
0.911392
0.911399
0.911406
0.911413
0.91142
0.911427
0.911434
0.911441
0.911448
0.911455
0.911462
0.911469
0.911476
0.911483
0.91149
0.911497
0.911504
0.911511
0.911518
0.911525
0.911532
0.911539
0.911546
0.911553
0.91156
0.911567
0.911574
0.911581
0.911588
0.911595
0.911602
0.911609
0.911616
0.911623
0.91163
0.911637
0.911643
0.91165
0.911657
0.911664
0.911671
0.911678
0.911685
0.911692
0.911699
0.911706
0.911713
0.91172
0.911727
0.911733
0.91174
0.911747
0.911754
0.911761
0.911768
0.911775
0.911782
0.911789
0.911795
0.911802
0.911809
0.911816
0.911823
0.91183
0.911837
0.911843
0.91185
0.911857
0.911864
0.911871
0.911878
0.911885
0.911891
0.911898
0.911905
0.911912
0.911919
0.911926
0.911932
0.911939
0.911946
0.911953
0.91196
0.911966
0.911973
0.91198
0.911987
0.911994
0.912
0.912007
0.912014
0.912021
0.912028
0.912034
0.912041
0.912048
0.912055
0.912062
0.912068
0.912075
0.912082
0.912089
0.912095
0.912102
0.912109
0.912116
0.912122
0.912129
0.912136
0.912143
0.912149
0.912156
0.912163
0.912169
0.912176
0.912183
0.91219
0.912196
0.912203
0.91221
0.912216
0.912223
0.91223
0.912237
0.912243
0.91225
0.912257
0.912263
0.91227
0.912277
0.912283
0.91229
0.912297
0.912303
0.91231
0.912317
0.912323
0.91233
0.912337
0.912343
0.91235
0.912357
0.912363
0.91237
0.912377
0.912383
0.91239
0.912397
0.912403
0.91241
0.912416
0.912423
0.91243
0.912436
0.912443
0.91245
0.912456
0.912463
0.912469
0.912476
0.912483
0.912489
0.912496
0.912502
0.912509
0.912516
0.912522
0.912529
0.912535
0.912542
0.912548
0.912555
0.912562
0.912568
0.912575
0.912581
0.912588
0.912594
0.912601
0.912608
0.912614
0.912621
0.912627
0.912634
0.91264
0.912647
0.912653
0.91266
0.912666
0.912673
0.912679
0.912686
0.912692
0.912699
0.912706
0.912712
0.912719
0.912725
0.912732
0.912738
0.912745
0.912751
0.912758
0.912764
0.912771
0.912777
0.912783
0.91279
0.912796
0.912803
0.912809
0.912816
0.912822
0.912829
0.912835
0.912842
0.912848
0.912855
0.912861
0.912868
0.912874
0.91288
0.912887
0.912893
0.9129
0.912906
0.912913
0.912919
0.912925
0.912932
0.912938
0.912945
0.912951
0.912958
0.912964
0.91297
0.912977
0.912983
0.91299
0.912996
0.913002
0.913009
0.913015
0.913022
0.913028
0.913034
0.913041
0.913047
0.913053
0.91306
0.913066
0.913073
0.913079
0.913085
0.913092
0.913098
0.913104
0.913111
0.913117
0.913123
0.91313
0.913136
0.913142
0.913149
0.913155
0.913161
0.913168
0.913174
0.91318
0.913187
0.913193
0.913199
0.913206
0.913212
0.913218
0.913225
0.913231
0.913237
0.913243
0.91325
0.913256
0.913262
0.913269
0.913275
0.913281
0.913288
0.913294
0.9133
0.913306
0.913313
0.913319
0.913325
0.913331
0.913338
0.913344
0.91335
0.913356
0.913363
0.913369
0.913375
0.913381
0.913388
0.913394
0.9134
0.913406
0.913413
0.913419
0.913425
0.913431
0.913438
0.913444
0.91345
0.913456
0.913462
0.913469
0.913475
0.913481
0.913487
0.913493
0.9135
0.913506
0.913512
0.913518
0.913524
0.913531
0.913537
0.913543
0.913549
0.913555
0.913562
0.913568
0.913574
0.91358
0.913586
0.913592
0.913598
0.913605
0.913611
0.913617
0.913623
0.913629
0.913635
0.913642
0.913648
0.913654
0.91366
0.913666
0.913672
0.913678
0.913684
0.913691
0.913697
0.913703
0.913709
0.913715
0.913721
0.913727
0.913733
0.91374
0.913746
0.913752
0.913758
0.913764
0.91377
0.913776
0.913782
0.913788
0.913794
0.9138
0.913807
0.913813
0.913819
0.913825
0.913831
0.913837
0.913843
0.913849
0.913855
0.913861
0.913867
0.913873
0.913879
0.913885
0.913891
0.913897
0.913903
0.913909
0.913916
0.913922
0.913928
0.913934
0.91394
0.913946
0.913952
0.913958
0.913964
0.91397
0.913976
0.913982
0.913988
0.913994
0.914
0.914006
0.914012
0.914018
0.914024
0.91403
0.914036
0.914042
0.914048
0.914054
0.91406
0.914066
0.914072
0.914078
0.914084
0.91409
0.914095
0.914101
0.914107
0.914113
0.914119
0.914125
0.914131
0.914137
0.914143
0.914149
0.914155
0.914161
0.914167
0.914173
0.914179
0.914185
0.914191
0.914197
0.914202
0.914208
0.914214
0.91422
0.914226
0.914232
0.914238
0.914244
0.91425
0.914256
0.914262
0.914267
0.914273
0.914279
0.914285
0.914291
0.914297
0.914303
0.914309
0.914315
0.91432
0.914326
0.914332
0.914338
0.914344
0.91435
0.914356
0.914362
0.914367
0.914373
0.914379
0.914385
0.914391
0.914397
0.914402
0.914408
0.914414
0.91442
0.914426
0.914432
0.914438
0.914443
0.914449
0.914455
0.914461
0.914467
0.914472
0.914478
0.914484
0.91449
0.914496
0.914502
0.914507
0.914513
0.914519
0.914525
0.914531
0.914536
0.914542
0.914548
0.914554
0.914559
0.914565
0.914571
0.914577
0.914583
0.914588
0.914594
0.9146
0.914606
0.914611
0.914617
0.914623
0.914629
0.914634
0.91464
0.914646
0.914652
0.914657
0.914663
0.914669
0.914675
0.91468
0.914686
0.914692
0.914698
0.914703
0.914709
0.914715
0.914721
0.914726
0.914732
0.914738
0.914743
0.914749
0.914755
0.914761
0.914766
0.914772
0.914778
0.914783
0.914789
0.914795
0.9148
0.914806
0.914812
0.914817
0.914823
0.914829
0.914835
0.91484
0.914846
0.914852
0.914857
0.914863
0.914869
0.914874
0.91488
0.914886
0.914891
0.914897
0.914903
0.914908
0.914914
0.914919
0.914925
0.914931
0.914936
0.914942
0.914948
0.914953
0.914959
0.914965
0.91497
0.914976
0.914981
0.914987
0.914993
0.914998
0.915004
0.915009
0.915015
0.915021
0.915026
0.915032
0.915038
0.915043
0.915049
0.915054
0.91506
0.915065
0.915071
0.915077
0.915082
0.915088
0.915093
0.915099
0.915105
0.91511
0.915116
0.915121
0.915127
0.915132
0.915138
0.915143
0.915149
0.915155
0.91516
0.915166
0.915171
0.915177
0.915182
0.915188
0.915193
0.915199
0.915205
0.91521
0.915216
0.915221
0.915227
0.915232
0.915238
0.915243
0.915249
0.915254
0.91526
0.915265
0.915271
0.915276
0.915282
0.915287
0.915293
0.915298
0.915304
0.915309
0.915315
0.91532
0.915326
0.915331
0.915337
0.915342
0.915348
0.915353
0.915359
0.915364
0.91537
0.915375
0.915381
0.915386
0.915391
0.915397
0.915402
0.915408
0.915413
0.915419
0.915424
0.91543
0.915435
0.915441
0.915446
0.915451
0.915457
0.915462
0.915468
0.915473
0.915479
0.915484
0.915489
0.915495
0.9155
0.915506
0.915511
0.915517
0.915522
0.915527
0.915533
0.915538
0.915544
0.915549
0.915554
0.91556
0.915565
0.915571
0.915576
0.915581
0.915587
0.915592
0.915598
0.915603
0.915608
0.915614
0.915619
0.915624
0.91563
0.915635
0.915641
0.915646
0.915651
0.915657
0.915662
0.915667
0.915673
0.915678
0.915683
0.915689
0.915694
0.9157
0.915705
0.91571
0.915716
0.915721
0.915726
0.915732
0.915737
0.915742
0.915748
0.915753
0.915758
0.915764
0.915769
0.915774
0.915779
0.915785
0.91579
0.915795
0.915801
0.915806
0.915811
0.915817
0.915822
0.915827
0.915833
0.915838
0.915843
0.915848
0.915854
0.915859
0.915864
0.91587
0.915875
0.91588
0.915885
0.915891
0.915896
0.915901
0.915906
0.915912
0.915917
0.915922
0.915928
0.915933
0.915938
0.915943
0.915949
0.915954
0.915959
0.915964
0.91597
0.915975
0.91598
0.915985
0.91599
0.915996
0.916001
0.916006
0.916011
0.916017
0.916022
0.916027
0.916032
0.916038
0.916043
0.916048
0.916053
0.916058
0.916064
0.916069
0.916074
0.916079
0.916084
0.91609
0.916095
0.9161
0.916105
0.91611
0.916116
0.916121
0.916126
0.916131
0.916136
0.916141
0.916147
0.916152
0.916157
0.916162
0.916167
0.916173
0.916178
0.916183
0.916188
0.916193
0.916198
0.916203
0.916209
0.916214
0.916219
0.916224
0.916229
0.916234
0.91624
0.916245
0.91625
0.916255
0.91626
0.916265
0.91627
0.916275
0.916281
0.916286
0.916291
0.916296
0.916301
0.916306
0.916311
0.916316
0.916322
0.916327
0.916332
0.916337
0.916342
0.916347
0.916352
0.916357
0.916362
0.916367
0.916373
0.916378
0.916383
0.916388
0.916393
0.916398
0.916403
0.916408
0.916413
0.916418
