0.001
0.00778728
0.0151625
0.0227024
0.0302281
0.0376669
0.0449915
0.0521936
0.0592725
0.0662304
0.0730703
0.0797955
0.0864095
0.0929154
0.0993164
0.105616
0.111816
0.11792
0.123931
0.129851
0.135683
0.14143
0.147094
0.152676
0.158181
0.163609
0.168963
0.174245
0.179456
0.184599
0.189675
0.194686
0.199633
0.204519
0.209344
0.214111
0.21882
0.223473
0.228071
0.232615
0.237107
0.241547
0.245938
0.250279
0.254573
0.258819
0.26302
0.267175
0.271287
0.275355
0.279381
0.283365
0.287308
0.291212
0.295076
0.298902
0.302691
0.306442
0.310157
0.313837
0.317481
0.321091
0.324668
0.328211
0.331722
0.3352
0.338648
0.342064
0.34545
0.348805
0.352132
0.355429
0.358699
0.36194
0.365153
0.368339
0.371499
0.374632
0.37774
0.380822
0.383879
0.386911
0.389918
0.392902
0.395862
0.398798
0.401712
0.404603
0.407471
0.410317
0.413142
0.415945
0.418727
0.421488
0.424228
0.426948
0.429648
0.432328
0.434988
0.43763
0.440251
0.442855
0.445439
0.448005
0.450553
0.453083
0.455595
0.458089
0.460566
0.463026
0.465469
0.467895
0.470304
0.472698
0.475074
0.477435
0.47978
0.482109
0.484423
0.486721
0.489004
0.491272
0.493525
0.495764
0.497987
0.500196
0.502391
0.504572
0.506738
0.508891
0.51103
0.513155
0.515267
0.517365
0.51945
0.521522
0.523581
0.525627
0.52766
0.52968
0.531688
0.533683
0.535666
0.537637
0.539596
0.541542
0.543477
0.5454
0.547311
0.54921
0.551098
0.552975
0.55484
0.556694
0.558536
0.560368
0.562188
0.563998
0.565797
0.567585
0.569363
0.57113
0.572886
0.574632
0.576368
0.578093
0.579808
0.581514
0.583209
0.584894
0.586569
0.588235
0.589891
0.591537
0.593173
0.5948
0.596418
0.598026
0.599625
0.601214
0.602795
0.604366
0.605928
0.607482
0.609026
0.610562
0.612088
0.613606
0.615115
0.616616
0.618108
0.619591
0.621066
0.622533
0.623991
0.625441
0.626883
0.628317
0.629742
0.631159
0.632569
0.63397
0.635364
0.636749
0.638127
0.639497
0.640859
0.642214
0.643561
0.6449
0.646232
0.647557
0.648874
0.650184
0.651486
0.652781
0.654069
0.655349
0.656623
0.657889
0.659148
0.660401
0.661646
0.662884
0.664116
0.665341
0.666558
0.667769
0.668974
0.670171
0.671362
0.672547
0.673725
0.674896
0.676061
0.677219
0.678371
0.679517
0.680656
0.681789
0.682916
0.684037
0.685151
0.686259
0.687361
0.688458
0.689548
0.690632
0.69171
0.692782
0.693848
0.694909
0.695963
0.697012
0.698055
0.699092
0.700124
0.70115
0.70217
0.703185
0.704194
0.705198
0.706196
0.707189
0.708176
0.709158
0.710135
0.711106
0.712072
0.713033
0.713988
0.714938
0.715883
0.716823
0.717758
0.718688
0.719612
0.720532
0.721446
0.722356
0.723261
0.72416
0.725055
0.725945
0.72683
0.72771
0.728586
0.729457
0.730323
0.731184
0.732041
0.732893
0.73374
0.734583
0.735421
0.736255
0.737084
0.737909
0.738729
0.739545
0.740356
0.741163
0.741966
0.742764
0.743558
0.744348
0.745133
0.745914
0.746691
0.747464
0.748233
0.748997
0.749757
0.750513
0.751266
0.752014
0.752758
0.753498
0.754234
0.754966
0.755694
0.756418
0.757138
0.757855
0.758567
0.759276
0.759981
0.760682
0.761379
0.762073
0.762763
0.763449
0.764131
0.76481
0.765485
0.766157
0.766825
0.767489
0.76815
0.768807
0.769461
0.770111
0.770758
0.771401
0.772041
0.772677
0.77331
0.77394
0.774566
0.775189
0.775808
0.776425
0.777038
0.777647
0.778254
0.778857
0.779457
0.780053
0.780647
0.781237
0.781824
0.782408
0.782989
0.783567
0.784142
0.784714
0.785282
0.785848
0.78641
0.78697
0.787527
0.78808
0.788631
0.789179
0.789724
0.790266
0.790805
0.791341
0.791874
0.792405
0.792932
0.793457
0.793979
0.794499
0.795015
0.795529
0.79604
0.796548
0.797054
0.797557
0.798057
0.798555
0.79905
0.799542
0.800032
0.800519
0.801004
0.801486
0.801966
0.802443
0.802917
0.803389
0.803858
0.804325
0.80479
0.805252
0.805711
0.806168
0.806623
0.807075
0.807525
0.807973
0.808418
0.808861
0.809302
0.80974
0.810176
0.810609
0.81104
0.811469
0.811896
0.812321
0.812743
0.813163
0.813581
0.813997
0.81441
0.814821
0.815231
0.815637
0.816042
0.816445
0.816846
0.817244
0.817641
0.818035
0.818427
0.818817
0.819205
0.819592
0.819976
0.820358
0.820738
0.821116
0.821492
0.821866
0.822238
0.822609
0.822977
0.823343
0.823708
0.82407
0.824431
0.82479
0.825147
0.825502
0.825855
0.826206
0.826556
0.826904
0.827249
0.827593
0.827936
0.828276
0.828615
0.828952
0.829287
0.829621
0.829952
0.830282
0.830611
0.830937
0.831262
0.831586
0.831907
0.832227
0.832545
0.832862
0.833177
0.83349
0.833802
0.834112
0.83442
0.834727
0.835032
0.835336
0.835638
0.835939
0.836238
0.836535
0.836831
0.837125
0.837418
0.83771
0.838
0.838288
0.838575
0.83886
0.839144
0.839427
0.839708
0.839987
0.840265
0.840542
0.840817
0.841091
0.841364
0.841635
0.841904
0.842173
0.84244
0.842705
0.842969
0.843232
0.843494
0.843754
0.844013
0.84427
0.844526
0.844781
0.845035
0.845287
0.845538
0.845788
0.846036
0.846283
0.846529
0.846774
0.847017
0.847259
0.8475
0.84774
0.847978
0.848216
0.848452
0.848687
0.84892
0.849153
0.849384
0.849614
0.849843
0.850071
0.850298
0.850523
0.850747
0.850971
0.851193
0.851414
0.851634
0.851852
0.85207
0.852287
0.852502
0.852716
0.85293
0.853142
0.853353
0.853563
0.853772
0.85398
0.854187
0.854393
0.854598
0.854801
0.855004
0.855206
0.855407
0.855606
0.855805
0.856003
0.8562
0.856395
0.85659
0.856784
0.856977
0.857169
0.85736
0.85755
0.857739
0.857927
0.858114
0.8583
0.858485
0.85867
0.858853
0.859036
0.859217
0.859398
0.859578
0.859757
0.859935
0.860112
0.860288
0.860464
0.860638
0.860812
0.860985
0.861157
0.861328
0.861498
0.861668
0.861836
0.862004
0.862171
0.862337
0.862502
0.862667
0.86283
0.862993
0.863155
0.863316
0.863477
0.863637
0.863795
0.863954
0.864111
0.864267
0.864423
0.864578
0.864733
0.864886
0.865039
0.865191
0.865342
0.865493
0.865643
0.865792
0.86594
0.866088
0.866235
0.866381
0.866526
0.866671
0.866815
0.866959
0.867101
0.867243
0.867385
0.867525
0.867665
0.867804
0.867943
0.868081
0.868218
0.868355
0.868491
0.868626
0.868761
0.868895
0.869028
0.869161
0.869293
0.869424
0.869555
0.869685
0.869815
0.869943
0.870072
0.870199
0.870327
0.870453
0.870579
0.870704
0.870829
0.870953
0.871076
0.871199
0.871322
0.871443
0.871564
0.871685
0.871805
0.871924
0.872043
0.872162
0.872279
0.872397
0.872513
0.872629
0.872745
0.87286
0.872974
0.873088
0.873201
0.873314
0.873427
0.873538
0.87365
0.87376
0.873871
0.87398
0.874089
0.874198
0.874306
0.874414
0.874521
0.874628
0.874734
0.874839
0.874945
0.875049
0.875153
0.875257
0.87536
0.875463
0.875565
0.875667
0.875768
0.875869
0.87597
0.87607
0.876169
0.876268
0.876367
0.876465
0.876562
0.876659
0.876756
0.876852
0.876948
0.877044
0.877139
0.877233
0.877327
0.877421
0.877514
0.877607
0.877699
0.877791
0.877883
0.877974
0.878065
0.878155
0.878245
0.878334
0.878424
0.878512
0.8786
0.878688
0.878776
0.878863
0.87895
0.879036
0.879122
0.879207
0.879292
0.879377
0.879462
0.879546
0.879629
0.879712
0.879795
0.879878
0.87996
0.880042
0.880123
0.880204
0.880285
0.880365
0.880445
0.880525
0.880604
0.880683
0.880761
0.880839
0.880917
0.880995
0.881072
0.881149
0.881225
0.881301
0.881377
0.881453
0.881528
0.881602
0.881677
0.881751
0.881825
0.881898
0.881972
0.882044
0.882117
0.882189
0.882261
0.882333
0.882404
0.882475
0.882546
0.882616
0.882686
0.882756
0.882825
0.882894
0.882963
0.883032
0.8831
0.883168
0.883236
0.883303
0.88337
0.883437
0.883503
0.88357
0.883636
0.883701
0.883767
0.883832
0.883897
0.883961
0.884025
0.884089
0.884153
0.884217
0.88428
0.884343
0.884405
0.884468
0.88453
0.884592
0.884653
0.884715
0.884776
0.884836
0.884897
0.884957
0.885017
0.885077
0.885137
0.885196
0.885255
0.885314
0.885373
0.885431
0.885489
0.885547
0.885604
0.885662
0.885719
0.885776
0.885832
0.885889
0.885945
0.886001
0.886057
0.886112
0.886168
0.886223
0.886277
0.886332
0.886386
0.886441
0.886494
0.886548
0.886602
0.886655
0.886708
0.886761
0.886813
0.886866
0.886918
0.88697
0.887022
0.887073
0.887125
0.887176
0.887227
0.887278
0.887328
0.887378
0.887429
0.887479
0.887528
0.887578
0.887627
0.887676
0.887725
0.887774
0.887823
0.887871
0.887919
0.887967
0.888015
0.888063
0.88811
0.888157
0.888204
0.888251
0.888298
0.888344
0.888391
0.888437
0.888483
0.888529
0.888574
0.88862
0.888665
0.88871
0.888755
0.8888
0.888844
0.888888
0.888933
0.888977
0.889021
0.889064
0.889108
0.889151
0.889194
0.889237
0.88928
0.889323
0.889366
0.889408
0.88945
0.889492
0.889534
0.889576
0.889617
0.889659
0.8897
0.889741
0.889782
0.889823
0.889864
0.889904
0.889945
0.889985
0.890025
0.890065
0.890105
0.890144
0.890184
0.890223
0.890262
0.890301
0.89034
0.890379
0.890417
0.890456
0.890494
0.890532
0.89057
0.890608
0.890646
0.890683
0.890721
0.890758
0.890796
0.890833
0.89087
0.890906
0.890943
0.89098
0.891016
0.891052
0.891088
0.891124
0.89116
0.891196
0.891232
0.891267
0.891302
0.891338
0.891373
0.891408
0.891443
0.891477
0.891512
0.891547
0.891581
0.891615
0.891649
0.891683
0.891717
0.891751
0.891785
0.891818
0.891852
0.891885
0.891918
0.891951
0.891984
0.892017
0.89205
0.892083
0.892115
0.892147
0.89218
0.892212
0.892244
0.892276
0.892308
0.892339
0.892371
0.892403
0.892434
0.892465
0.892497
0.892528
0.892559
0.89259
0.89262
0.892651
0.892682
0.892712
0.892742
0.892773
0.892803
0.892833
0.892863
0.892893
0.892923
0.892952
0.892982
0.893011
0.893041
0.89307
0.893099
0.893128
0.893157
0.893186
0.893215
0.893244
0.893272
0.893301
0.893329
0.893357
0.893386
0.893414
0.893442
0.89347
0.893498
0.893526
0.893553
0.893581
0.893608
0.893636
0.893663
0.89369
0.893718
0.893745
0.893772
0.893799
0.893825
0.893852
0.893879
0.893905
0.893932
0.893958
0.893985
0.894011
0.894037
0.894063
0.894089
0.894115
0.894141
0.894167
0.894192
0.894218
0.894243
0.894269
0.894294
0.89432
0.894345
0.89437
0.894395
0.89442
0.894445
0.89447
0.894494
0.894519
0.894544
0.894568
0.894593
0.894617
0.894641
0.894666
0.89469
0.894714
0.894738
0.894762
0.894786
0.894809
0.894833
0.894857
0.89488
0.894904
0.894927
0.894951
0.894974
0.894997
0.89502
0.895044
0.895067
0.89509
0.895113
0.895135
0.895158
0.895181
0.895203
0.895226
0.895249
0.895271
0.895293
0.895316
0.895338
0.89536
0.895382
0.895404
0.895426
0.895448
0.89547
0.895492
0.895514
0.895535
0.895557
0.895579
0.8956
0.895621
0.895643
0.895664
0.895685
0.895707
0.895728
0.895749
0.89577
0.895791
0.895812
0.895833
0.895853
0.895874
0.895895
0.895915
0.895936
0.895957
0.895977
0.895997
0.896018
0.896038
0.896058
0.896078
0.896099
0.896119
0.896139
0.896159
0.896179
0.896198
0.896218
0.896238
0.896258
0.896277
0.896297
0.896316
0.896336
0.896355
0.896375
0.896394
0.896413
0.896433
0.896452
0.896471
0.89649
0.896509
0.896528
0.896547
0.896566
0.896585
0.896603
0.896622
0.896641
0.89666
0.896678
0.896697
0.896715
0.896734
0.896752
0.89677
0.896789
0.896807
0.896825
0.896843
0.896861
0.89688
0.896898
0.896916
0.896934
0.896951
0.896969
0.896987
0.897005
0.897023
0.89704
0.897058
0.897075
0.897093
0.897111
0.897128
0.897145
0.897163
0.89718
0.897197
0.897215
0.897232
0.897249
0.897266
0.897283
0.8973
0.897317
0.897334
0.897351
0.897368
0.897385
0.897402
0.897418
0.897435
0.897452
0.897468
0.897485
0.897502
0.897518
0.897535
0.897551
0.897567
0.897584
0.8976
0.897616
0.897633
0.897649
0.897665
0.897681
0.897697
0.897713
0.897729
0.897745
0.897761
0.897777
0.897793
0.897809
0.897825
0.89784
0.897856
0.897872
0.897887
0.897903
0.897919
0.897934
0.89795
0.897965
0.897981
0.897996
0.898011
0.898027
0.898042
0.898057
0.898073
0.898088
0.898103
0.898118
0.898133
0.898148
0.898163
0.898178
0.898193
0.898208
0.898223
0.898238
0.898253
0.898268
0.898282
0.898297
0.898312
0.898326
0.898341
0.898356
0.89837
0.898385
0.898399
0.898414
0.898428
0.898443
0.898457
0.898471
0.898486
0.8985
0.898514
0.898529
0.898543
0.898557
0.898571
0.898585
0.898599
0.898613
0.898627
0.898641
0.898655
0.898669
0.898683
0.898697
0.898711
0.898725
0.898739
0.898752
0.898766
0.89878
0.898794
0.898807
0.898821
0.898835
0.898848
0.898862
0.898875
0.898889
0.898902
0.898916
0.898929
0.898942
0.898956
0.898969
0.898982
0.898996
0.899009
0.899022
0.899035
0.899048
0.899062
0.899075
0.899088
0.899101
0.899114
0.899127
0.89914
0.899153
0.899166
0.899179
0.899192
0.899204
0.899217
0.89923
0.899243
0.899256
0.899268
0.899281
0.899294
0.899306
0.899319
0.899332
0.899344
0.899357
0.899369
0.899382
0.899394
0.899407
0.899419
0.899432
0.899444
0.899456
0.899469
0.899481
0.899493
0.899506
0.899518
0.89953
0.899542
0.899555
0.899567
0.899579
0.899591
0.899603
0.899615
0.899627
0.899639
0.899651
0.899663
0.899675
0.899687
0.899699
0.899711
0.899723
0.899735
0.899747
0.899758
0.89977
0.899782
0.899794
0.899805
0.899817
0.899829
0.89984
0.899852
0.899864
0.899875
0.899887
0.899898
0.89991
0.899921
0.899933
0.899944
0.899956
0.899967
0.899979
0.89999
0.900002
0.900013
0.900024
0.900036
0.900047
0.900058
0.900069
0.900081
0.900092
0.900103
0.900114
0.900125
0.900136
0.900148
0.900159
0.90017
0.900181
0.900192
0.900203
0.900214
0.900225
0.900236
0.900247
0.900258
0.900269
0.900279
0.90029
0.900301
0.900312
0.900323
0.900334
0.900344
0.900355
0.900366
0.900377
0.900387
0.900398
0.900409
0.900419
0.90043
0.900441
0.900451
0.900462
0.900472
0.900483
0.900493
0.900504
0.900514
0.900525
0.900535
0.900546
0.900556
0.900567
0.900577
0.900587
0.900598
0.900608
0.900618
0.900629
0.900639
0.900649
0.900659
0.90067
0.90068
0.90069
0.9007
0.90071
0.900721
0.900731
0.900741
0.900751
0.900761
0.900771
0.900781
0.900791
0.900801
0.900811
0.900821
0.900831
0.900841
0.900851
0.900861
0.900871
0.900881
0.900891
0.900901
0.90091
0.90092
0.90093
0.90094
0.90095
0.900959
0.900969
0.900979
0.900989
0.900998
0.901008
0.901018
0.901027
0.901037
0.901047
0.901056
0.901066
0.901075
0.901085
0.901095
0.901104
0.901114
0.901123
0.901133
0.901142
0.901152
0.901161
0.901171
0.90118
0.901189
0.901199
0.901208
0.901218
0.901227
0.901236
0.901246
0.901255
0.901264
0.901274
0.901283
0.901292
0.901301
0.901311
0.90132
0.901329
0.901338
0.901347
0.901356
0.901366
0.901375
0.901384
0.901393
0.901402
0.901411
0.90142
0.901429
0.901438
0.901447
0.901456
0.901465
0.901474
0.901483
0.901492
0.901501
0.90151
0.901519
0.901528
0.901537
0.901546
0.901555
0.901564
0.901572
0.901581
0.90159
0.901599
0.901608
0.901616
0.901625
0.901634
0.901643
0.901651
0.90166
0.901669
0.901678
0.901686
0.901695
0.901704
0.901712
0.901721
0.901729
0.901738
0.901747
0.901755
0.901764
0.901772
0.901781
0.901789
0.901798
0.901806
0.901815
0.901823
0.901832
0.90184
0.901849
0.901857
0.901866
0.901874
0.901882
0.901891
0.901899
0.901908
0.901916
0.901924
0.901933
0.901941
0.901949
0.901958
0.901966
0.901974
0.901982
0.901991
0.901999
0.902007
0.902015
0.902024
0.902032
0.90204
0.902048
0.902056
0.902064
0.902073
0.902081
0.902089
0.902097
0.902105
0.902113
0.902121
0.902129
0.902137
0.902145
0.902153
0.902161
0.902169
0.902177
0.902185
0.902193
0.902201
0.902209
0.902217
0.902225
0.902233
0.902241
0.902249
0.902257
0.902265
0.902272
0.90228
0.902288
0.902296
0.902304
0.902312
0.902319
0.902327
0.902335
0.902343
0.90235
0.902358
0.902366
0.902374
0.902381
0.902389
0.902397
0.902405
0.902412
0.90242
0.902428
0.902435
0.902443
0.90245
0.902458
0.902466
0.902473
0.902481
0.902488
0.902496
0.902504
0.902511
0.902519
0.902526
0.902534
0.902541
0.902549
0.902556
0.902564
0.902571
0.902579
0.902586
0.902594
0.902601
0.902608
0.902616
0.902623
0.902631
0.902638
0.902645
0.902653
0.90266
0.902667
0.902675
0.902682
0.902689
0.902697
0.902704
0.902711
0.902719
0.902726
0.902733
0.90274
0.902748
0.902755
0.902762
0.902769
0.902777
0.902784
0.902791
0.902798
0.902805
0.902812
0.90282
0.902827
0.902834
0.902841
0.902848
0.902855
0.902862
0.902869
0.902877
0.902884
0.902891
0.902898
0.902905
0.902912
0.902919
0.902926
0.902933
0.90294
0.902947
0.902954
0.902961
0.902968
0.902975
0.902982
0.902989
0.902996
0.903002
0.903009
0.903016
0.903023
0.90303
0.903037
0.903044
0.903051
0.903058
0.903064
0.903071
0.903078
0.903085
0.903092
0.903099
0.903105
0.903112
0.903119
0.903126
0.903132
0.903139
0.903146
0.903153
0.903159
0.903166
0.903173
0.90318
0.903186
0.903193
0.9032
0.903206
0.903213
0.90322
0.903226
0.903233
0.90324
0.903246
0.903253
0.903259
0.903266
0.903273
0.903279
0.903286
0.903292
0.903299
0.903305
0.903312
0.903318
0.903325
0.903332
0.903338
0.903345
0.903351
0.903358
0.903364
0.90337
0.903377
0.903383
0.90339
0.903396
0.903403
0.903409
0.903416
0.903422
0.903428
0.903435
0.903441
0.903448
0.903454
0.90346
0.903467
0.903473
0.903479
0.903486
0.903492
0.903498
0.903505
0.903511
0.903517
0.903524
0.90353
0.903536
0.903542
0.903549
0.903555
0.903561
0.903567
0.903574
0.90358
0.903586
0.903592
0.903598
0.903605
0.903611
0.903617
0.903623
0.903629
0.903636
0.903642
0.903648
0.903654
0.90366
0.903666
0.903672
0.903678
0.903685
0.903691
0.903697
0.903703
0.903709
0.903715
0.903721
0.903727
0.903733
0.903739
0.903745
0.903751
0.903757
0.903763
0.903769
0.903775
0.903781
0.903787
0.903793
0.903799
0.903805
0.903811
0.903817
0.903823
0.903829
0.903835
0.903841
0.903847
0.903853
0.903858
0.903864
0.90387
0.903876
0.903882
0.903888
0.903894
0.9039
0.903905
0.903911
0.903917
0.903923
0.903929
0.903934
0.90394
0.903946
0.903952
0.903958
0.903963
0.903969
0.903975
0.903981
0.903987
0.903992
0.903998
0.904004
0.904009
0.904015
0.904021
0.904027
0.904032
0.904038
0.904044
0.904049
0.904055
0.904061
0.904066
0.904072
0.904078
0.904083
0.904089
0.904095
0.9041
0.904106
0.904111
0.904117
0.904123
0.904128
0.904134
0.904139
0.904145
0.90415
0.904156
0.904162
0.904167
0.904173
0.904178
0.904184
0.904189
0.904195
0.9042
0.904206
0.904211
0.904217
0.904222
0.904228
0.904233
0.904239
0.904244
0.90425
0.904255
0.904261
0.904266
0.904271
0.904277
0.904282
0.904288
0.904293
0.904298
0.904304
0.904309
0.904315
0.90432
0.904325
0.904331
0.904336
0.904341
0.904347
0.904352
0.904357
0.904363
0.904368
0.904373
0.904379
0.904384
0.904389
0.904395
0.9044
0.904405
0.90441
0.904416
0.904421
0.904426
0.904431
0.904437
0.904442
0.904447
0.904452
0.904458
0.904463
0.904468
0.904473
0.904478
0.904484
0.904489
0.904494
0.904499
0.904504
0.90451
0.904515
0.90452
0.904525
0.90453
0.904535
0.90454
0.904546
0.904551
0.904556
0.904561
0.904566
0.904571
0.904576
0.904581
0.904586
0.904591
0.904596
0.904602
0.904607
0.904612
0.904617
0.904622
0.904627
0.904632
0.904637
0.904642
0.904647
0.904652
0.904657
0.904662
0.904667
0.904672
0.904677
0.904682
0.904687
0.904692
0.904697
0.904702
0.904707
0.904712
0.904717
0.904721
0.904726
0.904731
0.904736
0.904741
0.904746
0.904751
0.904756
0.904761
0.904766
0.90477
0.904775
0.90478
0.904785
0.90479
0.904795
0.9048
0.904804
0.904809
0.904814
0.904819
0.904824
0.904829
0.904833
0.904838
0.904843
0.904848
0.904853
0.904857
0.904862
0.904867
0.904872
0.904877
0.904881
0.904886
0.904891
0.904896
0.9049
0.904905
0.90491
0.904914
0.904919
0.904924
0.904929
0.904933
0.904938
0.904943
0.904947
0.904952
0.904957
0.904961
0.904966
0.904971
0.904975
0.90498
0.904985
0.904989
0.904994
0.904999
0.905003
0.905008
0.905013
0.905017
0.905022
0.905026
0.905031
0.905036
0.90504
0.905045
0.905049
0.905054
0.905058
0.905063
0.905068
0.905072
0.905077
0.905081
0.905086
0.90509
0.905095
0.905099
0.905104
0.905108
0.905113
0.905117
0.905122
0.905126
0.905131
0.905135
0.90514
0.905144
0.905149
0.905153
0.905158
0.905162
0.905167
0.905171
0.905176
0.90518
0.905184
0.905189
0.905193
0.905198
0.905202
0.905207
0.905211
0.905215
0.90522
0.905224
0.905229
0.905233
0.905237
0.905242
0.905246
0.90525
0.905255
0.905259
0.905263
0.905268
0.905272
0.905277
0.905281
0.905285
0.90529
0.905294
0.905298
0.905302
0.905307
0.905311
0.905315
0.90532
0.905324
0.905328
0.905333
0.905337
0.905341
0.905345
0.90535
0.905354
0.905358
0.905362
0.905367
0.905371
0.905375
0.905379
0.905384
0.905388
0.905392
0.905396
0.9054
0.905405
0.905409
0.905413
0.905417
0.905421
0.905426
0.90543
0.905434
0.905438
0.905442
0.905446
0.905451
0.905455
0.905459
0.905463
0.905467
0.905471
0.905475
0.90548
0.905484
0.905488
0.905492
0.905496
0.9055
0.905504
0.905508
0.905512
0.905516
0.905521
0.905525
0.905529
0.905533
0.905537
0.905541
0.905545
0.905549
0.905553
0.905557
0.905561
0.905565
0.905569
0.905573
0.905577
0.905581
0.905585
0.905589
0.905593
0.905597
0.905601
0.905605
0.905609
0.905613
0.905617
0.905621
0.905625
0.905629
0.905633
0.905637
0.905641
0.905645
0.905649
0.905653
0.905657
0.905661
0.905665
0.905669
0.905673
0.905677
0.90568
0.905684
0.905688
0.905692
0.905696
0.9057
0.905704
0.905708
0.905712
0.905716
0.905719
0.905723
0.905727
0.905731
0.905735
0.905739
0.905743
0.905746
0.90575
0.905754
0.905758
0.905762
0.905766
0.905769
0.905773
0.905777
0.905781
0.905785
0.905789
0.905792
0.905796
0.9058
0.905804
0.905807
0.905811
0.905815
0.905819
0.905823
0.905826
0.90583
0.905834
0.905838
0.905841
0.905845
0.905849
0.905853
0.905856
0.90586
0.905864
0.905868
0.905871
0.905875
0.905879
0.905882
0.905886
0.90589
0.905894
0.905897
0.905901
0.905905
0.905908
0.905912
0.905916
0.905919
0.905923
0.905927
0.90593
0.905934
0.905938
0.905941
0.905945
0.905949
0.905952
0.905956
0.905959
0.905963
0.905967
0.90597
0.905974
0.905978
0.905981
0.905985
0.905988
0.905992
0.905996
0.905999
0.906003
0.906006
0.90601
0.906013
0.906017
0.906021
0.906024
0.906028
0.906031
0.906035
0.906038
0.906042
0.906045
0.906049
0.906053
0.906056
0.90606
0.906063
0.906067
0.90607
0.906074
0.906077
0.906081
0.906084
0.906088
0.906091
0.906095
0.906098
0.906102
0.906105
0.906109
0.906112
0.906116
0.906119
0.906123
0.906126
0.906129
0.906133
0.906136
0.90614
0.906143
0.906147
0.90615
0.906154
0.906157
0.90616
0.906164
0.906167
0.906171
0.906174
0.906178
0.906181
0.906184
0.906188
0.906191
0.906195
0.906198
0.906201
0.906205
0.906208
0.906211
0.906215
0.906218
0.906222
0.906225
0.906228
0.906232
0.906235
0.906238
0.906242
0.906245
0.906248
0.906252
0.906255
0.906258
0.906262
0.906265
0.906268
0.906272
0.906275
0.906278
0.906282
0.906285
0.906288
0.906291
0.906295
0.906298
0.906301
0.906305
0.906308
0.906311
0.906314
0.906318
0.906321
0.906324
0.906327
0.906331
0.906334
0.906337
0.90634
0.906344
0.906347
0.90635
0.906353
0.906357
0.90636
0.906363
0.906366
0.90637
0.906373
0.906376
0.906379
0.906382
0.906386
0.906389
0.906392
0.906395
0.906398
0.906402
0.906405
0.906408
0.906411
0.906414
0.906417
0.906421
0.906424
0.906427
0.90643
0.906433
0.906436
0.90644
0.906443
0.906446
0.906449
0.906452
0.906455
0.906458
0.906461
0.906465
0.906468
0.906471
0.906474
0.906477
0.90648
0.906483
0.906486
0.906489
0.906493
0.906496
0.906499
0.906502
0.906505
0.906508
0.906511
0.906514
0.906517
0.90652
0.906523
0.906526
0.906529
0.906533
0.906536
0.906539
0.906542
0.906545
0.906548
0.906551
0.906554
0.906557
0.90656
0.906563
0.906566
0.906569
0.906572
0.906575
0.906578
0.906581
0.906584
0.906587
0.90659
0.906593
0.906596
0.906599
0.906602
0.906605
0.906608
0.906611
0.906614
0.906617
0.90662
0.906623
0.906626
0.906629
0.906632
0.906635
0.906638
0.90664
0.906643
0.906646
0.906649
0.906652
0.906655
0.906658
0.906661
0.906664
0.906667
0.90667
0.906673
0.906676
0.906679
0.906681
0.906684
0.906687
0.90669
0.906693
0.906696
0.906699
0.906702
0.906705
0.906707
0.90671
0.906713
0.906716
0.906719
0.906722
0.906725
0.906728
0.90673
0.906733
0.906736
0.906739
0.906742
0.906745
0.906748
0.90675
0.906753
0.906756
0.906759
0.906762
0.906765
0.906767
0.90677
0.906773
0.906776
0.906779
0.906781
0.906784
0.906787
0.90679
0.906793
0.906795
0.906798
0.906801
0.906804
0.906807
0.906809
0.906812
0.906815
0.906818
0.90682
0.906823
0.906826
0.906829
0.906832
0.906834
0.906837
0.90684
0.906843
0.906845
0.906848
0.906851
0.906853
0.906856
0.906859
0.906862
0.906864
0.906867
0.90687
0.906873
0.906875
0.906878
0.906881
0.906883
0.906886
0.906889
0.906892
0.906894
0.906897
0.9069
0.906902
0.906905
0.906908
0.90691
0.906913
0.906916
0.906918
0.906921
0.906924
0.906926
0.906929
0.906932
0.906934
0.906937
0.90694
0.906942
0.906945
0.906948
0.90695
0.906953
0.906956
0.906958
0.906961
0.906963
0.906966
0.906969
0.906971
0.906974
0.906977
0.906979
0.906982
0.906984
0.906987
0.90699
0.906992
0.906995
0.906997
0.907
0.907003
0.907005
0.907008
0.90701
0.907013
0.907016
0.907018
0.907021
0.907023
0.907026
0.907028
0.907031
0.907034
0.907036
0.907039
0.907041
0.907044
0.907046
0.907049
0.907051
0.907054
0.907056
0.907059
0.907062
0.907064
0.907067
0.907069
0.907072
0.907074
0.907077
0.907079
0.907082
0.907084
0.907087
0.907089
0.907092
0.907094
0.907097
0.907099
0.907102
0.907104
0.907107
0.907109
0.907112
0.907114
0.907117
0.907119
0.907122
0.907124
0.907127
0.907129
0.907132
0.907134
0.907137
0.907139
0.907141
0.907144
0.907146
0.907149
0.907151
0.907154
0.907156
0.907159
0.907161
0.907163
0.907166
0.907168
0.907171
0.907173
0.907176
0.907178
0.90718
0.907183
0.907185
0.907188
0.90719
0.907192
0.907195
0.907197
0.9072
0.907202
0.907205
0.907207
0.907209
0.907212
0.907214
0.907216
0.907219
0.907221
0.907224
0.907226
0.907228
0.907231
0.907233
0.907235
0.907238
0.90724
0.907243
0.907245
0.907247
0.90725
0.907252
0.907254
0.907257
0.907259
0.907261
0.907264
0.907266
0.907268
0.907271
0.907273
0.907275
0.907278
0.90728
0.907282
0.907285
0.907287
0.907289
0.907292
0.907294
0.907296
0.907299
0.907301
0.907303
0.907305
0.907308
0.90731
0.907312
0.907315
0.907317
0.907319
0.907321
0.907324
0.907326
0.907328
0.907331
0.907333
0.907335
0.907337
0.90734
0.907342
0.907344
0.907346
0.907349
0.907351
0.907353
0.907355
0.907358
0.90736
0.907362
0.907364
0.907367
0.907369
0.907371
0.907373
0.907376
0.907378
0.90738
0.907382
0.907385
0.907387
0.907389
0.907391
0.907393
0.907396
0.907398
0.9074
0.907402
0.907404
0.907407
0.907409
0.907411
0.907413
0.907415
0.907418
0.90742
0.907422
0.907424
0.907426
0.907429
0.907431
0.907433
0.907435
0.907437
0.907439
0.907442
0.907444
0.907446
0.907448
0.90745
0.907452
0.907455
0.907457
0.907459
0.907461
0.907463
0.907465
0.907468
0.90747
0.907472
0.907474
0.907476
0.907478
0.90748
0.907482
0.907485
0.907487
0.907489
0.907491
0.907493
0.907495
0.907497
0.907499
0.907502
0.907504
0.907506
0.907508
0.90751
0.907512
0.907514
0.907516
0.907518
0.907521
0.907523
0.907525
0.907527
0.907529
0.907531
0.907533
0.907535
0.907537
0.907539
0.907541
0.907543
0.907545
0.907548
0.90755
0.907552
0.907554
0.907556
0.907558
0.90756
0.907562
0.907564
0.907566
0.907568
0.90757
0.907572
0.907574
0.907576
0.907578
0.90758
0.907582
0.907584
0.907586
0.907589
0.907591
0.907593
0.907595
0.907597
0.907599
0.907601
0.907603
0.907605
0.907607
0.907609
0.907611
0.907613
0.907615
0.907617
0.907619
0.907621
0.907623
0.907625
0.907627
0.907629
0.907631
0.907633
0.907635
0.907637
0.907639
0.907641
0.907643
0.907645
0.907647
0.907649
0.907651
0.907652
0.907654
0.907656
0.907658
0.90766
0.907662
0.907664
0.907666
0.907668
0.90767
0.907672
0.907674
0.907676
0.907678
0.90768
0.907682
0.907684
0.907686
0.907688
0.90769
0.907692
0.907693
0.907695
0.907697
0.907699
0.907701
0.907703
0.907705
0.907707
0.907709
0.907711
0.907713
0.907715
0.907716
0.907718
0.90772
0.907722
0.907724
0.907726
0.907728
0.90773
0.907732
0.907734
0.907735
0.907737
0.907739
0.907741
0.907743
0.907745
0.907747
0.907749
0.907751
0.907752
0.907754
0.907756
0.907758
0.90776
0.907762
0.907764
0.907765
0.907767
0.907769
0.907771
0.907773
0.907775
0.907777
0.907778
0.90778
0.907782
0.907784
0.907786
0.907788
0.90779
0.907791
0.907793
0.907795
0.907797
0.907799
0.907801
0.907802
0.907804
0.907806
0.907808
0.90781
0.907812
0.907813
0.907815
0.907817
0.907819
0.907821
0.907822
0.907824
0.907826
0.907828
0.90783
0.907831
0.907833
0.907835
0.907837
0.907839
0.90784
0.907842
0.907844
0.907846
0.907848
0.907849
0.907851
0.907853
0.907855
0.907856
0.907858
0.90786
0.907862
0.907864
0.907865
0.907867
0.907869
0.907871
0.907872
0.907874
0.907876
0.907878
0.907879
0.907881
0.907883
0.907885
0.907886
0.907888
0.90789
0.907892
0.907893
0.907895
0.907897
0.907899
0.9079
0.907902
0.907904
0.907906
0.907907
0.907909
0.907911
0.907913
0.907914
0.907916
0.907918
0.907919
0.907921
0.907923
0.907925
0.907926
0.907928
0.90793
0.907931
0.907933
0.907935
0.907937
0.907938
0.90794
0.907942
0.907943
0.907945
0.907947
0.907948
0.90795
0.907952
0.907953
0.907955
0.907957
0.907959
0.90796
0.907962
0.907964
0.907965
0.907967
0.907969
0.90797
0.907972
0.907974
0.907975
0.907977
0.907979
0.90798
0.907982
0.907984
0.907985
0.907987
0.907989
0.90799
0.907992
0.907994
0.907995
0.907997
0.907998
0.908
0.908002
0.908003
0.908005
0.908007
0.908008
0.90801
0.908012
0.908013
0.908015
0.908016
0.908018
0.90802
0.908021
0.908023
0.908025
0.908026
0.908028
0.908029
0.908031
0.908033
0.908034
0.908036
0.908038
0.908039
0.908041
0.908042
0.908044
0.908046
0.908047
0.908049
0.90805
0.908052
0.908054
0.908055
0.908057
0.908058
0.90806
0.908061
0.908063
0.908065
0.908066
0.908068
0.908069
0.908071
0.908073
0.908074
0.908076
0.908077
0.908079
0.90808
0.908082
0.908084
0.908085
0.908087
0.908088
0.90809
0.908091
0.908093
0.908095
0.908096
0.908098
0.908099
0.908101
0.908102
0.908104
0.908105
0.908107
0.908108
0.90811
0.908112
0.908113
0.908115
0.908116
0.908118
0.908119
0.908121
0.908122
0.908124
0.908125
0.908127
0.908128
0.90813
0.908131
0.908133
0.908135
0.908136
0.908138
0.908139
0.908141
0.908142
0.908144
0.908145
0.908147
0.908148
0.90815
0.908151
0.908153
0.908154
0.908156
0.908157
0.908159
0.90816
0.908162
0.908163
0.908165
0.908166
0.908168
0.908169
0.908171
0.908172
0.908174
0.908175
0.908177
0.908178
0.908179
0.908181
0.908182
0.908184
0.908185
0.908187
0.908188
0.90819
0.908191
0.908193
0.908194
0.908196
0.908197
0.908199
0.9082
0.908202
0.908203
0.908204
0.908206
0.908207
0.908209
0.90821
0.908212
0.908213
0.908215
0.908216
0.908217
0.908219
0.90822
0.908222
0.908223
0.908225
0.908226
0.908228
0.908229
0.90823
0.908232
0.908233
0.908235
0.908236
0.908238
0.908239
0.90824
0.908242
0.908243
0.908245
0.908246
0.908248
0.908249
0.90825
0.908252
0.908253
0.908255
0.908256
0.908257
0.908259
0.90826
0.908262
0.908263
0.908264
0.908266
0.908267
0.908269
0.90827
0.908271
0.908273
0.908274
0.908276
0.908277
0.908278
0.90828
0.908281
0.908283
0.908284
0.908285
0.908287
0.908288
0.908289
0.908291
0.908292
0.908294
0.908295
0.908296
0.908298
0.908299
0.9083
0.908302
0.908303
0.908305
0.908306
0.908307
0.908309
0.90831
0.908311
0.908313
0.908314
0.908315
0.908317
0.908318
0.908319
0.908321
0.908322
0.908323
0.908325
0.908326
0.908328
0.908329
0.90833
0.908332
0.908333
0.908334
0.908336
0.908337
0.908338
0.90834
0.908341
0.908342
0.908344
0.908345
0.908346
0.908348
0.908349
0.90835
0.908352
0.908353
0.908354
0.908355
0.908357
0.908358
0.908359
0.908361
0.908362
0.908363
0.908365
0.908366
0.908367
0.908369
0.90837
0.908371
0.908373
0.908374
0.908375
0.908376
0.908378
0.908379
0.90838
0.908382
0.908383
0.908384
0.908385
0.908387
0.908388
0.908389
0.908391
0.908392
0.908393
0.908394
0.908396
0.908397
0.908398
0.9084
0.908401
0.908402
0.908403
0.908405
0.908406
0.908407
0.908409
0.90841
0.908411
0.908412
0.908414
0.908415
0.908416
0.908417
0.908419
0.90842
0.908421
0.908422
0.908424
0.908425
0.908426
0.908427
0.908429
0.90843
0.908431
0.908432
0.908434
0.908435
0.908436
0.908437
0.908439
0.90844
0.908441
0.908442
0.908444
0.908445
0.908446
0.908447
0.908449
0.90845
0.908451
0.908452
0.908454
0.908455
0.908456
0.908457
0.908458
0.90846
0.908461
0.908462
0.908463
0.908465
0.908466
0.908467
0.908468
0.908469
0.908471
0.908472
0.908473
0.908474
0.908475
0.908477
0.908478
0.908479
0.90848
0.908482
0.908483
0.908484
0.908485
0.908486
0.908488
0.908489
0.90849
0.908491
0.908492
0.908493
0.908495
0.908496
0.908497
0.908498
0.908499
0.908501
0.908502
0.908503
0.908504
0.908505
0.908507
0.908508
0.908509
0.90851
0.908511
0.908512
0.908514
0.908515
0.908516
0.908517
0.908518
0.908519
0.908521
0.908522
0.908523
0.908524
0.908525
0.908526
0.908528
0.908529
0.90853
0.908531
0.908532
0.908533
0.908535
0.908536
0.908537
0.908538
0.908539
0.90854
0.908542
0.908543
0.908544
0.908545
0.908546
0.908547
0.908548
0.90855
0.908551
0.908552
0.908553
0.908554
0.908555
0.908556
0.908558
0.908559
0.90856
0.908561
0.908562
0.908563
0.908564
0.908565
0.908567
0.908568
0.908569
0.90857
0.908571
0.908572
0.908573
0.908574
0.908576
0.908577
0.908578
0.908579
0.90858
0.908581
0.908582
0.908583
0.908585
0.908586
0.908587
0.908588
0.908589
0.90859
0.908591
0.908592
0.908593
0.908594
0.908596
0.908597
0.908598
0.908599
0.9086
0.908601
0.908602
0.908603
0.908604
0.908605
0.908607
0.908608
0.908609
0.90861
0.908611
0.908612
0.908613
0.908614
0.908615
0.908616
0.908617
0.908619
0.90862
0.908621
0.908622
0.908623
0.908624
0.908625
0.908626
0.908627
0.908628
0.908629
0.90863
0.908631
0.908632
0.908634
0.908635
0.908636
0.908637
0.908638
0.908639
0.90864
0.908641
0.908642
0.908643
0.908644
0.908645
0.908646
0.908647
0.908648
0.908649
0.908651
0.908652
0.908653
0.908654
0.908655
0.908656
0.908657
0.908658
0.908659
0.90866
0.908661
0.908662
0.908663
0.908664
0.908665
0.908666
0.908667
0.908668
0.908669
0.90867
0.908671
0.908672
0.908673
0.908674
0.908676
0.908677
0.908678
0.908679
0.90868
0.908681
0.908682
0.908683
0.908684
0.908685
0.908686
0.908687
0.908688
0.908689
0.90869
0.908691
0.908692
0.908693
0.908694
0.908695
0.908696
0.908697
0.908698
0.908699
0.9087
0.908701
0.908702
0.908703
0.908704
0.908705
0.908706
0.908707
0.908708
0.908709
0.90871
0.908711
0.908712
0.908713
0.908714
0.908715
0.908716
0.908717
0.908718
0.908719
0.90872
0.908721
0.908722
0.908723
0.908724
0.908725
0.908726
0.908727
0.908728
0.908729
0.90873
0.908731
0.908732
0.908733
0.908734
0.908735
0.908736
0.908737
0.908738
0.908739
0.90874
0.908741
0.908742
0.908743
0.908744
0.908745
0.908745
0.908746
0.908747
0.908748
0.908749
0.90875
0.908751
0.908752
0.908753
0.908754
0.908755
0.908756
0.908757
0.908758
0.908759
0.90876
0.908761
0.908762
0.908763
0.908764
0.908765
0.908766
0.908767
0.908768
0.908768
0.908769
0.90877
0.908771
0.908772
0.908773
0.908774
0.908775
0.908776
0.908777
0.908778
0.908779
0.90878
0.908781
0.908782
0.908783
0.908784
0.908784
0.908785
0.908786
0.908787
0.908788
0.908789
0.90879
0.908791
0.908792
0.908793
0.908794
0.908795
0.908796
0.908797
0.908797
0.908798
0.908799
0.9088
0.908801
0.908802
0.908803
0.908804
0.908805
0.908806
0.908807
0.908808
0.908808
0.908809
0.90881
0.908811
0.908812
0.908813
0.908814
0.908815
0.908816
0.908817
0.908818
0.908818
0.908819
0.90882
0.908821
0.908822
0.908823
0.908824
0.908825
0.908826
0.908827
0.908827
0.908828
0.908829
0.90883
0.908831
0.908832
0.908833
0.908834
0.908835
0.908836
0.908836
0.908837
0.908838
0.908839
0.90884
0.908841
0.908842
0.908843
0.908844
0.908844
0.908845
0.908846
0.908847
0.908848
0.908849
0.90885
0.908851
0.908851
0.908852
0.908853
0.908854
0.908855
0.908856
0.908857
0.908858
0.908858
0.908859
0.90886
0.908861
0.908862
0.908863
0.908864
0.908864
0.908865
0.908866
0.908867
0.908868
0.908869
0.90887
0.90887
0.908871
0.908872
0.908873
0.908874
0.908875
0.908876
0.908876
0.908877
0.908878
0.908879
0.90888
0.908881
0.908882
0.908882
0.908883
0.908884
0.908885
0.908886
0.908887
0.908888
0.908888
0.908889
0.90889
0.908891
0.908892
0.908893
0.908893
0.908894
0.908895
0.908896
0.908897
0.908898
0.908898
0.908899
0.9089
0.908901
0.908902
0.908903
0.908903
0.908904
0.908905
0.908906
0.908907
0.908908
0.908908
0.908909
0.90891
0.908911
0.908912
0.908912
0.908913
0.908914
0.908915
0.908916
0.908917
0.908917
0.908918
0.908919
0.90892
0.908921
0.908921
0.908922
0.908923
0.908924
0.908925
0.908926
0.908926
0.908927
0.908928
0.908929
0.90893
0.90893
0.908931
0.908932
0.908933
0.908934
0.908934
0.908935
0.908936
0.908937
0.908938
0.908938
0.908939
0.90894
0.908941
0.908942
0.908942
0.908943
0.908944
0.908945
0.908946
0.908946
0.908947
0.908948
0.908949
0.90895
0.90895
0.908951
0.908952
0.908953
0.908953
0.908954
0.908955
0.908956
0.908957
0.908957
0.908958
0.908959
0.90896
0.908961
0.908961
0.908962
0.908963
0.908964
0.908964
0.908965
0.908966
0.908967
0.908968
0.908968
0.908969
0.90897
0.908971
0.908971
0.908972
0.908973
0.908974
0.908974
0.908975
0.908976
0.908977
0.908978
0.908978
0.908979
0.90898
0.908981
0.908981
0.908982
0.908983
0.908984
0.908984
0.908985
0.908986
0.908987
0.908987
0.908988
0.908989
0.90899
0.90899
0.908991
0.908992
0.908993
0.908993
0.908994
0.908995
0.908996
0.908996
0.908997
0.908998
0.908999
0.908999
0.909
0.909001
0.909002
0.909002
0.909003
0.909004
0.909005
0.909005
0.909006
0.909007
0.909008
0.909008
0.909009
0.90901
0.909011
0.909011
0.909012
0.909013
0.909014
0.909014
0.909015
0.909016
0.909016
0.909017
0.909018
0.909019
0.909019
0.90902
0.909021
0.909022
0.909022
0.909023
0.909024
0.909024
0.909025
0.909026
0.909027
0.909027
0.909028
0.909029
0.90903
0.90903
0.909031
0.909032
0.909032
0.909033
0.909034
0.909035
0.909035
0.909036
0.909037
0.909037
0.909038
0.909039
0.90904
0.90904
0.909041
0.909042
0.909042
0.909043
0.909044
0.909045
0.909045
0.909046
0.909047
0.909047
0.909048
0.909049
0.909049
0.90905
0.909051
0.909052
0.909052
0.909053
0.909054
0.909054
0.909055
0.909056
0.909056
0.909057
0.909058
0.909059
0.909059
0.90906
0.909061
0.909061
0.909062
0.909063
0.909063
0.909064
0.909065
0.909065
0.909066
0.909067
0.909068
0.909068
0.909069
0.90907
0.90907
0.909071
0.909072
0.909072
0.909073
0.909074
0.909074
0.909075
0.909076
0.909076
0.909077
0.909078
0.909078
0.909079
0.90908
0.90908
0.909081
0.909082
0.909082
0.909083
0.909084
0.909085
0.909085
0.909086
0.909087
0.909087
0.909088
0.909089
0.909089
0.90909
0.909091
0.909091
0.909092
0.909093
0.909093
0.909094
0.909095
0.909095
0.909096
0.909097
0.909097
0.909098
0.909099
0.909099
0.9091
0.9091
0.909101
0.909102
0.909102
0.909103
0.909104
0.909104
0.909105
0.909106
0.909106
0.909107
0.909108
0.909108
0.909109
0.90911
0.90911
0.909111
0.909112
0.909112
0.909113
0.909114
0.909114
0.909115
0.909116
0.909116
0.909117
0.909117
0.909118
0.909119
0.909119
0.90912
0.909121
0.909121
0.909122
0.909123
0.909123
0.909124
0.909125
0.909125
0.909126
0.909126
0.909127
0.909128
0.909128
0.909129
0.90913
0.90913
0.909131
0.909131
0.909132
0.909133
0.909133
0.909134
0.909135
0.909135
0.909136
0.909137
0.909137
0.909138
0.909138
0.909139
0.90914
0.90914
0.909141
0.909142
0.909142
0.909143
0.909143
0.909144
0.909145
0.909145
0.909146
0.909147
0.909147
0.909148
0.909148
0.909149
0.90915
0.90915
0.909151
0.909151
0.909152
0.909153
0.909153
0.909154
0.909155
0.909155
0.909156
0.909156
0.909157
0.909158
0.909158
0.909159
0.909159
0.90916
0.909161
0.909161
0.909162
0.909162
0.909163
0.909164
0.909164
0.909165
0.909165
0.909166
0.909167
0.909167
0.909168
0.909168
0.909169
0.90917
0.90917
0.909171
0.909171
0.909172
0.909173
0.909173
0.909174
0.909174
0.909175
0.909176
0.909176
0.909177
0.909177
0.909178
0.909179
0.909179
0.90918
0.90918
0.909181
0.909182
0.909182
0.909183
0.909183
0.909184
0.909185
0.909185
0.909186
0.909186
0.909187
0.909187
0.909188
0.909189
0.909189
0.90919
0.90919
0.909191
0.909192
0.909192
0.909193
0.909193
0.909194
0.909194
0.909195
0.909196
0.909196
0.909197
0.909197
0.909198
0.909198
0.909199
0.9092
0.9092
0.909201
0.909201
0.909202
0.909202
0.909203
0.909204
0.909204
0.909205
0.909205
0.909206
0.909206
0.909207
0.909208
0.909208
0.909209
0.909209
0.90921
0.90921
0.909211
0.909212
0.909212
0.909213
0.909213
0.909214
0.909214
0.909215
0.909216
0.909216
0.909217
0.909217
0.909218
0.909218
0.909219
0.909219
0.90922
0.909221
0.909221
0.909222
0.909222
0.909223
0.909223
0.909224
0.909224
0.909225
0.909226
0.909226
0.909227
0.909227
0.909228
0.909228
0.909229
0.909229
0.90923
0.90923
0.909231
0.909232
0.909232
0.909233
0.909233
0.909234
0.909234
0.909235
0.909235
0.909236
0.909236
0.909237
0.909238
0.909238
0.909239
0.909239
0.90924
0.90924
0.909241
0.909241
0.909242
0.909242
0.909243
0.909243
0.909244
0.909245
0.909245
0.909246
0.909246
0.909247
0.909247
0.909248
0.909248
0.909249
0.909249
0.90925
0.90925
0.909251
0.909251
0.909252
0.909253
0.909253
0.909254
0.909254
0.909255
0.909255
0.909256
0.909256
0.909257
0.909257
0.909258
0.909258
0.909259
0.909259
0.90926
0.90926
0.909261
0.909261
0.909262
0.909263
0.909263
0.909264
0.909264
0.909265
0.909265
0.909266
0.909266
0.909267
0.909267
0.909268
0.909268
0.909269
0.909269
0.90927
0.90927
0.909271
0.909271
0.909272
0.909272
0.909273
0.909273
0.909274
0.909274
0.909275
0.909275
0.909276
0.909276
0.909277
0.909277
0.909278
0.909278
0.909279
0.909279
0.90928
0.90928
0.909281
0.909282
0.909282
0.909283
0.909283
0.909284
0.909284
0.909285
0.909285
0.909286
0.909286
0.909287
0.909287
0.909288
0.909288
0.909289
0.909289
0.90929
0.90929
0.909291
0.909291
0.909292
0.909292
0.909293
0.909293
0.909294
0.909294
0.909294
0.909295
0.909295
0.909296
0.909296
0.909297
0.909297
0.909298
0.909298
0.909299
0.909299
0.9093
0.9093
0.909301
0.909301
0.909302
0.909302
0.909303
0.909303
0.909304
0.909304
0.909305
0.909305
0.909306
0.909306
0.909307
0.909307
0.909308
0.909308
0.909309
0.909309
0.90931
0.90931
0.909311
0.909311
0.909312
0.909312
0.909312
0.909313
0.909313
0.909314
0.909314
0.909315
0.909315
0.909316
0.909316
0.909317
0.909317
0.909318
0.909318
0.909319
0.909319
0.90932
0.90932
0.909321
0.909321
0.909322
0.909322
0.909322
0.909323
0.909323
0.909324
0.909324
0.909325
0.909325
0.909326
0.909326
0.909327
0.909327
0.909328
0.909328
0.909329
0.909329
0.909329
0.90933
0.90933
0.909331
0.909331
0.909332
0.909332
0.909333
0.909333
0.909334
0.909334
0.909335
0.909335
0.909335
0.909336
0.909336
0.909337
0.909337
0.909338
0.909338
0.909339
0.909339
0.90934
0.90934
0.90934
0.909341
0.909341
0.909342
0.909342
0.909343
0.909343
0.909344
0.909344
0.909345
0.909345
0.909345
0.909346
0.909346
0.909347
0.909347
0.909348
0.909348
0.909349
0.909349
0.90935
0.90935
0.90935
0.909351
0.909351
0.909352
0.909352
0.909353
0.909353
0.909354
0.909354
0.909354
0.909355
0.909355
0.909356
0.909356
0.909357
0.909357
0.909358
0.909358
0.909358
0.909359
0.909359
0.90936
0.90936
0.909361
0.909361
0.909361
0.909362
0.909362
0.909363
0.909363
0.909364
0.909364
0.909365
0.909365
0.909365
0.909366
0.909366
0.909367
0.909367
0.909368
0.909368
0.909368
0.909369
0.909369
0.90937
0.90937
0.909371
0.909371
0.909371
0.909372
0.909372
0.909373
0.909373
0.909374
0.909374
0.909374
0.909375
0.909375
0.909376
0.909376
0.909377
0.909377
0.909377
0.909378
0.909378
0.909379
0.909379
0.90938
0.90938
0.90938
0.909381
0.909381
0.909382
0.909382
0.909382
0.909383
0.909383
0.909384
0.909384
0.909385
0.909385
0.909385
0.909386
0.909386
0.909387
0.909387
0.909387
0.909388
0.909388
0.909389
0.909389
0.90939
0.90939
0.90939
0.909391
0.909391
0.909392
0.909392
0.909392
0.909393
0.909393
0.909394
0.909394
0.909395
0.909395
0.909395
0.909396
0.909396
0.909397
0.909397
0.909397
0.909398
0.909398
0.909399
0.909399
0.909399
0.9094
0.9094
0.909401
0.909401
0.909401
0.909402
0.909402
0.909403
0.909403
0.909403
0.909404
0.909404
0.909405
0.909405
0.909405
0.909406
0.909406
0.909407
0.909407
0.909407
0.909408
0.909408
0.909409
0.909409
0.909409
0.90941
0.90941
0.909411
0.909411
0.909411
0.909412
0.909412
0.909413
0.909413
0.909413
0.909414
0.909414
0.909415
0.909415
0.909415
0.909416
0.909416
0.909417
0.909417
0.909417
0.909418
0.909418
0.909419
0.909419
0.909419
0.90942
0.90942
0.90942
0.909421
0.909421
0.909422
0.909422
0.909422
0.909423
0.909423
0.909424
0.909424
0.909424
0.909425
0.909425
0.909425
0.909426
0.909426
0.909427
0.909427
0.909427
0.909428
0.909428
0.909429
0.909429
0.909429
0.90943
0.90943
0.90943
0.909431
0.909431
0.909432
0.909432
0.909432
0.909433
0.909433
0.909433
0.909434
0.909434
0.909435
0.909435
0.909435
0.909436
0.909436
0.909436
0.909437
0.909437
0.909438
0.909438
0.909438
0.909439
0.909439
0.909439
0.90944
0.90944
0.909441
0.909441
0.909441
0.909442
0.909442
0.909442
0.909443
0.909443
0.909444
0.909444
0.909444
0.909445
0.909445
0.909445
0.909446
0.909446
0.909447
0.909447
0.909447
0.909448
0.909448
0.909448
0.909449
0.909449
0.909449
0.90945
0.90945
0.909451
0.909451
0.909451
0.909452
0.909452
0.909452
0.909453
0.909453
0.909453
0.909454
0.909454
0.909455
0.909455
0.909455
0.909456
0.909456
0.909456
0.909457
0.909457
0.909457
0.909458
0.909458
0.909458
0.909459
0.909459
0.90946
0.90946
0.90946
0.909461
0.909461
0.909461
0.909462
0.909462
0.909462
0.909463
0.909463
0.909463
0.909464
0.909464
0.909464
0.909465
0.909465
0.909466
0.909466
0.909466
0.909467
0.909467
0.909467
0.909468
0.909468
0.909468
0.909469
0.909469
0.909469
0.90947
0.90947
0.90947
0.909471
0.909471
0.909471
0.909472
0.909472
0.909472
0.909473
0.909473
0.909474
0.909474
0.909474
0.909475
0.909475
0.909475
0.909476
0.909476
0.909476
0.909477
0.909477
0.909477
0.909478
0.909478
0.909478
0.909479
0.909479
0.909479
0.90948
0.90948
0.90948
0.909481
0.909481
0.909481
0.909482
0.909482
0.909482
0.909483
0.909483
0.909483
0.909484
0.909484
0.909484
0.909485
0.909485
0.909485
0.909486
0.909486
0.909486
0.909487
0.909487
0.909487
0.909488
0.909488
0.909488
0.909489
0.909489
0.909489
0.90949
0.90949
0.90949
0.909491
0.909491
0.909491
0.909492
0.909492
