0.5
0.501031
0.502913
0.50508
0.507273
0.50939
0.511401
0.513309
0.515126
0.516866
0.518542
0.520162
0.521734
0.523259
0.524742
0.526183
0.527584
0.528944
0.530263
0.531543
0.532783
0.533983
0.535144
0.536266
0.537351
0.538398
0.539408
0.540383
0.541323
0.542229
0.543101
0.543942
0.544752
0.545531
0.546281
0.547003
0.547698
0.548367
0.54901
0.549628
0.550223
0.550795
0.551344
0.551873
0.552382
0.55287
0.55334
0.553792
0.554226
0.554643
0.555044
0.555429
0.555799
0.556155
0.556497
0.556826
0.557142
0.557445
0.557737
0.558017
0.558286
0.558545
0.558794
0.559033
0.559262
0.559483
0.559695
0.559898
0.560094
0.560282
0.560462
0.560636
0.560802
0.560962
0.561116
0.561264
0.561406
0.561542
0.561674
0.561799
0.56192
0.562037
0.562148
0.562256
0.562359
0.562458
0.562553
0.562644
0.562732
0.562816
0.562897
0.562975
0.56305
0.563122
0.563191
0.563257
0.563321
0.563382
0.56344
0.563497
0.563551
0.563603
0.563653
0.563701
0.563748
0.563792
0.563835
0.563876
0.563915
0.563953
0.563989
0.564024
0.564057
0.56409
0.564121
0.56415
0.564179
0.564206
0.564233
0.564258
0.564282
0.564305
0.564328
0.564349
0.56437
0.56439
0.564409
0.564428
0.564445
0.564462
0.564478
0.564494
0.564509
0.564523
0.564537
0.564551
0.564563
0.564576
0.564587
0.564599
0.56461
0.56462
0.56463
0.56464
0.564649
0.564658
0.564667
0.564675
0.564683
0.56469
0.564698
0.564705
0.564711
0.564718
0.564724
0.56473
0.564736
0.564741
0.564746
0.564751
0.564756
0.564761
0.564766
0.56477
0.564774
0.564778
0.564782
0.564786
0.564789
0.564792
0.564796
0.564799
0.564802
0.564805
0.564808
0.56481
0.564813
0.564815
0.564818
0.56482
0.564822
0.564824
0.564826
0.564828
0.56483
0.564832
0.564834
0.564835
0.564837
0.564838
0.56484
0.564841
0.564842
0.564844
0.564845
0.564846
0.564847
0.564848
0.56485
0.564851
0.564852
0.564852
0.564853
0.564854
0.564855
0.564856
0.564857
0.564857
0.564858
0.564859
0.564859
0.56486
0.564861
0.564861
0.564862
0.564862
0.564863
0.564863
0.564864
0.564864
0.564865
0.564865
0.564866
0.564866
0.564866
0.564867
0.564867
0.564867
0.564868
0.564868
0.564868
0.564869
0.564869
0.564869
0.564869
0.56487
0.56487
0.56487
0.56487
0.56487
0.564871
0.564871
0.564871
0.564871
0.564871
0.564872
0.564872
0.564872
0.564872
0.564872
0.564872
0.564872
0.564872
0.564873
0.564873
0.564873
0.564873
0.564873
0.564873
0.564873
0.564873
0.564873
0.564873
0.564874
0.564874
0.564874
0.564874
0.564874
0.564874
0.564874
0.564874
0.564874
0.564874
0.564874
0.564874
0.564874
0.564874
0.564874
0.564874
0.564874
0.564874
0.564875
0.564875
0.564875
0.564875
0.564875
0.564875
0.564875
0.564875
0.564875
0.564875
0.564875
0.564875
0.564875
0.564875
0.564875
0.564875
0.564875
0.564875
0.564875
0.564875
0.564875
0.564875
0.564875
0.564875
0.564875
0.564875
0.564875
0.564875
0.564875
0.564875
0.564875
0.564875
0.564875
0.564875
0.564875
0.564875
0.564875
0.564875
0.564875
0.564875
0.564875
0.564875
0.564875
0.564875
0.564875
0.564875
0.564875
0.564875
0.564875
0.564875
0.564875
0.564875
0.564875
0.564875
0.564875
0.564875
0.564875
0.564875
0.564875
0.564875
0.564875
0.564875
0.564875
0.564875
0.564875
0.564875
0.564875
0.564875
0.564875
0.564875
0.564875
0.564875
0.564875
0.564875
0.564875
0.564875
0.564875
0.564875
0.564875
0.564875
0.564875
0.564875
0.564875
0.564875
0.564875
0.564875
0.564875
0.564875
0.564875
0.564875
0.564875
0.564875
0.564875
0.564875
0.564875
0.564875
0.564875
0.564875
0.564875
0.564875
0.564875
0.564875
0.564875
0.564875
0.564875
0.564875
0.564875
0.564875
0.564875
0.564875
0.564875
0.564875
0.564875
0.564875
0.564875
0.564875
0.564875
0.564875
0.564875
0.564875
0.564875
0.564875
0.564875
0.564875
0.564875
0.564875
0.564875
0.564875
0.564875
0.564875
0.564875
0.564875
0.564875
0.564875
0.564875
0.564875
0.564875
0.564875
0.564875
0.564875
0.564875
0.564875
0.564875
0.564875
0.564875
0.564875
0.564875
0.564875
0.564875
0.564875
0.564875
0.564875
0.564875
0.564875
0.564875
0.564875
0.564875
0.564875
0.564875
0.564875
0.564875
0.564875
0.564875
0.564875
0.564875
0.564875
0.564875
0.564875
0.564875
0.564875
0.564875
0.564875
0.564875
0.564875
0.564875
0.564875
0.564875
0.564875
0.564875
0.564875
0.564875
0.564875
0.564875
0.564875
0.564875
0.564875
0.564875
0.564875
0.564875
0.564875
0.564875
0.564875
0.564875
0.564875
0.564875
0.564875
0.564875
0.564875
0.564875
0.564875
0.564875
0.564875
0.564875
0.564875
0.564875
0.564875
0.564875
0.564875
0.564875
0.564875
0.564875
0.564875
0.564875
0.564875
0.564875
0.564875
0.564875
0.564875
0.564875
0.564875
0.564875
0.564875
0.564875
0.564875
0.564875
0.564875
0.564875
0.564875
0.564875
0.564875
0.564875
0.564875
0.564875
0.564875
0.564875
0.564875
0.564875
0.564875
0.564875
0.564875
0.564875
0.564875
0.564875
0.564875
0.564875
0.564875
0.564875
0.564875
0.564875
0.564875
0.564875
0.564875
0.564875
0.564875
0.564875
0.564875
0.564875
0.564875
0.564875
0.564875
0.564875
0.564875
0.564875
0.564875
0.564875
0.564875
0.564875
0.564875
0.564875
0.564875
0.564875
0.564875
0.564875
0.564875
0.564875
0.564875
0.564875
0.564875
0.564875
0.564875
0.564875
0.564875
0.564875
0.564875
0.564875
0.564875
0.564875
0.564875
0.564875
0.564875
0.564875
0.564875
0.564875
0.564875
0.564875
0.564875
0.564875
0.564875
0.564875
0.564875
0.564875
0.564875
0.564875
0.564875
0.564875
0.564875
0.564875
0.564875
0.564875
0.564875
0.564875
0.564875
0.564875
0.564875
0.564875
0.564875
0.564875
0.564875
0.564875
0.564875
0.564875
0.564875
0.564875
0.564875
0.564875
0.564875
0.564875
0.564875
0.564875
0.564875
0.564875
0.564875
0.564875
0.564875
0.564875
0.564875
0.564875
0.564875
0.564875
0.564875
0.564875
0.564875
0.564875
0.564875
0.564875
0.564875
0.564875
0.564875
0.564875
0.564875
0.564875
0.564875
0.564875
0.564875
0.564875
0.564875
0.564875
0.564875
0.564875
0.564875
0.564875
0.564875
0.564875
0.564875
0.564875
0.564875
0.564875
0.564875
0.564875
0.564875
0.564875
0.564875
0.564875
0.564875
0.564875
0.564875
0.564875
0.564875
0.564875
0.564875
0.564875
0.564875
0.564875
0.564875
0.564875
0.564875
0.564875
0.564875
0.564875
0.564875
0.564875
0.564875
0.564875
0.564875
0.564875
0.564875
0.564875
0.564875
0.564875
0.564875
0.564875
0.564875
0.564875
0.564875
0.564875
0.564875
0.564875
0.564875
0.564875
0.564875
0.564875
0.564875
0.564875
0.564875
0.564875
0.564875
0.564875
0.564875
0.564875
0.564875
0.564875
0.564875
0.564875
0.564875
0.564875
0.564875
0.564875
0.564875
0.564875
0.564875
0.564875
0.564875
0.564875
0.564875
0.564875
0.564875
0.564875
0.564875
0.564875
0.564875
0.564875
0.564875
0.564875
0.564875
0.564875
0.564875
0.564875
0.564875
0.564875
0.564875
0.564875
0.564875
0.564875
0.564875
0.564875
0.564875
0.564875
0.564875
0.564875
0.564875
0.564875
0.564875
0.564875
0.564875
0.564875
0.564875
0.564875
0.564875
0.564875
0.564875
0.564875
0.564875
0.564875
0.564875
0.564875
0.564875
0.564875
0.564875
0.564875
0.564875
0.564875
0.564875
0.564875
0.564875
0.564875
0.564875
0.564875
0.564875
0.564875
0.564875
0.564875
0.564875
0.564875
0.564875
0.564875
0.564875
0.564875
0.564875
0.564875
0.564875
0.564875
0.564875
0.564875
0.564875
0.564875
0.564875
0.564875
0.564875
0.564875
0.564875
0.564875
0.564875
0.564875
0.564875
0.564875
0.564875
0.564875
0.564875
0.564875
0.564875
0.564875
0.564875
0.564875
0.564875
0.564875
0.564875
0.564875
0.564875
0.564875
0.564875
0.564875
0.564875
0.564875
0.564875
0.564875
0.564875
0.564875
0.564875
0.564875
0.564875
0.564875
0.564875
0.564875
0.564875
0.564875
0.564875
0.564875
0.564875
0.564875
0.564875
0.564875
0.564875
0.564875
0.564875
0.564875
0.564875
0.564875
0.564875
0.564875
0.564875
0.564875
0.564875
0.564875
0.564875
0.564875
0.564875
0.564875
0.564875
0.564875
0.564875
0.564875
0.564875
0.564875
0.564875
0.564875
0.564875
0.564875
0.564875
0.564875
0.564875
0.564875
0.564875
0.564875
0.564875
0.564875
0.564875
0.564875
0.564875
0.564875
0.564875
0.564875
0.564875
0.564875
0.564875
0.564875
0.564875
0.564875
0.564875
0.564875
0.564875
0.564875
0.564875
0.564875
0.564875
0.564875
0.564875
0.564875
0.564875
0.564875
0.564875
0.564875
0.564875
0.564875
0.564875
0.564875
0.564875
0.564875
0.564875
0.564875
0.564875
0.564875
0.564875
0.564875
0.564875
0.564875
0.564875
0.564875
0.564875
0.564875
0.564875
0.564875
0.564875
0.564875
0.564875
0.564875
0.564875
0.564875
0.564875
0.564875
0.564875
0.564875
0.564875
0.564875
0.564875
0.564875
0.564875
0.564875
0.564875
0.564875
0.564875
0.564875
0.564875
0.564875
0.564875
0.564875
0.564875
0.564875
0.564875
0.564875
0.564875
0.564875
0.564875
0.564875
0.564875
0.564875
0.564875
0.564875
0.564875
0.564875
0.564875
0.564875
0.564875
0.564875
0.564875
0.564875
0.564875
0.564875
0.564875
0.564875
0.564875
0.564875
0.564875
0.564875
0.564875
0.564875
0.564875
0.564875
0.564875
0.564875
0.564875
0.564875
0.564875
0.564875
0.564875
0.564875
0.564875
0.564875
0.564875
0.564875
0.564875
0.564875
0.564875
0.564875
0.564875
0.564875
0.564875
0.564875
0.564875
0.564875
0.564875
0.564875
0.564875
0.564875
0.564875
0.564875
0.564875
0.564875
0.564875
0.564875
0.564875
0.564875
0.564875
0.564875
0.564875
0.564875
0.564875
0.564875
0.564875
0.564875
0.564875
0.564875
0.564875
0.564875
0.564875
0.564875
0.564875
0.564875
0.564875
0.564875
0.564875
0.564875
0.564875
0.564875
0.564875
0.564875
0.564875
0.564875
0.564875
0.564875
0.564875
0.564875
0.564875
0.564875
0.564875
0.564875
0.564875
0.564875
0.564875
0.564875
0.564875
0.564875
0.564875
0.564875
0.564875
0.564875
0.564875
0.564875
0.564875
0.564875
0.564875
0.564875
0.564875
0.564875
0.564875
0.564875
0.564875
0.564875
0.564875
0.564875
0.564875
0.564875
0.564875
0.564875
0.564875
0.564875
0.564875
0.564875
0.564875
0.564875
0.564875
0.564875
0.564875
0.564875
0.564875
0.564875
0.564875
0.564875
0.564875
0.564875
0.564875
0.564875
0.564875
0.564875
0.564875
0.564875
0.564875
0.564875
0.564875
0.564875
0.564875
0.564875
0.564875
0.564875
0.564875
0.564875
0.564875
0.564875
0.564875
0.564875
0.564875
0.564875
0.564875
0.564875
0.564875
0.564875
0.564875
0.564875
0.564875
0.564875
0.564875
0.564875
0.564875
0.564875
0.564875
0.564875
0.564875
0.564875
0.564875
0.564875
0.564875
0.564875
0.564875
0.564875
0.564875
0.564875
0.564875
0.564875
0.564875
0.564875
0.564875
0.564875
0.564875
0.564875
0.564875
0.564875
0.564875
0.564875
0.564875
0.564875
0.564875
0.564875
0.564875
0.564875
0.564875
0.564875
0.564875
0.564875
0.564875
0.564875
0.564875
0.564875
0.564875
0.564875
0.564875
0.564875
0.564875
0.564875
0.564875
0.564875
0.564875
0.564875
0.564875
0.564875
0.564875
0.564875
0.564875
0.564875
0.564875
0.564875
0.564875
0.564875
0.564875
0.564875
0.564875
0.564875
0.564875
0.564875
0.564875
0.564875
0.564875
0.564875
0.564875
0.564875
0.564875
0.564875
0.564875
0.564875
0.564875
0.564875
0.564875
0.564875
0.564875
0.564875
0.564875
0.564875
0.564875
0.564875
0.564875
0.564875
0.564875
0.564875
0.564875
0.564875
0.564875
0.564875
0.564875
0.564875
0.564875
0.564875
0.564875
0.564875
0.564875
0.564875
0.564875
0.564875
0.564875
0.564875
0.564875
0.564875
0.564875
0.564875
0.564875
0.564875
0.564875
0.564875
0.564875
0.564875
0.564875
0.564875
0.564875
0.564875
0.564875
0.564875
0.564875
0.564875
0.564875
0.564875
0.564875
0.564875
0.564875
0.564875
0.564875
0.564875
0.564875
0.564875
0.564875
0.564875
0.564875
0.564875
0.564875
0.564875
0.564875
0.564875
0.564875
0.564875
0.564875
0.564875
0.564875
0.564875
0.564875
0.564875
0.564875
0.564875
0.564875
0.564875
0.564875
0.564875
0.564875
0.564875
0.564875
0.564875
0.564875
0.564875
0.564875
0.564875
0.564875
0.564875
0.564875
0.564875
0.564875
0.564875
0.564875
0.564875
0.564875
0.564875
0.564875
0.564875
0.564875
0.564875
0.564875
0.564875
0.564875
0.564875
0.564875
0.564875
0.564875
0.564875
0.564875
0.564875
0.564875
0.564875
0.564875
0.564875
0.564875
0.564875
0.564875
0.564875
0.564875
0.564875
0.564875
0.564875
0.564875
0.564875
0.564875
0.564875
0.564875
0.564875
0.564875
0.564875
0.564875
0.564875
0.564875
0.564875
0.564875
0.564875
0.564875
0.564875
0.564875
0.564875
0.564875
0.564875
0.564875
0.564875
0.564875
0.564875
0.564875
0.564875
0.564875
0.564875
0.564875
0.564875
0.564875
0.564875
0.564875
0.564875
0.564875
0.564875
0.564875
0.564875
0.564875
0.564875
0.564875
0.564875
0.564875
0.564875
0.564875
0.564875
0.564875
0.564875
0.564875
0.564875
0.564875
0.564875
0.564875
0.564875
0.564875
0.564875
0.564875
0.564875
0.564875
0.564875
0.564875
0.564875
0.564875
0.564875
0.564875
0.564875
0.564875
0.564875
0.564875
0.564875
0.564875
0.564875
0.564875
0.564875
0.564875
0.564875
0.564875
0.564875
0.564875
0.564875
0.564875
0.564875
0.564875
0.564875
0.564875
0.564875
0.564875
0.564875
0.564875
0.564875
0.564875
0.564875
0.564875
0.564875
0.564875
0.564875
0.564875
0.564875
0.564875
0.564875
0.564875
0.564875
0.564875
0.564875
0.564875
0.564875
0.564875
0.564875
0.564875
0.564875
0.564875
0.564875
0.564875
0.564875
0.564875
0.564875
0.564875
0.564875
0.564875
0.564875
0.564875
0.564875
0.564875
0.564875
0.564875
0.564875
0.564875
0.564875
0.564875
0.564875
0.564875
0.564875
0.564875
0.564875
0.564875
0.564875
0.564875
0.564875
0.564875
0.564875
0.564875
0.564875
0.564875
0.564875
0.564875
0.564875
0.564875
0.564875
0.564875
0.564875
0.564875
0.564875
0.564875
0.564875
0.564875
0.564875
0.564875
0.564875
0.564875
0.564875
0.564875
0.564875
0.564875
0.564875
0.564875
0.564875
0.564875
0.564875
0.564875
0.564875
0.564875
0.564875
0.564875
0.564875
0.564875
0.564875
0.564875
0.564875
0.564875
0.564875
0.564875
0.564875
0.564875
0.564875
0.564875
0.564875
0.564875
0.564875
0.564875
0.564875
0.564875
0.564875
0.564875
0.564875
0.564875
0.564875
0.564875
0.564875
0.564875
0.564875
0.564875
0.564875
0.564875
0.564875
0.564875
0.564875
0.564875
0.564875
0.564875
0.564875
0.564875
0.564875
0.564875
0.564875
0.564875
0.564875
0.564875
0.564875
0.564875
0.564875
0.564875
0.564875
0.564875
0.564875
0.564875
0.564875
0.564875
0.564875
0.564875
0.564875
0.564875
0.564875
0.564875
0.564875
0.564875
0.564875
0.564875
0.564875
0.564875
0.564875
0.564875
0.564875
0.564875
0.564875
0.564875
0.564875
0.564875
0.564875
0.564875
0.564875
0.564875
0.564875
0.564875
0.564875
0.564875
0.564875
0.564875
0.564875
0.564875
0.564875
0.564875
0.564875
0.564875
0.564875
0.564875
0.564875
0.564875
0.564875
0.564875
0.564875
0.564875
0.564875
0.564875
0.564875
0.564875
0.564875
0.564875
0.564875
0.564875
0.564875
0.564875
0.564875
0.564875
0.564875
0.564875
0.564875
0.564875
0.564875
0.564875
0.564875
0.564875
0.564875
0.564875
0.564875
0.564875
0.564875
0.564875
0.564875
0.564875
0.564875
0.564875
0.564875
0.564875
0.564875
0.564875
0.564875
0.564875
0.564875
0.564875
0.564875
0.564875
0.564875
0.564875
0.564875
0.564875
0.564875
0.564875
0.564875
0.564875
0.564875
0.564875
0.564875
0.564875
0.564875
0.564875
0.564875
0.564875
0.564875
0.564875
0.564875
0.564875
0.564875
0.564875
0.564875
0.564875
0.564875
0.564875
0.564875
0.564875
0.564875
0.564875
0.564875
0.564875
0.564875
0.564875
0.564875
0.564875
0.564875
0.564875
0.564875
0.564875
0.564875
0.564875
0.564875
0.564875
0.564875
0.564875
0.564875
0.564875
0.564875
0.564875
0.564875
0.564875
0.564875
0.564875
0.564875
0.564875
0.564875
0.564875
0.564875
0.564875
0.564875
0.564875
0.564875
0.564875
0.564875
0.564875
0.564875
0.564875
0.564875
0.564875
0.564875
0.564875
0.564875
0.564875
0.564875
0.564875
0.564875
0.564875
0.564875
0.564875
0.564875
0.564875
0.564875
0.564875
0.564875
0.564875
0.564875
0.564875
0.564875
0.564875
0.564875
0.564875
0.564875
0.564875
0.564875
0.564875
0.564875
0.564875
0.564875
0.564875
0.564875
0.564875
0.564875
0.564875
0.564875
0.564875
0.564875
0.564875
0.564875
0.564875
0.564875
0.564875
0.564875
0.564875
0.564875
0.564875
0.564875
0.564875
0.564875
0.564875
0.564875
0.564875
0.564875
0.564875
0.564875
0.564875
0.564875
0.564875
0.564875
0.564875
0.564875
0.564875
0.564875
0.564875
0.564875
0.564875
0.564875
0.564875
0.564875
0.564875
0.564875
0.564875
0.564875
0.564875
0.564875
0.564875
0.564875
0.564875
0.564875
0.564875
0.564875
0.564875
0.564875
0.564875
0.564875
0.564875
0.564875
0.564875
0.564875
0.564875
0.564875
0.564875
0.564875
0.564875
0.564875
0.564875
0.564875
0.564875
0.564875
0.564875
0.564875
0.564875
0.564875
0.564875
0.564875
0.564875
0.564875
0.564875
0.564875
0.564875
0.564875
0.564875
0.564875
0.564875
0.564875
0.564875
0.564875
0.564875
0.564875
0.564875
0.564875
0.564875
0.564875
0.564875
0.564875
0.564875
0.564875
0.564875
0.564875
0.564875
0.564875
0.564875
0.564875
0.564875
0.564875
0.564875
0.564875
0.564875
0.564875
0.564875
0.564875
0.564875
0.564875
0.564875
0.564875
0.564875
0.564875
0.564875
0.564875
0.564875
0.564875
0.564875
0.564875
0.564875
0.564875
0.564875
0.564875
0.564875
0.564875
0.564875
0.564875
0.564875
0.564875
0.564875
0.564875
0.564875
0.564875
0.564875
0.564875
0.564875
0.564875
0.564875
0.564875
0.564875
0.564875
0.564875
0.564875
0.564875
0.564875
0.564875
0.564875
0.564875
0.564875
0.564875
0.564875
0.564875
0.564875
0.564875
0.564875
0.564875
0.564875
0.564875
0.564875
0.564875
0.564875
0.564875
0.564875
0.564875
0.564875
0.564875
0.564875
0.564875
0.564875
0.564875
0.564875
0.564875
0.564875
0.564875
0.564875
0.564875
0.564875
0.564875
0.564875
0.564875
0.564875
0.564875
0.564875
0.564875
0.564875
0.564875
0.564875
0.564875
0.564875
0.564875
0.564875
0.564875
0.564875
0.564875
0.564875
0.564875
0.564875
0.564875
0.564875
0.564875
0.564875
0.564875
0.564875
0.564875
0.564875
0.564875
0.564875
0.564875
0.564875
0.564875
0.564875
0.564875
0.564875
0.564875
0.564875
0.564875
0.564875
0.564875
0.564875
0.564875
0.564875
0.564875
0.564875
0.564875
0.564875
0.564875
0.564875
0.564875
0.564875
0.564875
0.564875
0.564875
0.564875
0.564875
0.564875
0.564875
0.564875
0.564875
0.564875
0.564875
0.564875
0.564875
0.564875
0.564875
0.564875
0.564875
0.564875
0.564875
0.564875
0.564875
0.564875
0.564875
0.564875
0.564875
0.564875
0.564875
0.564875
0.564875
0.564875
0.564875
0.564875
0.564875
0.564875
0.564875
0.564875
0.564875
0.564875
0.564875
0.564875
0.564875
0.564875
0.564875
0.564875
0.564875
0.564875
0.564875
0.564875
0.564875
0.564875
0.564875
0.564875
0.564875
0.564875
0.564875
0.564875
0.564875
0.564875
0.564875
0.564875
0.564875
0.564875
0.564875
0.564875
0.564875
0.564875
0.564875
0.564875
0.564875
0.564875
0.564875
0.564875
0.564875
0.564875
0.564875
0.564875
0.564875
0.564875
0.564875
0.564875
0.564875
0.564875
0.564875
0.564875
0.564875
0.564875
0.564875
0.564875
0.564875
0.564875
0.564875
0.564875
0.564875
0.564875
0.564875
0.564875
0.564875
0.564875
0.564875
0.564875
0.564875
0.564875
0.564875
0.564875
0.564875
0.564875
0.564875
0.564875
0.564875
0.564875
0.564875
0.564875
0.564875
0.564875
0.564875
0.564875
0.564875
0.564875
0.564875
0.564875
0.564875
0.564875
0.564875
0.564875
0.564875
0.564875
0.564875
0.564875
0.564875
0.564875
0.564875
0.564875
0.564875
0.564875
0.564875
0.564875
0.564875
0.564875
0.564875
0.564875
0.564875
0.564875
0.564875
0.564875
0.564875
0.564875
0.564875
0.564875
0.564875
0.564875
0.564875
0.564875
0.564875
0.564875
0.564875
0.564875
0.564875
0.564875
0.564875
0.564875
0.564875
0.564875
0.564875
0.564875
0.564875
0.564875
0.564875
0.564875
0.564875
0.564875
0.564875
0.564875
0.564875
0.564875
0.564875
0.564875
0.564875
0.564875
0.564875
0.564875
0.564875
0.564875
0.564875
0.564875
0.564875
0.564875
0.564875
0.564875
0.564875
0.564875
0.564875
0.564875
0.564875
0.564875
0.564875
0.564875
0.564875
0.564875
0.564875
0.564875
0.564875
0.564875
0.564875
0.564875
0.564875
0.564875
0.564875
0.564875
0.564875
0.564875
0.564875
0.564875
0.564875
0.564875
0.564875
0.564875
0.564875
0.564875
0.564875
0.564875
0.564875
0.564875
0.564875
0.564875
0.564875
0.564875
0.564875
0.564875
0.564875
0.564875
0.564875
0.564875
0.564875
0.564875
0.564875
0.564875
0.564875
0.564875
0.564875
0.564875
0.564875
0.564875
0.564875
0.564875
0.564875
0.564875
0.564875
0.564875
0.564875
0.564875
0.564875
0.564875
0.564875
0.564875
0.564875
0.564875
0.564875
0.564875
0.564875
0.564875
0.564875
0.564875
0.564875
0.564875
0.564875
0.564875
0.564875
0.564875
0.564875
0.564875
0.564875
0.564875
0.564875
0.564875
0.564875
0.564875
0.564875
0.564875
0.564875
0.564875
0.564875
0.564875
0.564875
0.564875
0.564875
0.564875
0.564875
0.564875
0.564875
0.564875
0.564875
0.564875
0.564875
0.564875
0.564875
0.564875
0.564875
0.564875
0.564875
0.564875
0.564875
0.564875
0.564875
0.564875
0.564875
0.564875
0.564875
0.564875
0.564875
0.564875
0.564875
0.564875
0.564875
0.564875
0.564875
0.564875
0.564875
0.564875
0.564875
0.564875
0.564875
0.564875
0.564875
0.564875
0.564875
0.564875
0.564875
0.564875
0.564875
0.564875
0.564875
0.564875
0.564875
0.564875
0.564875
0.564875
0.564875
0.564875
0.564875
0.564875
0.564875
0.564875
0.564875
0.564875
0.564875
0.564875
0.564875
0.564875
0.564875
0.564875
0.564875
0.564875
0.564875
0.564875
0.564875
0.564875
0.564875
0.564875
0.564875
0.564875
0.564875
0.564875
0.564875
0.564875
0.564875
0.564875
0.564875
0.564875
0.564875
0.564875
0.564875
0.564875
0.564875
0.564875
0.564875
0.564875
0.564875
0.564875
0.564875
0.564875
0.564875
0.564875
0.564875
0.564875
0.564875
0.564875
0.564875
0.564875
0.564875
0.564875
0.564875
0.564875
0.564875
0.564875
0.564875
0.564875
0.564875
0.564875
0.564875
0.564875
0.564875
0.564875
0.564875
0.564875
0.564875
0.564875
0.564875
0.564875
0.564875
0.564875
0.564875
0.564875
0.564875
0.564875
0.564875
0.564875
0.564875
0.564875
0.564875
0.564875
0.564875
0.564875
0.564875
0.564875
0.564875
0.564875
0.564875
0.564875
0.564875
0.564875
0.564875
0.564875
0.564875
0.564875
0.564875
0.564875
0.564875
0.564875
0.564875
0.564875
0.564875
0.564875
0.564875
0.564875
0.564875
0.564875
0.564875
0.564875
0.564875
0.564875
0.564875
0.564875
0.564875
0.564875
0.564875
0.564875
0.564875
0.564875
0.564875
0.564875
0.564875
0.564875
0.564875
0.564875
0.564875
0.564875
0.564875
0.564875
0.564875
0.564875
0.564875
0.564875
0.564875
0.564875
0.564875
0.564875
0.564875
0.564875
0.564875
0.564875
0.564875
0.564875
0.564875
0.564875
0.564875
0.564875
0.564875
0.564875
0.564875
0.564875
0.564875
0.564875
0.564875
0.564875
0.564875
0.564875
0.564875
0.564875
0.564875
0.564875
0.564875
0.564875
0.564875
0.564875
0.564875
0.564875
0.564875
0.564875
0.564875
0.564875
0.564875
0.564875
0.564875
0.564875
0.564875
0.564875
0.564875
0.564875
0.564875
0.564875
0.564875
0.564875
0.564875
0.564875
0.564875
0.564875
0.564875
0.564875
0.564875
0.564875
0.564875
0.564875
0.564875
0.564875
0.564875
0.564875
0.564875
0.564875
0.564875
0.564875
0.564875
0.564875
0.564875
0.564875
0.564875
0.564875
0.564875
0.564875
0.564875
0.564875
0.564875
0.564875
0.564875
0.564875
0.564875
0.564875
0.564875
0.564875
0.564875
0.564875
0.564875
0.564875
0.564875
0.564875
0.564875
0.564875
0.564875
0.564875
0.564875
0.564875
0.564875
0.564875
0.564875
0.564875
0.564875
0.564875
0.564875
0.564875
0.564875
0.564875
0.564875
0.564875
0.564875
0.564875
0.564875
0.564875
0.564875
0.564875
0.564875
0.564875
0.564875
0.564875
0.564875
0.564875
0.564875
0.564875
0.564875
0.564875
0.564875
0.564875
0.564875
0.564875
0.564875
0.564875
0.564875
0.564875
0.564875
0.564875
0.564875
0.564875
0.564875
0.564875
0.564875
0.564875
0.564875
0.564875
0.564875
0.564875
0.564875
0.564875
0.564875
0.564875
0.564875
0.564875
0.564875
0.564875
0.564875
0.564875
0.564875
0.564875
0.564875
0.564875
0.564875
0.564875
0.564875
0.564875
0.564875
0.564875
0.564875
0.564875
0.564875
0.564875
0.564875
0.564875
0.564875
0.564875
0.564875
0.564875
0.564875
0.564875
0.564875
0.564875
0.564875
0.564875
0.564875
0.564875
0.564875
0.564875
0.564875
0.564875
0.564875
0.564875
0.564875
0.564875
0.564875
0.564875
0.564875
0.564875
0.564875
0.564875
0.564875
0.564875
0.564875
0.564875
0.564875
0.564875
0.564875
0.564875
0.564875
0.564875
0.564875
0.564875
0.564875
0.564875
0.564875
0.564875
0.564875
0.564875
0.564875
0.564875
0.564875
0.564875
0.564875
0.564875
0.564875
0.564875
0.564875
0.564875
0.564875
0.564875
0.564875
0.564875
0.564875
0.564875
0.564875
0.564875
0.564875
0.564875
0.564875
0.564875
0.564875
0.564875
0.564875
0.564875
0.564875
0.564875
0.564875
0.564875
0.564875
0.564875
0.564875
0.564875
0.564875
0.564875
0.564875
0.564875
0.564875
0.564875
0.564875
0.564875
0.564875
0.564875
0.564875
0.564875
0.564875
0.564875
0.564875
0.564875
0.564875
0.564875
0.564875
0.564875
0.564875
0.564875
0.564875
0.564875
0.564875
0.564875
0.564875
0.564875
0.564875
0.564875
0.564875
0.564875
0.564875
0.564875
0.564875
0.564875
0.564875
0.564875
0.564875
0.564875
0.564875
0.564875
0.564875
0.564875
0.564875
0.564875
0.564875
0.564875
0.564875
0.564875
0.564875
0.564875
0.564875
0.564875
0.564875
0.564875
0.564875
0.564875
0.564875
0.564875
0.564875
0.564875
0.564875
0.564875
0.564875
0.564875
0.564875
0.564875
0.564875
0.564875
0.564875
0.564875
0.564875
0.564875
0.564875
0.564875
0.564875
0.564875
0.564875
0.564875
0.564875
0.564875
0.564875
0.564875
0.564875
0.564875
0.564875
0.564875
0.564875
0.564875
0.564875
0.564875
0.564875
0.564875
0.564875
0.564875
0.564875
0.564875
0.564875
0.564875
0.564875
0.564875
0.564875
0.564875
0.564875
0.564875
0.564875
0.564875
0.564875
0.564875
0.564875
0.564875
0.564875
0.564875
0.564875
0.564875
0.564875
0.564875
0.564875
0.564875
0.564875
0.564875
0.564875
0.564875
0.564875
0.564875
0.564875
0.564875
0.564875
0.564875
0.564875
0.564875
0.564875
0.564875
0.564875
0.564875
0.564875
0.564875
0.564875
0.564875
0.564875
0.564875
0.564875
0.564875
0.564875
0.564875
0.564875
0.564875
0.564875
0.564875
0.564875
0.564875
0.564875
0.564875
0.564875
0.564875
0.564875
0.564875
0.564875
0.564875
0.564875
0.564875
0.564875
0.564875
0.564875
0.564875
0.564875
0.564875
0.564875
0.564875
0.564875
0.564875
0.564875
0.564875
0.564875
0.564875
0.564875
0.564875
0.564875
0.564875
0.564875
0.564875
0.564875
0.564875
0.564875
0.564875
0.564875
0.564875
0.564875
0.564875
0.564875
0.564875
0.564875
0.564875
0.564875
0.564875
0.564875
0.564875
0.564875
0.564875
0.564875
0.564875
0.564875
0.564875
0.564875
0.564875
0.564875
0.564875
0.564875
0.564875
0.564875
0.564875
0.564875
0.564875
0.564875
0.564875
0.564875
0.564875
0.564875
0.564875
0.564875
0.564875
0.564875
0.564875
0.564875
0.564875
0.564875
0.564875
0.564875
0.564875
0.564875
0.564875
0.564875
0.564875
0.564875
0.564875
0.564875
0.564875
0.564875
0.564875
0.564875
0.564875
0.564875
0.564875
0.564875
0.564875
0.564875
0.564875
0.564875
0.564875
0.564875
0.564875
0.564875
0.564875
0.564875
0.564875
0.564875
0.564875
0.564875
0.564875
0.564875
0.564875
0.564875
0.564875
0.564875
0.564875
0.564875
0.564875
0.564875
0.564875
0.564875
0.564875
0.564875
0.564875
0.564875
0.564875
0.564875
0.564875
0.564875
0.564875
0.564875
0.564875
0.564875
0.564875
0.564875
0.564875
0.564875
0.564875
0.564875
0.564875
0.564875
0.564875
0.564875
0.564875
0.564875
0.564875
0.564875
0.564875
0.564875
0.564875
0.564875
0.564875
0.564875
0.564875
0.564875
0.564875
0.564875
0.564875
0.564875
0.564875
0.564875
0.564875
0.564875
0.564875
0.564875
0.564875
0.564875
0.564875
0.564875
0.564875
0.564875
0.564875
0.564875
0.564875
0.564875
0.564875
0.564875
0.564875
0.564875
0.564875
0.564875
0.564875
0.564875
0.564875
0.564875
0.564875
0.564875
0.564875
0.564875
0.564875
0.564875
0.564875
0.564875
0.564875
0.564875
0.564875
0.564875
0.564875
0.564875
0.564875
0.564875
0.564875
0.564875
0.564875
0.564875
0.564875
0.564875
0.564875
0.564875
0.564875
0.564875
0.564875
0.564875
0.564875
0.564875
0.564875
0.564875
0.564875
0.564875
0.564875
0.564875
0.564875
0.564875
0.564875
0.564875
0.564875
0.564875
0.564875
0.564875
0.564875
0.564875
0.564875
0.564875
0.564875
0.564875
0.564875
0.564875
0.564875
0.564875
0.564875
0.564875
0.564875
0.564875
0.564875
0.564875
0.564875
0.564875
0.564875
0.564875
0.564875
0.564875
0.564875
0.564875
0.564875
0.564875
0.564875
0.564875
0.564875
0.564875
0.564875
0.564875
0.564875
0.564875
0.564875
0.564875
0.564875
0.564875
0.564875
0.564875
0.564875
0.564875
0.564875
0.564875
0.564875
0.564875
0.564875
0.564875
0.564875
0.564875
0.564875
0.564875
0.564875
0.564875
0.564875
0.564875
0.564875
0.564875
0.564875
0.564875
0.564875
0.564875
0.564875
0.564875
0.564875
0.564875
0.564875
0.564875
0.564875
0.564875
0.564875
0.564875
0.564875
0.564875
0.564875
0.564875
0.564875
0.564875
0.564875
0.564875
0.564875
0.564875
0.564875
0.564875
0.564875
0.564875
0.564875
0.564875
0.564875
0.564875
0.564875
0.564875
0.564875
0.564875
0.564875
0.564875
0.564875
0.564875
0.564875
0.564875
0.564875
0.564875
0.564875
0.564875
0.564875
0.564875
0.564875
0.564875
0.564875
0.564875
0.564875
0.564875
0.564875
0.564875
0.564875
0.564875
0.564875
0.564875
0.564875
0.564875
0.564875
0.564875
0.564875
0.564875
0.564875
0.564875
0.564875
0.564875
0.564875
0.564875
0.564875
0.564875
0.564875
0.564875
0.564875
0.564875
0.564875
0.564875
0.564875
0.564875
0.564875
0.564875
0.564875
0.564875
0.564875
0.564875
0.564875
0.564875
0.564875
0.564875
0.564875
0.564875
0.564875
0.564875
0.564875
0.564875
0.564875
0.564875
0.564875
0.564875
0.564875
0.564875
0.564875
0.564875
0.564875
0.564875
0.564875
0.564875
0.564875
0.564875
0.564875
0.564875
0.564875
0.564875
0.564875
0.564875
0.564875
0.564875
0.564875
0.564875
0.564875
0.564875
0.564875
0.564875
0.564875
0.564875
0.564875
0.564875
0.564875
0.564875
0.564875
0.564875
0.564875
0.564875
0.564875
0.564875
0.564875
0.564875
0.564875
0.564875
0.564875
0.564875
0.564875
0.564875
0.564875
0.564875
0.564875
0.564875
0.564875
0.564875
0.564875
0.564875
0.564875
0.564875
0.564875
0.564875
0.564875
0.564875
0.564875
0.564875
0.564875
0.564875
0.564875
0.564875
0.564875
0.564875
0.564875
0.564875
0.564875
0.564875
0.564875
0.564875
0.564875
0.564875
0.564875
0.564875
0.564875
0.564875
0.564875
0.564875
0.564875
0.564875
0.564875
0.564875
0.564875
0.564875
0.564875
0.564875
0.564875
0.564875
0.564875
0.564875
0.564875
0.564875
0.564875
0.564875
0.564875
0.564875
0.564875
0.564875
0.564875
0.564875
0.564875
0.564875
0.564875
0.564875
0.564875
0.564875
0.564875
0.564875
0.564875
0.564875
0.564875
0.564875
0.564875
0.564875
0.564875
0.564875
0.564875
0.564875
0.564875
0.564875
0.564875
0.564875
0.564875
0.564875
0.564875
0.564875
0.564875
0.564875
0.564875
0.564875
0.564875
0.564875
0.564875
0.564875
0.564875
0.564875
0.564875
0.564875
0.564875
0.564875
0.564875
0.564875
0.564875
0.564875
0.564875
0.564875
0.564875
0.564875
0.564875
0.564875
0.564875
0.564875
0.564875
0.564875
0.564875
0.564875
0.564875
0.564875
0.564875
0.564875
0.564875
0.564875
0.564875
0.564875
0.564875
0.564875
0.564875
0.564875
0.564875
0.564875
0.564875
0.564875
0.564875
0.564875
0.564875
0.564875
0.564875
0.564875
0.564875
0.564875
0.564875
0.564875
0.564875
0.564875
0.564875
0.564875
0.564875
0.564875
0.564875
0.564875
0.564875
0.564875
0.564875
0.564875
0.564875
0.564875
0.564875
0.564875
0.564875
0.564875
0.564875
0.564875
0.564875
0.564875
0.564875
0.564875
0.564875
0.564875
0.564875
0.564875
0.564875
0.564875
0.564875
0.564875
0.564875
0.564875
0.564875
0.564875
0.564875
0.564875
0.564875
0.564875
0.564875
0.564875
0.564875
0.564875
0.564875
0.564875
0.564875
0.564875
0.564875
0.564875
0.564875
0.564875
0.564875
0.564875
0.564875
0.564875
0.564875
0.564875
0.564875
0.564875
0.564875
0.564875
0.564875
0.564875
0.564875
0.564875
0.564875
0.564875
0.564875
0.564875
0.564875
0.564875
0.564875
0.564875
0.564875
0.564875
0.564875
0.564875
0.564875
0.564875
0.564875
0.564875
0.564875
0.564875
0.564875
0.564875
0.564875
0.564875
0.564875
0.564875
0.564875
0.564875
0.564875
0.564875
0.564875
0.564875
0.564875
0.564875
0.564875
0.564875
0.564875
0.564875
0.564875
0.564875
0.564875
0.564875
0.564875
0.564875
0.564875
0.564875
0.564875
0.564875
0.564875
0.564875
0.564875
0.564875
0.564875
0.564875
0.564875
0.564875
0.564875
0.564875
0.564875
0.564875
0.564875
0.564875
0.564875
0.564875
0.564875
0.564875
0.564875
0.564875
0.564875
0.564875
0.564875
0.564875
0.564875
0.564875
0.564875
0.564875
0.564875
0.564875
0.564875
0.564875
0.564875
0.564875
0.564875
0.564875
0.564875
0.564875
0.564875
0.564875
0.564875
0.564875
0.564875
0.564875
0.564875
0.564875
0.564875
0.564875
0.564875
0.564875
0.564875
0.564875
0.564875
0.564875
0.564875
0.564875
0.564875
0.564875
0.564875
0.564875
0.564875
0.564875
0.564875
0.564875
0.564875
0.564875
0.564875
0.564875
0.564875
0.564875
0.564875
0.564875
0.564875
0.564875
0.564875
0.564875
0.564875
0.564875
0.564875
0.564875
0.564875
0.564875
0.564875
0.564875
0.564875
0.564875
0.564875
0.564875
0.564875
0.564875
0.564875
0.564875
0.564875
0.564875
0.564875
0.564875
0.564875
0.564875
0.564875
0.564875
0.564875
0.564875
0.564875
0.564875
0.564875
0.564875
0.564875
0.564875
0.564875
0.564875
0.564875
0.564875
0.564875
0.564875
0.564875
0.564875
0.564875
0.564875
0.564875
0.564875
0.564875
0.564875
0.564875
0.564875
0.564875
0.564875
0.564875
0.564875
0.564875
0.564875
0.564875
0.564875
0.564875
0.564875
0.564875
0.564875
0.564875
0.564875
0.564875
0.564875
0.564875
0.564875
0.564875
0.564875
0.564875
0.564875
0.564875
0.564875
0.564875
0.564875
0.564875
0.564875
0.564875
0.564875
0.564875
0.564875
0.564875
0.564875
0.564875
0.564875
0.564875
0.564875
0.564875
0.564875
0.564875
0.564875
0.564875
0.564875
0.564875
0.564875
0.564875
0.564875
0.564875
0.564875
0.564875
0.564875
0.564875
0.564875
0.564875
0.564875
0.564875
0.564875
0.564875
0.564875
0.564875
0.564875
0.564875
0.564875
0.564875
0.564875
0.564875
0.564875
0.564875
0.564875
0.564875
0.564875
0.564875
0.564875
0.564875
0.564875
0.564875
0.564875
0.564875
0.564875
0.564875
0.564875
0.564875
0.564875
0.564875
0.564875
0.564875
0.564875
0.564875
0.564875
0.564875
0.564875
0.564875
0.564875
0.564875
0.564875
0.564875
0.564875
0.564875
0.564875
0.564875
0.564875
0.564875
0.564875
0.564875
0.564875
0.564875
0.564875
0.564875
0.564875
0.564875
0.564875
0.564875
0.564875
0.564875
0.564875
0.564875
0.564875
0.564875
0.564875
0.564875
0.564875
0.564875
0.564875
0.564875
0.564875
0.564875
0.564875
0.564875
0.564875
0.564875
0.564875
0.564875
0.564875
0.564875
0.564875
0.564875
0.564875
0.564875
0.564875
0.564875
0.564875
0.564875
0.564875
0.564875
0.564875
0.564875
0.564875
0.564875
0.564875
0.564875
0.564875
0.564875
0.564875
0.564875
0.564875
0.564875
0.564875
0.564875
0.564875
0.564875
0.564875
0.564875
0.564875
0.564875
0.564875
0.564875
0.564875
0.564875
0.564875
0.564875
0.564875
0.564875
0.564875
0.564875
0.564875
0.564875
0.564875
0.564875
0.564875
0.564875
0.564875
0.564875
0.564875
0.564875
0.564875
0.564875
0.564875
0.564875
0.564875
0.564875
0.564875
0.564875
0.564875
0.564875
0.564875
0.564875
0.564875
0.564875
0.564875
0.564875
0.564875
0.564875
0.564875
0.564875
0.564875
0.564875
0.564875
0.564875
0.564875
0.564875
0.564875
0.564875
0.564875
0.564875
0.564875
0.564875
0.564875
0.564875
0.564875
0.564875
0.564875
0.564875
0.564875
0.564875
0.564875
0.564875
0.564875
0.564875
0.564875
0.564875
0.564875
0.564875
0.564875
0.564875
0.564875
0.564875
0.564875
0.564875
0.564875
0.564875
0.564875
0.564875
0.564875
0.564875
0.564875
0.564875
0.564875
0.564875
0.564875
0.564875
0.564875
0.564875
0.564875
0.564875
0.564875
0.564875
0.564875
0.564875
0.564875
0.564875
0.564875
0.564875
0.564875
0.564875
0.564875
0.564875
0.564875
0.564875
0.564875
0.564875
0.564875
0.564875
0.564875
0.564875
0.564875
0.564875
0.564875
0.564875
0.564875
0.564875
0.564875
0.564875
0.564875
0.564875
0.564875
0.564875
0.564875
0.564875
0.564875
0.564875
0.564875
0.564875
0.564875
0.564875
0.564875
0.564875
0.564875
0.564875
0.564875
0.564875
0.564875
0.564875
0.564875
0.564875
0.564875
0.564875
0.564875
0.564875
0.564875
0.564875
0.564875
0.564875
0.564875
0.564875
0.564875
0.564875
0.564875
0.564875
0.564875
0.564875
0.564875
0.564875
0.564875
0.564875
0.564875
0.564875
0.564875
0.564875
0.564875
0.564875
0.564875
0.564875
0.564875
0.564875
0.564875
0.564875
0.564875
0.564875
0.564875
0.564875
0.564875
0.564875
0.564875
0.564875
0.564875
0.564875
0.564875
0.564875
0.564875
0.564875
0.564875
0.564875
0.564875
0.564875
0.564875
0.564875
0.564875
0.564875
0.564875
0.564875
0.564875
0.564875
0.564875
0.564875
0.564875
0.564875
0.564875
0.564875
0.564875
0.564875
0.564875
0.564875
0.564875
0.564875
0.564875
0.564875
0.564875
0.564875
0.564875
0.564875
0.564875
0.564875
0.564875
0.564875
0.564875
0.564875
0.564875
0.564875
0.564875
0.564875
0.564875
0.564875
0.564875
0.564875
0.564875
0.564875
0.564875
0.564875
0.564875
0.564875
0.564875
0.564875
0.564875
0.564875
0.564875
0.564875
0.564875
0.564875
0.564875
0.564875
0.564875
0.564875
0.564875
0.564875
0.564875
0.564875
0.564875
0.564875
0.564875
0.564875
0.564875
0.564875
0.564875
0.564875
0.564875
0.564875
0.564875
0.564875
0.564875
0.564875
0.564875
0.564875
0.564875
0.564875
0.564875
0.564875
0.564875
0.564875
0.564875
0.564875
0.564875
0.564875
0.564875
0.564875
0.564875
0.564875
0.564875
0.564875
0.564875
0.564875
0.564875
0.564875
0.564875
0.564875
0.564875
0.564875
0.564875
0.564875
0.564875
0.564875
0.564875
0.564875
0.564875
0.564875
0.564875
0.564875
0.564875
0.564875
0.564875
0.564875
0.564875
0.564875
0.564875
0.564875
0.564875
0.564875
0.564875
0.564875
0.564875
0.564875
0.564875
0.564875
0.564875
0.564875
0.564875
0.564875
0.564875
0.564875
0.564875
0.564875
0.564875
0.564875
0.564875
0.564875
0.564875
0.564875
0.564875
0.564875
0.564875
0.564875
0.564875
0.564875
0.564875
0.564875
0.564875
0.564875
0.564875
0.564875
0.564875
0.564875
0.564875
0.564875
0.564875
0.564875
0.564875
0.564875
0.564875
0.564875
0.564875
0.564875
0.564875
0.564875
0.564875
0.564875
0.564875
0.564875
0.564875
0.564875
0.564875
0.564875
0.564875
0.564875
0.564875
0.564875
0.564875
0.564875
0.564875
0.564875
0.564875
0.564875
0.564875
0.564875
0.564875
0.564875
0.564875
0.564875
0.564875
0.564875
0.564875
0.564875
0.564875
0.564875
0.564875
0.564875
0.564875
0.564875
0.564875
0.564875
0.564875
0.564875
0.564875
0.564875
0.564875
0.564875
0.564875
0.564875
0.564875
0.564875
0.564875
0.564875
0.564875
0.564875
0.564875
0.564875
0.564875
0.564875
0.564875
0.564875
0.564875
0.564875
0.564875
0.564875
0.564875
0.564875
0.564875
0.564875
0.564875
0.564875
0.564875
0.564875
0.564875
0.564875
0.564875
0.564875
0.564875
0.564875
0.564875
0.564875
0.564875
0.564875
0.564875
0.564875
0.564875
0.564875
0.564875
0.564875
0.564875
0.564875
0.564875
0.564875
0.564875
0.564875
0.564875
0.564875
0.564875
0.564875
0.564875
0.564875
0.564875
0.564875
0.564875
0.564875
0.564875
0.564875
0.564875
0.564875
0.564875
0.564875
0.564875
0.564875
0.564875
0.564875
0.564875
0.564875
0.564875
0.564875
0.564875
0.564875
0.564875
0.564875
0.564875
0.564875
0.564875
0.564875
0.564875
0.564875
0.564875
0.564875
0.564875
0.564875
0.564875
0.564875
0.564875
0.564875
0.564875
0.564875
0.564875
0.564875
0.564875
0.564875
0.564875
0.564875
0.564875
0.564875
0.564875
0.564875
0.564875
0.564875
0.564875
0.564875
0.564875
0.564875
0.564875
0.564875
0.564875
0.564875
0.564875
0.564875
0.564875
0.564875
0.564875
0.564875
0.564875
0.564875
0.564875
0.564875
0.564875
0.564875
0.564875
0.564875
0.564875
0.564875
0.564875
0.564875
0.564875
0.564875
0.564875
0.564875
0.564875
0.564875
0.564875
0.564875
0.564875
0.564875
0.564875
0.564875
0.564875
0.564875
0.564875
0.564875
0.564875
0.564875
0.564875
0.564875
0.564875
0.564875
0.564875
0.564875
0.564875
0.564875
0.564875
0.564875
0.564875
0.564875
0.564875
0.564875
0.564875
0.564875
0.564875
0.564875
0.564875
0.564875
0.564875
0.564875
0.564875
0.564875
0.564875
0.564875
0.564875
0.564875
0.564875
0.564875
0.564875
0.564875
0.564875
0.564875
0.564875
0.564875
0.564875
0.564875
0.564875
0.564875
0.564875
0.564875
0.564875
0.564875
0.564875
0.564875
0.564875
0.564875
0.564875
0.564875
0.564875
0.564875
0.564875
0.564875
0.564875
0.564875
0.564875
0.564875
0.564875
0.564875
0.564875
0.564875
0.564875
0.564875
0.564875
0.564875
0.564875
0.564875
0.564875
0.564875
0.564875
0.564875
0.564875
0.564875
0.564875
0.564875
0.564875
0.564875
0.564875
0.564875
0.564875
0.564875
0.564875
0.564875
0.564875
0.564875
0.564875
0.564875
0.564875
0.564875
0.564875
0.564875
0.564875
0.564875
0.564875
0.564875
0.564875
0.564875
0.564875
0.564875
0.564875
0.564875
0.564875
0.564875
0.564875
0.564875
0.564875
0.564875
0.564875
0.564875
0.564875
0.564875
0.564875
0.564875
0.564875
0.564875
0.564875
0.564875
0.564875
0.564875
0.564875
0.564875
0.564875
0.564875
0.564875
0.564875
0.564875
0.564875
0.564875
0.564875
0.564875
0.564875
0.564875
0.564875
0.564875
0.564875
0.564875
0.564875
0.564875
0.564875
0.564875
0.564875
0.564875
0.564875
0.564875
0.564875
0.564875
0.564875
0.564875
0.564875
0.564875
0.564875
0.564875
0.564875
0.564875
0.564875
0.564875
0.564875
0.564875
0.564875
0.564875
0.564875
0.564875
0.564875
0.564875
0.564875
0.564875
0.564875
0.564875
0.564875
0.564875
0.564875
0.564875
0.564875
0.564875
0.564875
0.564875
0.564875
0.564875
0.564875
0.564875
0.564875
0.564875
0.564875
0.564875
0.564875
0.564875
0.564875
0.564875
0.564875
0.564875
0.564875
0.564875
0.564875
0.564875
0.564875
0.564875
0.564875
0.564875
0.564875
0.564875
0.564875
0.564875
0.564875
0.564875
0.564875
0.564875
0.564875
0.564875
0.564875
0.564875
0.564875
0.564875
0.564875
0.564875
0.564875
0.564875
0.564875
0.564875
0.564875
0.564875
0.564875
0.564875
0.564875
0.564875
0.564875
0.564875
0.564875
0.564875
0.564875
0.564875
0.564875
0.564875
0.564875
0.564875
0.564875
0.564875
0.564875
0.564875
0.564875
0.564875
0.564875
0.564875
0.564875
0.564875
0.564875
0.564875
0.564875
0.564875
0.564875
0.564875
0.564875
0.564875
0.564875
0.564875
0.564875
0.564875
0.564875
0.564875
0.564875
0.564875
0.564875
0.564875
0.564875
0.564875
0.564875
0.564875
0.564875
0.564875
0.564875
0.564875
0.564875
0.564875
0.564875
0.564875
0.564875
0.564875
0.564875
0.564875
0.564875
0.564875
0.564875
0.564875
0.564875
0.564875
0.564875
0.564875
0.564875
0.564875
0.564875
0.564875
0.564875
0.564875
0.564875
0.564875
0.564875
0.564875
0.564875
0.564875
0.564875
0.564875
0.564875
0.564875
0.564875
0.564875
0.564875
0.564875
0.564875
0.564875
0.564875
0.564875
0.564875
0.564875
0.564875
0.564875
0.564875
0.564875
0.564875
0.564875
0.564875
0.564875
0.564875
0.564875
0.564875
0.564875
0.564875
0.564875
0.564875
0.564875
0.564875
0.564875
0.564875
0.564875
0.564875
0.564875
0.564875
0.564875
0.564875
0.564875
0.564875
0.564875
0.564875
0.564875
0.564875
0.564875
0.564875
0.564875
0.564875
0.564875
0.564875
0.564875
0.564875
0.564875
0.564875
0.564875
0.564875
0.564875
0.564875
0.564875
0.564875
0.564875
0.564875
0.564875
0.564875
0.564875
0.564875
0.564875
0.564875
0.564875
0.564875
0.564875
0.564875
0.564875
0.564875
0.564875
0.564875
0.564875
0.564875
0.564875
0.564875
0.564875
0.564875
0.564875
0.564875
0.564875
0.564875
0.564875
0.564875
0.564875
0.564875
0.564875
0.564875
0.564875
0.564875
0.564875
0.564875
0.564875
0.564875
0.564875
0.564875
0.564875
0.564875
0.564875
0.564875
0.564875
0.564875
0.564875
0.564875
0.564875
0.564875
0.564875
0.564875
0.564875
0.564875
0.564875
0.564875
0.564875
0.564875
0.564875
0.564875
0.564875
0.564875
0.564875
0.564875
0.564875
0.564875
0.564875
0.564875
0.564875
0.564875
0.564875
0.564875
0.564875
0.564875
0.564875
0.564875
0.564875
0.564875
0.564875
0.564875
0.564875
0.564875
0.564875
0.564875
0.564875
0.564875
0.564875
0.564875
0.564875
0.564875
0.564875
0.564875
0.564875
0.564875
0.564875
0.564875
0.564875
0.564875
0.564875
0.564875
0.564875
0.564875
0.564875
0.564875
0.564875
0.564875
0.564875
0.564875
0.564875
0.564875
0.564875
0.564875
0.564875
0.564875
0.564875
0.564875
0.564875
0.564875
0.564875
0.564875
0.564875
0.564875
0.564875
0.564875
0.564875
0.564875
0.564875
0.564875
0.564875
0.564875
0.564875
0.564875
0.564875
0.564875
0.564875
0.564875
0.564875
0.564875
0.564875
0.564875
0.564875
0.564875
0.564875
0.564875
0.564875
0.564875
0.564875
0.564875
0.564875
0.564875
0.564875
0.564875
0.564875
0.564875
0.564875
0.564875
0.564875
0.564875
0.564875
0.564875
0.564875
0.564875
0.564875
0.564875
0.564875
0.564875
0.564875
0.564875
0.564875
0.564875
0.564875
0.564875
0.564875
0.564875
0.564875
0.564875
0.564875
0.564875
0.564875
0.564875
0.564875
0.564875
0.564875
0.564875
0.564875
0.564875
0.564875
0.564875
0.564875
0.564875
0.564875
0.564875
0.564875
0.564875
0.564875
0.564875
0.564875
0.564875
0.564875
0.564875
0.564875
0.564875
0.564875
0.564875
0.564875
0.564875
0.564875
0.564875
0.564875
0.564875
0.564875
0.564875
0.564875
0.564875
0.564875
0.564875
0.564875
0.564875
0.564875
0.564875
0.564875
0.564875
0.564875
0.564875
0.564875
0.564875
0.564875
0.564875
0.564875
0.564875
0.564875
0.564875
0.564875
0.564875
0.564875
0.564875
0.564875
0.564875
0.564875
0.564875
0.564875
0.564875
0.564875
0.564875
0.564875
0.564875
0.564875
0.564875
0.564875
0.564875
0.564875
0.564875
0.564875
0.564875
0.564875
0.564875
0.564875
0.564875
0.564875
0.564875
0.564875
0.564875
0.564875
0.564875
0.564875
0.564875
0.564875
0.564875
0.564875
0.564875
0.564875
0.564875
0.564875
0.564875
0.564875
0.564875
0.564875
0.564875
0.564875
0.564875
0.564875
0.564875
0.564875
0.564875
0.564875
0.564875
0.564875
0.564875
0.564875
0.564875
