0.001
0.00511967
0.0101166
0.0152316
0.0201792
0.0248657
0.0292765
0.0334298
0.0373553
0.0410853
0.0446504
0.0480776
0.0513902
0.0546079
0.0577467
0.0608198
0.0638382
0.0668104
0.0697435
0.0726431
0.0755139
0.0783595
0.0811828
0.0839862
0.0867717
0.0895408
0.0922947
0.0950345
0.097761
0.100475
0.103177
0.105867
0.108546
0.111214
0.113871
0.116518
0.119155
0.121782
0.124398
0.127005
0.129602
0.132189
0.134767
0.137335
0.139893
0.142443
0.144982
0.147513
0.150034
0.152546
0.155049
0.157543
0.160027
0.162503
0.164969
0.167426
0.169875
0.172314
0.174745
0.177166
0.179579
0.181983
0.184378
0.186765
0.189142
0.191512
0.193872
0.196224
0.198567
0.200901
0.203227
0.205545
0.207854
0.210155
0.212447
0.214731
0.217006
0.219273
0.221532
0.223783
0.226025
0.228259
0.230485
0.232703
0.234912
0.237114
0.239307
0.241493
0.24367
0.24584
0.248001
0.250155
0.2523
0.254438
0.256568
0.25869
0.260805
0.262911
0.26501
0.267101
0.269185
0.271261
0.273329
0.275389
0.277443
0.279488
0.281526
0.283557
0.28558
0.287595
0.289604
0.291604
0.293598
0.295584
0.297563
0.299535
0.301499
0.303456
0.305406
0.307349
0.309284
0.311213
0.313134
0.315049
0.316956
0.318856
0.32075
0.322636
0.324515
0.326388
0.328253
0.330112
0.331964
0.333809
0.335647
0.337479
0.339303
0.341121
0.342933
0.344737
0.346535
0.348327
0.350111
0.35189
0.353661
0.355426
0.357185
0.358937
0.360683
0.362422
0.364155
0.365881
0.367601
0.369315
0.371022
0.372723
0.374418
0.376107
0.377789
0.379465
0.381135
0.382799
0.384456
0.386108
0.387753
0.389393
0.391026
0.392653
0.394275
0.39589
0.397499
0.399102
0.4007
0.402291
0.403877
0.405457
0.407031
0.408599
0.410161
0.411718
0.413269
0.414814
0.416353
0.417887
0.419415
0.420937
0.422454
0.423965
0.425471
0.426971
0.428465
0.429954
0.431438
0.432916
0.434388
0.435855
0.437317
0.438773
0.440224
0.441669
0.443109
0.444544
0.445973
0.447397
0.448816
0.45023
0.451638
0.453042
0.45444
0.455832
0.45722
0.458603
0.45998
0.461352
0.46272
0.464082
0.465439
0.466791
0.468138
0.46948
0.470817
0.472149
0.473477
0.474799
0.476116
0.477429
0.478737
0.480039
0.481337
0.482631
0.483919
0.485203
0.486482
0.487756
0.489025
0.49029
0.49155
0.492805
0.494056
0.495302
0.496544
0.49778
0.499013
0.50024
0.501463
0.502682
0.503896
0.505106
0.506311
0.507511
0.508708
0.509899
0.511087
0.51227
0.513448
0.514622
0.515792
0.516958
0.518119
0.519275
0.520428
0.521576
0.52272
0.52386
0.524996
0.526127
0.527254
0.528377
0.529496
0.53061
0.531721
0.532827
0.533929
0.535028
0.536122
0.537212
0.538298
0.53938
0.540457
0.541531
0.542601
0.543667
0.544729
0.545787
0.546841
0.547892
0.548938
0.54998
0.551019
0.552054
0.553085
0.554112
0.555135
0.556154
0.55717
0.558182
0.55919
0.560194
0.561195
0.562192
0.563185
0.564174
0.56516
0.566142
0.567121
0.568096
0.569067
0.570035
0.570999
0.571959
0.572916
0.573869
0.574819
0.575765
0.576708
0.577647
0.578583
0.579515
0.580444
0.58137
0.582292
0.58321
0.584125
0.585037
0.585945
0.58685
0.587752
0.58865
0.589545
0.590436
0.591324
0.592209
0.593091
0.593969
0.594844
0.595716
0.596585
0.59745
0.598312
0.599171
0.600027
0.600879
0.601729
0.602575
0.603418
0.604258
0.605095
0.605929
0.606759
0.607587
0.608411
0.609233
0.610051
0.610866
0.611678
0.612488
0.613294
0.614097
0.614897
0.615694
0.616489
0.61728
0.618068
0.618854
0.619636
0.620416
0.621193
0.621966
0.622737
0.623505
0.624271
0.625033
0.625792
0.626549
0.627303
0.628054
0.628802
0.629548
0.630291
0.63103
0.631768
0.632502
0.633234
0.633963
0.634689
0.635413
0.636134
0.636852
0.637567
0.63828
0.63899
0.639698
0.640403
0.641105
0.641805
0.642502
0.643196
0.643888
0.644578
0.645264
0.645949
0.64663
0.647309
0.647986
0.64866
0.649332
0.650001
0.650667
0.651331
0.651993
0.652652
0.653309
0.653963
0.654615
0.655264
0.655911
0.656556
0.657198
0.657838
0.658475
0.65911
0.659743
0.660373
0.661001
0.661626
0.66225
0.662871
0.663489
0.664106
0.66472
0.665331
0.665941
0.666548
0.667153
0.667756
0.668356
0.668954
0.66955
0.670144
0.670736
0.671325
0.671912
0.672497
0.67308
0.67366
0.674239
0.674815
0.675389
0.675961
0.676531
0.677099
0.677664
0.678228
0.678789
0.679349
0.679906
0.680461
0.681014
0.681565
0.682114
0.682661
0.683206
0.683749
0.68429
0.684829
0.685365
0.6859
0.686433
0.686964
0.687493
0.68802
0.688545
0.689068
0.689589
0.690108
0.690625
0.69114
0.691653
0.692165
0.692674
0.693182
0.693688
0.694191
0.694693
0.695193
0.695692
0.696188
0.696682
0.697175
0.697666
0.698155
0.698642
0.699127
0.699611
0.700093
0.700573
0.701051
0.701527
0.702002
0.702474
0.702946
0.703415
0.703882
0.704348
0.704812
0.705275
0.705735
0.706194
0.706651
0.707107
0.707561
0.708013
0.708463
0.708912
0.709359
0.709804
0.710248
0.71069
0.71113
0.711569
0.712006
0.712442
0.712876
0.713308
0.713739
0.714168
0.714595
0.715021
0.715445
0.715868
0.716289
0.716709
0.717127
0.717543
0.717958
0.718371
0.718783
0.719193
0.719602
0.720009
0.720415
0.720819
0.721222
0.721623
0.722023
0.722421
0.722818
0.723213
0.723607
0.723999
0.72439
0.724779
0.725167
0.725553
0.725938
0.726322
0.726704
0.727085
0.727464
0.727842
0.728218
0.728593
0.728967
0.729339
0.72971
0.73008
0.730448
0.730815
0.73118
0.731544
0.731907
0.732268
0.732628
0.732987
0.733344
0.7337
0.734054
0.734408
0.73476
0.73511
0.73546
0.735808
0.736155
0.7365
0.736844
0.737187
0.737529
0.737869
0.738208
0.738546
0.738883
0.739218
0.739552
0.739885
0.740216
0.740547
0.740876
0.741204
0.74153
0.741856
0.74218
0.742503
0.742825
0.743145
0.743465
0.743783
0.7441
0.744416
0.74473
0.745044
0.745356
0.745667
0.745977
0.746286
0.746594
0.7469
0.747206
0.74751
0.747813
0.748115
0.748416
0.748716
0.749014
0.749312
0.749608
0.749903
0.750198
0.750491
0.750783
0.751074
0.751363
0.751652
0.75194
0.752226
0.752512
0.752796
0.75308
0.753362
0.753643
0.753924
0.754203
0.754481
0.754758
0.755034
0.755309
0.755583
0.755856
0.756128
0.756399
0.756669
0.756938
0.757206
0.757473
0.757739
0.758004
0.758268
0.758531
0.758793
0.759054
0.759314
0.759573
0.759831
0.760088
0.760344
0.7606
0.760854
0.761107
0.76136
0.761611
0.761862
0.762111
0.76236
0.762607
0.762854
0.7631
0.763345
0.763589
0.763832
0.764074
0.764316
0.764556
0.764796
0.765034
0.765272
0.765509
0.765745
0.76598
0.766214
0.766447
0.76668
0.766912
0.767142
0.767372
0.767601
0.767829
0.768057
0.768283
0.768509
0.768733
0.768957
0.769181
0.769403
0.769624
0.769845
0.770065
0.770284
0.770502
0.770719
0.770936
0.771151
0.771366
0.77158
0.771794
0.772006
0.772218
0.772429
0.772639
0.772848
0.773057
0.773265
0.773472
0.773678
0.773883
0.774088
0.774292
0.774495
0.774698
0.774899
0.7751
0.775301
0.7755
0.775699
0.775897
0.776094
0.77629
0.776486
0.776681
0.776875
0.777069
0.777262
0.777454
0.777645
0.777836
0.778026
0.778215
0.778404
0.778591
0.778779
0.778965
0.779151
0.779336
0.77952
0.779704
0.779887
0.780069
0.780251
0.780432
0.780612
0.780792
0.780971
0.781149
0.781327
0.781504
0.78168
0.781855
0.78203
0.782205
0.782378
0.782551
0.782724
0.782895
0.783067
0.783237
0.783407
0.783576
0.783745
0.783912
0.78408
0.784246
0.784412
0.784578
0.784743
0.784907
0.785071
0.785233
0.785396
0.785558
0.785719
0.785879
0.786039
0.786199
0.786357
0.786516
0.786673
0.78683
0.786987
0.787142
0.787298
0.787452
0.787606
0.78776
0.787913
0.788065
0.788217
0.788368
0.788519
0.788669
0.788818
0.788967
0.789116
0.789264
0.789411
0.789558
0.789704
0.78985
0.789995
0.790139
0.790284
0.790427
0.79057
0.790712
0.790854
0.790996
0.791137
0.791277
0.791417
0.791556
0.791695
0.791833
0.791971
0.792108
0.792245
0.792381
0.792517
0.792652
0.792787
0.792921
0.793054
0.793188
0.79332
0.793452
0.793584
0.793715
0.793846
0.793976
0.794106
0.794235
0.794364
0.794492
0.79462
0.794747
0.794874
0.795001
0.795127
0.795252
0.795377
0.795501
0.795626
0.795749
0.795872
0.795995
0.796117
0.796239
0.79636
0.796481
0.796601
0.796721
0.796841
0.79696
0.797078
0.797197
0.797314
0.797432
0.797548
0.797665
0.797781
0.797896
0.798011
0.798126
0.79824
0.798354
0.798468
0.798581
0.798693
0.798805
0.798917
0.799028
0.799139
0.79925
0.79936
0.799469
0.799579
0.799687
0.799796
0.799904
0.800011
0.800119
0.800225
0.800332
0.800438
0.800543
0.800649
0.800754
0.800858
0.800962
0.801066
0.801169
0.801272
0.801374
0.801477
0.801578
0.80168
0.801781
0.801881
0.801981
0.802081
0.802181
0.80228
0.802379
0.802477
0.802575
0.802673
0.80277
0.802867
0.802963
0.80306
0.803155
0.803251
0.803346
0.803441
0.803535
0.803629
0.803723
0.803816
0.803909
0.804002
0.804094
0.804186
0.804278
0.804369
0.80446
0.804551
0.804641
0.804731
0.804821
0.80491
0.804999
0.805087
0.805176
0.805264
0.805351
0.805439
0.805525
0.805612
0.805698
0.805784
0.80587
0.805955
0.80604
0.806125
0.80621
0.806294
0.806377
0.806461
0.806544
0.806627
0.806709
0.806792
0.806873
0.806955
0.807036
0.807117
0.807198
0.807278
0.807359
0.807438
0.807518
0.807597
0.807676
0.807754
0.807833
0.807911
0.807989
0.808066
0.808143
0.80822
0.808297
0.808373
0.808449
0.808525
0.8086
0.808675
0.80875
0.808825
0.808899
0.808973
0.809047
0.80912
0.809193
0.809266
0.809339
0.809411
0.809484
0.809555
0.809627
0.809698
0.809769
0.80984
0.809911
0.809981
0.810051
0.810121
0.81019
0.810259
0.810328
0.810397
0.810466
0.810534
0.810602
0.810669
0.810737
0.810804
0.810871
0.810938
0.811004
0.81107
0.811136
0.811202
0.811267
0.811333
0.811397
0.811462
0.811527
0.811591
0.811655
0.811719
0.811782
0.811845
0.811909
0.811971
0.812034
0.812096
0.812158
0.81222
0.812282
0.812343
0.812404
0.812465
0.812526
0.812587
0.812647
0.812707
0.812767
0.812826
0.812886
0.812945
0.813004
0.813063
0.813121
0.813179
0.813237
0.813295
0.813353
0.81341
0.813468
0.813525
0.813581
0.813638
0.813694
0.81375
0.813806
0.813862
0.813918
0.813973
0.814028
0.814083
0.814138
0.814192
0.814246
0.8143
0.814354
0.814408
0.814461
0.814515
0.814568
0.814621
0.814673
0.814726
0.814778
0.81483
0.814882
0.814934
0.814985
0.815037
0.815088
0.815139
0.81519
0.81524
0.81529
0.815341
0.815391
0.81544
0.81549
0.81554
0.815589
0.815638
0.815687
0.815735
0.815784
0.815832
0.81588
0.815928
0.815976
0.816024
0.816071
0.816119
0.816166
0.816213
0.816259
0.816306
0.816352
0.816399
0.816445
0.81649
0.816536
0.816582
0.816627
0.816672
0.816717
0.816762
0.816807
0.816851
0.816896
0.81694
0.816984
0.817028
0.817072
0.817115
0.817158
0.817202
0.817245
0.817288
0.81733
0.817373
0.817415
0.817458
0.8175
0.817542
0.817583
0.817625
0.817666
0.817708
0.817749
0.81779
0.817831
0.817872
0.817912
0.817952
0.817993
0.818033
0.818073
0.818113
0.818152
0.818192
0.818231
0.81827
0.818309
0.818348
0.818387
0.818426
0.818464
0.818503
0.818541
0.818579
0.818617
0.818654
0.818692
0.81873
0.818767
0.818804
0.818841
0.818878
0.818915
0.818952
0.818988
0.819024
0.819061
0.819097
0.819133
0.819169
0.819204
0.81924
0.819275
0.819311
0.819346
0.819381
0.819416
0.819451
0.819485
0.81952
0.819554
0.819588
0.819623
0.819657
0.819691
0.819724
0.819758
0.819791
0.819825
0.819858
0.819891
0.819924
0.819957
0.81999
0.820023
0.820055
0.820087
0.82012
0.820152
0.820184
0.820216
0.820248
0.820279
0.820311
0.820342
0.820374
0.820405
0.820436
0.820467
0.820498
0.820529
0.820559
0.82059
0.82062
0.82065
0.820681
0.820711
0.820741
0.82077
0.8208
0.82083
0.820859
0.820889
0.820918
0.820947
0.820976
0.821005
0.821034
0.821063
0.821091
0.82112
0.821148
0.821177
0.821205
0.821233
0.821261
0.821289
0.821317
0.821344
0.821372
0.8214
0.821427
0.821454
0.821481
0.821508
0.821535
0.821562
0.821589
0.821616
0.821642
0.821669
0.821695
0.821721
0.821748
0.821774
0.8218
0.821826
0.821851
0.821877
0.821903
0.821928
0.821954
0.821979
0.822004
0.822029
0.822054
0.822079
0.822104
0.822129
0.822154
0.822178
0.822203
0.822227
0.822251
0.822275
0.8223
0.822324
0.822348
0.822371
0.822395
0.822419
0.822442
0.822466
0.822489
0.822513
0.822536
0.822559
0.822582
0.822605
0.822628
0.822651
0.822673
0.822696
0.822719
0.822741
0.822763
0.822786
0.822808
0.82283
0.822852
0.822874
0.822896
0.822918
0.822939
0.822961
0.822983
0.823004
0.823025
0.823047
0.823068
0.823089
0.82311
0.823131
0.823152
0.823173
0.823194
0.823214
0.823235
0.823256
0.823276
0.823296
0.823317
0.823337
0.823357
0.823377
0.823397
0.823417
0.823437
0.823457
0.823476
0.823496
0.823516
0.823535
0.823555
0.823574
0.823593
0.823612
0.823631
0.823651
0.823669
0.823688
0.823707
0.823726
0.823745
0.823763
0.823782
0.8238
0.823819
0.823837
0.823855
0.823874
0.823892
0.82391
0.823928
0.823946
0.823964
0.823982
0.823999
0.824017
0.824035
0.824052
0.82407
0.824087
0.824104
0.824122
0.824139
0.824156
0.824173
0.82419
0.824207
0.824224
0.824241
0.824258
0.824274
0.824291
0.824308
0.824324
0.824341
0.824357
0.824373
0.82439
0.824406
0.824422
0.824438
0.824454
0.82447
0.824486
0.824502
0.824518
0.824533
0.824549
0.824565
0.82458
0.824596
0.824611
0.824627
0.824642
0.824657
0.824673
0.824688
0.824703
0.824718
0.824733
0.824748
0.824763
0.824778
0.824792
0.824807
0.824822
0.824836
0.824851
0.824865
0.82488
0.824894
0.824909
0.824923
0.824937
0.824951
0.824965
0.824979
0.824993
0.825007
0.825021
0.825035
0.825049
0.825063
0.825076
0.82509
0.825104
0.825117
0.825131
0.825144
0.825158
0.825171
0.825184
0.825198
0.825211
0.825224
0.825237
0.82525
0.825263
0.825276
0.825289
0.825302
0.825315
0.825327
0.82534
0.825353
0.825365
0.825378
0.825391
0.825403
0.825416
0.825428
0.82544
0.825453
0.825465
0.825477
0.825489
0.825501
0.825513
0.825525
0.825537
0.825549
0.825561
0.825573
0.825585
0.825597
0.825608
0.82562
0.825632
0.825643
0.825655
0.825666
0.825678
0.825689
0.825701
0.825712
0.825723
0.825734
0.825746
0.825757
0.825768
0.825779
0.82579
0.825801
0.825812
0.825823
0.825834
0.825845
0.825855
0.825866
0.825877
0.825887
0.825898
0.825909
0.825919
0.82593
0.82594
0.825951
0.825961
0.825971
0.825982
0.825992
0.826002
0.826012
0.826023
0.826033
0.826043
0.826053
0.826063
0.826073
0.826083
0.826093
0.826103
0.826112
0.826122
0.826132
0.826142
0.826151
0.826161
0.826171
0.82618
0.82619
0.826199
0.826209
0.826218
0.826228
0.826237
0.826246
0.826256
0.826265
0.826274
0.826283
0.826292
0.826301
0.826311
0.82632
0.826329
0.826338
0.826347
0.826356
0.826364
0.826373
0.826382
0.826391
0.8264
0.826408
0.826417
0.826426
0.826434
0.826443
0.826451
0.82646
0.826468
0.826477
0.826485
0.826494
0.826502
0.82651
0.826519
0.826527
0.826535
0.826543
0.826552
0.82656
0.826568
0.826576
0.826584
0.826592
0.8266
0.826608
0.826616
0.826624
0.826632
0.82664
0.826648
0.826655
0.826663
0.826671
0.826679
0.826686
0.826694
0.826701
0.826709
0.826717
0.826724
0.826732
0.826739
0.826747
0.826754
0.826761
0.826769
0.826776
0.826783
0.826791
0.826798
0.826805
0.826812
0.82682
0.826827
0.826834
0.826841
0.826848
0.826855
0.826862
0.826869
0.826876
0.826883
0.82689
0.826897
0.826904
0.826911
0.826917
0.826924
0.826931
0.826938
0.826944
0.826951
0.826958
0.826964
0.826971
0.826978
0.826984
0.826991
0.826997
0.827004
0.82701
0.827017
0.827023
0.827029
0.827036
0.827042
0.827048
0.827055
0.827061
0.827067
0.827073
0.82708
0.827086
0.827092
0.827098
0.827104
0.82711
0.827116
0.827122
0.827128
0.827134
0.82714
0.827146
0.827152
0.827158
0.827164
0.82717
0.827176
0.827182
0.827187
0.827193
0.827199
0.827205
0.82721
0.827216
0.827222
0.827227
0.827233
0.827239
0.827244
0.82725
0.827255
0.827261
0.827266
0.827272
0.827277
0.827283
0.827288
0.827294
0.827299
0.827304
0.82731
0.827315
0.82732
0.827326
0.827331
0.827336
0.827341
0.827347
0.827352
0.827357
0.827362
0.827367
0.827372
0.827377
0.827382
0.827388
0.827393
0.827398
0.827403
0.827408
0.827413
0.827417
0.827422
0.827427
0.827432
0.827437
0.827442
0.827447
0.827452
0.827456
0.827461
0.827466
0.827471
0.827475
0.82748
0.827485
0.827489
0.827494
0.827499
0.827503
0.827508
0.827512
0.827517
0.827522
0.827526
0.827531
0.827535
0.82754
0.827544
0.827549
0.827553
0.827557
0.827562
0.827566
0.82757
0.827575
0.827579
0.827583
0.827588
0.827592
0.827596
0.827601
0.827605
0.827609
0.827613
0.827617
0.827622
0.827626
0.82763
0.827634
0.827638
0.827642
0.827646
0.82765
0.827654
0.827659
0.827663
0.827667
0.827671
0.827675
0.827678
0.827682
0.827686
0.82769
0.827694
0.827698
0.827702
0.827706
0.82771
0.827713
0.827717
0.827721
0.827725
0.827729
0.827732
0.827736
0.82774
0.827744
0.827747
0.827751
0.827755
0.827758
0.827762
0.827766
0.827769
0.827773
0.827776
0.82778
0.827784
0.827787
0.827791
0.827794
0.827798
0.827801
0.827805
0.827808
0.827812
0.827815
0.827819
0.827822
0.827825
0.827829
0.827832
0.827836
0.827839
0.827842
0.827846
0.827849
0.827852
0.827855
0.827859
0.827862
0.827865
0.827869
0.827872
0.827875
0.827878
0.827881
0.827885
0.827888
0.827891
0.827894
0.827897
0.8279
0.827904
0.827907
0.82791
0.827913
0.827916
0.827919
0.827922
0.827925
0.827928
0.827931
0.827934
0.827937
0.82794
0.827943
0.827946
0.827949
0.827952
0.827955
0.827958
0.827961
0.827963
0.827966
0.827969
0.827972
0.827975
0.827978
0.827981
0.827983
0.827986
0.827989
0.827992
0.827995
0.827997
0.828
0.828003
0.828006
0.828008
0.828011
0.828014
0.828016
0.828019
0.828022
0.828024
0.828027
0.82803
0.828032
0.828035
0.828038
0.82804
0.828043
0.828045
0.828048
0.828051
0.828053
0.828056
0.828058
0.828061
0.828063
0.828066
0.828068
0.828071
0.828073
0.828076
0.828078
0.828081
0.828083
0.828086
0.828088
0.82809
0.828093
0.828095
0.828098
0.8281
0.828102
0.828105
0.828107
0.828109
0.828112
0.828114
0.828116
0.828119
0.828121
0.828123
0.828126
0.828128
0.82813
0.828132
0.828135
0.828137
0.828139
0.828141
0.828144
0.828146
0.828148
0.82815
0.828152
0.828155
0.828157
0.828159
0.828161
0.828163
0.828165
0.828167
0.82817
0.828172
0.828174
0.828176
0.828178
0.82818
0.828182
0.828184
0.828186
0.828188
0.82819
0.828192
0.828194
0.828196
0.828198
0.8282
0.828202
0.828204
0.828206
0.828208
0.82821
0.828212
0.828214
0.828216
0.828218
0.82822
0.828222
0.828224
0.828226
0.828228
0.82823
0.828232
0.828233
0.828235
0.828237
0.828239
0.828241
0.828243
0.828245
0.828246
0.828248
0.82825
0.828252
0.828254
0.828255
0.828257
0.828259
0.828261
0.828263
0.828264
0.828266
0.828268
0.82827
0.828271
0.828273
0.828275
0.828277
0.828278
0.82828
0.828282
0.828283
0.828285
0.828287
0.828288
0.82829
0.828292
0.828293
0.828295
0.828297
0.828298
0.8283
0.828302
0.828303
0.828305
0.828306
0.828308
0.82831
0.828311
0.828313
0.828314
0.828316
0.828318
0.828319
0.828321
0.828322
0.828324
0.828325
0.828327
0.828328
0.82833
0.828331
0.828333
0.828334
0.828336
0.828337
0.828339
0.82834
0.828342
0.828343
0.828345
0.828346
0.828348
0.828349
0.828351
0.828352
0.828353
0.828355
0.828356
0.828358
0.828359
0.828361
0.828362
0.828363
0.828365
0.828366
0.828367
0.828369
0.82837
0.828372
0.828373
0.828374
0.828376
0.828377
0.828378
0.82838
0.828381
0.828382
0.828384
0.828385
0.828386
0.828388
0.828389
0.82839
0.828391
0.828393
0.828394
0.828395
0.828397
0.828398
0.828399
0.8284
0.828402
0.828403
0.828404
0.828405
0.828407
0.828408
0.828409
0.82841
0.828411
0.828413
0.828414
0.828415
0.828416
0.828417
0.828419
0.82842
0.828421
0.828422
0.828423
0.828425
0.828426
0.828427
0.828428
0.828429
0.82843
0.828431
0.828433
0.828434
0.828435
0.828436
0.828437
0.828438
0.828439
0.82844
0.828441
0.828443
0.828444
0.828445
0.828446
0.828447
0.828448
0.828449
0.82845
0.828451
0.828452
0.828453
0.828454
0.828455
0.828457
0.828458
0.828459
0.82846
0.828461
0.828462
0.828463
0.828464
0.828465
0.828466
0.828467
0.828468
0.828469
0.82847
0.828471
0.828472
0.828473
0.828474
0.828475
0.828476
0.828477
0.828478
0.828479
0.82848
0.82848
0.828481
0.828482
0.828483
0.828484
0.828485
0.828486
0.828487
0.828488
0.828489
0.82849
0.828491
0.828492
0.828493
0.828493
0.828494
0.828495
0.828496
0.828497
0.828498
0.828499
0.8285
0.828501
0.828502
0.828502
0.828503
0.828504
0.828505
0.828506
0.828507
0.828508
0.828508
0.828509
0.82851
0.828511
0.828512
0.828513
0.828513
0.828514
0.828515
0.828516
0.828517
0.828518
0.828518
0.828519
0.82852
0.828521
0.828522
0.828522
0.828523
0.828524
0.828525
0.828526
0.828526
0.828527
0.828528
0.828529
0.828529
0.82853
0.828531
0.828532
0.828533
0.828533
0.828534
0.828535
0.828536
0.828536
0.828537
0.828538
0.828539
0.828539
0.82854
0.828541
0.828541
0.828542
0.828543
0.828544
0.828544
0.828545
0.828546
0.828546
0.828547
0.828548
0.828549
0.828549
0.82855
0.828551
0.828551
0.828552
0.828553
0.828553
0.828554
0.828555
0.828555
0.828556
0.828557
0.828557
0.828558
0.828559
0.828559
0.82856
0.828561
0.828561
0.828562
0.828563
0.828563
0.828564
0.828565
0.828565
0.828566
0.828567
0.828567
0.828568
0.828568
0.828569
0.82857
0.82857
0.828571
0.828572
0.828572
0.828573
0.828573
0.828574
0.828575
0.828575
0.828576
0.828576
0.828577
0.828578
0.828578
0.828579
0.828579
0.82858
0.828581
0.828581
0.828582
0.828582
0.828583
0.828583
0.828584
0.828585
0.828585
0.828586
0.828586
0.828587
0.828587
0.828588
0.828588
0.828589
0.82859
0.82859
0.828591
0.828591
0.828592
0.828592
0.828593
0.828593
0.828594
0.828594
0.828595
0.828595
0.828596
0.828596
0.828597
0.828598
0.828598
0.828599
0.828599
0.8286
0.8286
0.828601
0.828601
0.828602
0.828602
0.828603
0.828603
0.828604
0.828604
0.828605
0.828605
0.828606
0.828606
0.828607
0.828607
0.828607
0.828608
0.828608
0.828609
0.828609
0.82861
0.82861
0.828611
0.828611
0.828612
0.828612
0.828613
0.828613
0.828614
0.828614
0.828614
0.828615
0.828615
0.828616
0.828616
0.828617
0.828617
0.828618
0.828618
0.828618
0.828619
0.828619
0.82862
0.82862
0.828621
0.828621
0.828622
0.828622
0.828622
0.828623
0.828623
0.828624
0.828624
0.828624
0.828625
0.828625
0.828626
0.828626
0.828627
0.828627
0.828627
0.828628
0.828628
0.828629
0.828629
0.828629
0.82863
0.82863
0.828631
0.828631
0.828631
0.828632
0.828632
0.828632
0.828633
0.828633
0.828634
0.828634
0.828634
0.828635
0.828635
0.828636
0.828636
0.828636
0.828637
0.828637
0.828637
0.828638
0.828638
0.828638
0.828639
0.828639
0.82864
0.82864
0.82864
0.828641
0.828641
0.828641
0.828642
0.828642
0.828642
0.828643
0.828643
0.828643
0.828644
0.828644
0.828644
0.828645
0.828645
0.828646
0.828646
0.828646
0.828647
0.828647
0.828647
0.828648
0.828648
0.828648
0.828648
0.828649
0.828649
0.828649
0.82865
0.82865
0.82865
0.828651
0.828651
0.828651
0.828652
0.828652
0.828652
0.828653
0.828653
0.828653
0.828654
0.828654
0.828654
0.828654
0.828655
0.828655
0.828655
0.828656
0.828656
0.828656
0.828657
0.828657
0.828657
0.828657
0.828658
0.828658
0.828658
0.828659
0.828659
0.828659
0.828659
0.82866
0.82866
0.82866
0.828661
0.828661
0.828661
0.828661
0.828662
0.828662
0.828662
0.828663
0.828663
0.828663
0.828663
0.828664
0.828664
0.828664
0.828664
0.828665
0.828665
0.828665
0.828666
0.828666
0.828666
0.828666
0.828667
0.828667
0.828667
0.828667
0.828668
0.828668
0.828668
0.828668
0.828669
0.828669
0.828669
0.828669
0.82867
0.82867
0.82867
0.82867
0.828671
0.828671
0.828671
0.828671
0.828672
0.828672
0.828672
0.828672
0.828672
0.828673
0.828673
0.828673
0.828673
0.828674
0.828674
0.828674
0.828674
0.828675
0.828675
0.828675
0.828675
0.828675
0.828676
0.828676
0.828676
0.828676
0.828677
0.828677
0.828677
0.828677
0.828677
0.828678
0.828678
0.828678
0.828678
0.828679
0.828679
0.828679
0.828679
0.828679
0.82868
0.82868
0.82868
0.82868
0.82868
0.828681
0.828681
0.828681
0.828681
0.828681
0.828682
0.828682
0.828682
0.828682
0.828682
0.828683
0.828683
0.828683
0.828683
0.828683
0.828684
0.828684
0.828684
0.828684
0.828684
0.828685
0.828685
0.828685
0.828685
0.828685
0.828686
0.828686
0.828686
0.828686
0.828686
0.828687
0.828687
0.828687
0.828687
0.828687
0.828687
0.828688
0.828688
0.828688
0.828688
0.828688
0.828689
0.828689
0.828689
0.828689
0.828689
0.828689
0.82869
0.82869
0.82869
0.82869
0.82869
0.82869
0.828691
0.828691
0.828691
0.828691
0.828691
0.828691
0.828692
0.828692
0.828692
0.828692
0.828692
0.828692
0.828693
0.828693
0.828693
0.828693
0.828693
0.828693
0.828694
0.828694
0.828694
0.828694
0.828694
0.828694
0.828694
0.828695
0.828695
0.828695
0.828695
0.828695
0.828695
0.828696
0.828696
0.828696
0.828696
0.828696
0.828696
0.828696
0.828697
0.828697
0.828697
0.828697
0.828697
0.828697
0.828697
0.828698
0.828698
0.828698
0.828698
0.828698
0.828698
0.828698
0.828699
0.828699
0.828699
0.828699
0.828699
0.828699
0.828699
0.8287
0.8287
0.8287
0.8287
0.8287
0.8287
0.8287
0.8287
0.828701
0.828701
0.828701
0.828701
0.828701
0.828701
0.828701
0.828702
0.828702
0.828702
0.828702
0.828702
0.828702
0.828702
0.828702
0.828703
0.828703
0.828703
0.828703
0.828703
0.828703
0.828703
0.828703
0.828703
0.828704
0.828704
0.828704
0.828704
0.828704
0.828704
0.828704
0.828704
0.828705
0.828705
0.828705
0.828705
0.828705
0.828705
0.828705
0.828705
0.828705
0.828706
0.828706
0.828706
0.828706
0.828706
0.828706
0.828706
0.828706
0.828706
0.828707
0.828707
0.828707
0.828707
0.828707
0.828707
0.828707
0.828707
0.828707
0.828708
0.828708
0.828708
0.828708
0.828708
0.828708
0.828708
0.828708
0.828708
0.828708
0.828709
0.828709
0.828709
0.828709
0.828709
0.828709
0.828709
0.828709
0.828709
0.828709
0.82871
0.82871
0.82871
0.82871
0.82871
0.82871
0.82871
0.82871
0.82871
0.82871
0.828711
0.828711
0.828711
0.828711
0.828711
0.828711
0.828711
0.828711
0.828711
0.828711
0.828711
0.828712
0.828712
0.828712
0.828712
0.828712
0.828712
0.828712
0.828712
0.828712
0.828712
0.828712
0.828713
0.828713
0.828713
0.828713
0.828713
0.828713
0.828713
0.828713
0.828713
0.828713
0.828713
0.828713
0.828714
0.828714
0.828714
0.828714
0.828714
0.828714
0.828714
0.828714
0.828714
0.828714
0.828714
0.828714
0.828715
0.828715
0.828715
0.828715
0.828715
0.828715
0.828715
0.828715
0.828715
0.828715
0.828715
0.828715
0.828715
0.828716
0.828716
0.828716
0.828716
0.828716
0.828716
0.828716
0.828716
0.828716
0.828716
0.828716
0.828716
0.828716
0.828717
0.828717
0.828717
0.828717
0.828717
0.828717
0.828717
0.828717
0.828717
0.828717
0.828717
0.828717
0.828717
0.828717
0.828717
0.828718
0.828718
0.828718
0.828718
0.828718
0.828718
0.828718
0.828718
0.828718
0.828718
0.828718
0.828718
0.828718
0.828718
0.828718
0.828719
0.828719
0.828719
0.828719
0.828719
0.828719
0.828719
0.828719
0.828719
0.828719
0.828719
0.828719
0.828719
0.828719
0.828719
0.828719
0.82872
0.82872
0.82872
0.82872
0.82872
0.82872
0.82872
0.82872
0.82872
0.82872
0.82872
0.82872
0.82872
0.82872
0.82872
0.82872
0.82872
0.828721
0.828721
0.828721
0.828721
0.828721
0.828721
0.828721
0.828721
0.828721
0.828721
0.828721
0.828721
0.828721
0.828721
0.828721
0.828721
0.828721
0.828721
0.828722
0.828722
0.828722
0.828722
0.828722
0.828722
0.828722
0.828722
0.828722
0.828722
0.828722
0.828722
0.828722
0.828722
0.828722
0.828722
0.828722
0.828722
0.828722
0.828723
0.828723
0.828723
0.828723
0.828723
0.828723
0.828723
0.828723
0.828723
0.828723
0.828723
0.828723
0.828723
0.828723
0.828723
0.828723
0.828723
0.828723
0.828723
0.828723
0.828723
0.828724
0.828724
0.828724
0.828724
0.828724
0.828724
0.828724
0.828724
0.828724
0.828724
0.828724
0.828724
0.828724
0.828724
0.828724
0.828724
0.828724
0.828724
0.828724
0.828724
0.828724
0.828724
0.828724
0.828725
0.828725
0.828725
0.828725
0.828725
0.828725
0.828725
0.828725
0.828725
0.828725
0.828725
0.828725
0.828725
0.828725
0.828725
0.828725
0.828725
0.828725
0.828725
0.828725
0.828725
0.828725
0.828725
0.828725
0.828725
0.828726
0.828726
0.828726
0.828726
0.828726
0.828726
0.828726
0.828726
0.828726
0.828726
0.828726
0.828726
0.828726
0.828726
0.828726
0.828726
0.828726
0.828726
0.828726
0.828726
0.828726
0.828726
0.828726
0.828726
0.828726
0.828726
0.828726
0.828727
0.828727
0.828727
0.828727
0.828727
0.828727
0.828727
0.828727
0.828727
0.828727
0.828727
0.828727
0.828727
0.828727
0.828727
0.828727
0.828727
0.828727
0.828727
0.828727
0.828727
0.828727
0.828727
0.828727
0.828727
0.828727
0.828727
0.828727
0.828727
0.828727
0.828728
0.828728
0.828728
0.828728
0.828728
0.828728
0.828728
0.828728
0.828728
0.828728
0.828728
0.828728
0.828728
0.828728
0.828728
0.828728
0.828728
0.828728
0.828728
0.828728
0.828728
0.828728
0.828728
0.828728
0.828728
0.828728
0.828728
0.828728
0.828728
0.828728
0.828728
0.828728
0.828728
0.828728
0.828728
0.828729
0.828729
0.828729
0.828729
0.828729
0.828729
0.828729
0.828729
0.828729
0.828729
0.828729
0.828729
0.828729
0.828729
0.828729
0.828729
0.828729
0.828729
0.828729
0.828729
0.828729
0.828729
0.828729
0.828729
0.828729
0.828729
0.828729
0.828729
0.828729
0.828729
0.828729
0.828729
0.828729
0.828729
0.828729
0.828729
0.828729
0.828729
0.828729
0.82873
0.82873
0.82873
0.82873
0.82873
0.82873
0.82873
0.82873
0.82873
0.82873
0.82873
0.82873
0.82873
0.82873
0.82873
0.82873
0.82873
0.82873
0.82873
0.82873
0.82873
0.82873
0.82873
0.82873
0.82873
0.82873
0.82873
0.82873
0.82873
0.82873
0.82873
0.82873
0.82873
0.82873
0.82873
0.82873
0.82873
0.82873
0.82873
0.82873
0.82873
0.82873
0.82873
0.82873
0.82873
0.82873
0.82873
0.828731
0.828731
0.828731
0.828731
0.828731
0.828731
0.828731
0.828731
0.828731
0.828731
0.828731
0.828731
0.828731
0.828731
0.828731
0.828731
0.828731
0.828731
0.828731
0.828731
0.828731
0.828731
0.828731
0.828731
0.828731
0.828731
0.828731
0.828731
0.828731
0.828731
0.828731
0.828731
0.828731
0.828731
0.828731
0.828731
0.828731
0.828731
0.828731
0.828731
0.828731
0.828731
0.828731
0.828731
0.828731
0.828731
0.828731
0.828731
0.828731
0.828731
0.828731
0.828731
0.828731
0.828731
0.828731
0.828731
0.828732
0.828732
0.828732
0.828732
0.828732
0.828732
0.828732
0.828732
0.828732
0.828732
0.828732
0.828732
0.828732
0.828732
0.828732
0.828732
0.828732
0.828732
0.828732
0.828732
0.828732
0.828732
0.828732
0.828732
0.828732
0.828732
0.828732
0.828732
0.828732
0.828732
0.828732
0.828732
0.828732
0.828732
0.828732
0.828732
0.828732
0.828732
0.828732
0.828732
0.828732
0.828732
0.828732
0.828732
0.828732
0.828732
0.828732
0.828732
0.828732
0.828732
0.828732
0.828732
0.828732
0.828732
0.828732
0.828732
0.828732
0.828732
0.828732
0.828732
0.828732
0.828732
0.828732
0.828732
0.828732
0.828732
0.828732
0.828732
0.828732
0.828732
0.828732
0.828733
0.828733
0.828733
0.828733
0.828733
0.828733
0.828733
0.828733
0.828733
0.828733
0.828733
0.828733
0.828733
0.828733
0.828733
0.828733
0.828733
0.828733
0.828733
0.828733
0.828733
0.828733
0.828733
0.828733
0.828733
0.828733
0.828733
0.828733
0.828733
0.828733
0.828733
0.828733
0.828733
0.828733
0.828733
0.828733
0.828733
0.828733
0.828733
0.828733
0.828733
0.828733
0.828733
0.828733
0.828733
0.828733
0.828733
0.828733
0.828733
0.828733
0.828733
0.828733
0.828733
0.828733
0.828733
0.828733
0.828733
0.828733
0.828733
0.828733
0.828733
0.828733
0.828733
0.828733
0.828733
0.828733
0.828733
0.828733
0.828733
0.828733
0.828733
0.828733
0.828733
0.828733
0.828733
0.828733
0.828733
0.828733
0.828733
0.828733
0.828733
0.828733
0.828733
0.828733
0.828733
0.828733
0.828733
0.828733
0.828733
0.828733
0.828733
0.828733
0.828733
0.828733
0.828733
0.828733
0.828733
0.828734
0.828734
0.828734
0.828734
0.828734
0.828734
0.828734
0.828734
0.828734
0.828734
0.828734
0.828734
0.828734
0.828734
0.828734
0.828734
0.828734
0.828734
0.828734
0.828734
0.828734
0.828734
0.828734
0.828734
0.828734
0.828734
0.828734
0.828734
0.828734
0.828734
0.828734
0.828734
0.828734
0.828734
0.828734
0.828734
0.828734
0.828734
0.828734
0.828734
0.828734
0.828734
0.828734
0.828734
0.828734
0.828734
0.828734
0.828734
0.828734
0.828734
0.828734
0.828734
0.828734
0.828734
0.828734
0.828734
0.828734
0.828734
0.828734
0.828734
0.828734
0.828734
0.828734
0.828734
0.828734
0.828734
0.828734
0.828734
0.828734
0.828734
0.828734
0.828734
0.828734
0.828734
0.828734
0.828734
0.828734
0.828734
0.828734
0.828734
0.828734
0.828734
0.828734
0.828734
0.828734
0.828734
0.828734
0.828734
0.828734
0.828734
0.828734
0.828734
0.828734
0.828734
0.828734
0.828734
0.828734
0.828734
0.828734
0.828734
0.828734
0.828734
0.828734
0.828734
0.828734
0.828734
0.828734
0.828734
0.828734
0.828734
0.828734
0.828734
0.828734
0.828734
0.828734
0.828734
0.828734
0.828734
0.828734
0.828734
0.828734
0.828734
0.828734
0.828734
0.828734
0.828734
0.828734
0.828734
0.828734
0.828734
0.828734
0.828734
0.828734
0.828734
0.828734
0.828734
0.828734
0.828734
0.828734
0.828734
0.828734
0.828734
0.828734
0.828734
0.828734
0.828734
0.828734
0.828734
0.828734
0.828734
0.828734
0.828734
0.828734
0.828734
0.828734
0.828735
0.828735
0.828735
0.828735
0.828735
0.828735
0.828735
0.828735
0.828735
0.828735
0.828735
0.828735
0.828735
0.828735
0.828735
0.828735
0.828735
0.828735
0.828735
0.828735
0.828735
0.828735
0.828735
0.828735
0.828735
0.828735
0.828735
0.828735
0.828735
0.828735
0.828735
0.828735
0.828735
0.828735
0.828735
0.828735
0.828735
0.828735
0.828735
0.828735
0.828735
0.828735
0.828735
0.828735
0.828735
0.828735
0.828735
0.828735
0.828735
0.828735
0.828735
0.828735
0.828735
0.828735
0.828735
0.828735
0.828735
0.828735
0.828735
0.828735
0.828735
0.828735
0.828735
0.828735
0.828735
0.828735
0.828735
0.828735
0.828735
0.828735
0.828735
0.828735
0.828735
0.828735
0.828735
0.828735
0.828735
0.828735
0.828735
0.828735
0.828735
0.828735
0.828735
0.828735
0.828735
0.828735
0.828735
0.828735
0.828735
0.828735
0.828735
0.828735
0.828735
0.828735
0.828735
0.828735
0.828735
0.828735
0.828735
0.828735
0.828735
0.828735
0.828735
0.828735
0.828735
0.828735
0.828735
0.828735
0.828735
0.828735
0.828735
0.828735
0.828735
0.828735
0.828735
0.828735
0.828735
0.828735
0.828735
0.828735
0.828735
0.828735
0.828735
0.828735
0.828735
0.828735
0.828735
0.828735
0.828735
0.828735
0.828735
0.828735
0.828735
0.828735
0.828735
0.828735
0.828735
0.828735
0.828735
0.828735
0.828735
0.828735
0.828735
0.828735
0.828735
0.828735
0.828735
0.828735
0.828735
0.828735
0.828735
0.828735
0.828735
0.828735
0.828735
0.828735
0.828735
0.828735
0.828735
0.828735
0.828735
0.828735
0.828735
0.828735
0.828735
0.828735
0.828735
0.828735
0.828735
0.828735
0.828735
0.828735
0.828735
0.828735
0.828735
0.828735
0.828735
0.828735
0.828735
0.828735
0.828735
0.828735
0.828735
0.828735
0.828735
0.828735
0.828735
0.828735
0.828735
0.828735
0.828735
0.828735
0.828735
0.828735
0.828735
0.828735
0.828735
0.828735
0.828735
0.828735
0.828735
0.828735
0.828735
0.828735
0.828735
0.828735
0.828735
0.828735
0.828735
0.828735
0.828735
0.828735
0.828735
0.828735
0.828735
0.828735
0.828735
0.828735
0.828735
0.828735
0.828735
0.828735
0.828735
0.828735
0.828735
0.828735
0.828735
0.828735
0.828735
0.828735
0.828735
0.828735
0.828735
0.828735
0.828735
0.828735
0.828735
0.828735
0.828735
0.828735
0.828735
0.828735
0.828735
0.828735
0.828735
0.828735
0.828735
0.828735
0.828735
0.828735
0.828735
0.828735
0.828735
0.828735
0.828735
0.828735
0.828735
0.828735
0.828735
0.828735
0.828735
0.828735
0.828735
0.828735
0.828735
0.828735
0.828735
0.828735
0.828735
0.828735
0.828735
0.828735
0.828735
0.828735
0.828735
0.828735
0.828735
0.828735
0.828735
0.828735
0.828735
0.828735
0.828735
0.828735
0.828735
0.828735
0.828735
0.828735
0.828735
0.828735
0.828735
0.828735
0.828735
0.828735
0.828735
0.828735
0.828735
0.828735
0.828735
0.828735
0.828735
0.828735
0.828735
0.828735
0.828735
0.828735
0.828735
0.828735
0.828735
0.828735
0.828735
0.828735
0.828735
0.828735
0.828735
0.828735
0.828735
0.828735
0.828735
0.828735
0.828735
0.828735
0.828735
0.828735
0.828735
0.828735
0.828735
0.828735
0.828735
0.828735
0.828735
0.828735
0.828735
0.828735
0.828735
0.828735
0.828735
0.828735
0.828735
0.828735
0.828735
0.828735
0.828735
0.828735
0.828735
0.828735
0.828735
0.828735
0.828735
0.828735
0.828735
0.828735
0.828735
0.828735
0.828735
0.828735
0.828735
0.828735
0.828735
0.828735
0.828735
0.828735
0.828735
0.828735
0.828735
0.828735
0.828735
0.828735
0.828735
0.828735
0.828735
0.828735
0.828735
0.828735
0.828735
0.828735
0.828735
0.828735
0.828735
0.828735
0.828735
0.828735
0.828735
0.828735
0.828735
0.828735
0.828735
0.828735
0.828735
0.828735
0.828735
0.828735
0.828735
0.828735
0.828735
0.828735
0.828735
0.828735
0.828735
0.828735
0.828735
0.828735
0.828735
0.828735
0.828735
0.828735
0.828735
0.828735
0.828736
0.828736
0.828736
0.828736
0.828736
0.828736
0.828736
0.828736
0.828736
0.828736
0.828736
0.828736
0.828736
0.828736
0.828736
0.828736
0.828736
0.828736
0.828736
0.828736
0.828736
0.828736
0.828736
0.828736
0.828736
0.828736
0.828736
0.828736
0.828736
0.828736
0.828736
0.828736
0.828736
0.828736
0.828736
0.828736
0.828736
0.828736
0.828736
0.828736
0.828736
0.828736
0.828736
0.828736
0.828736
0.828736
0.828736
0.828736
0.828736
0.828736
0.828736
0.828736
0.828736
0.828736
0.828736
0.828736
0.828736
0.828736
0.828736
0.828736
0.828736
0.828736
0.828736
0.828736
0.828736
0.828736
0.828736
0.828736
0.828736
0.828736
0.828736
0.828736
0.828736
0.828736
0.828736
0.828736
0.828736
0.828736
0.828736
0.828736
0.828736
0.828736
0.828736
0.828736
0.828736
0.828736
0.828736
0.828736
0.828736
0.828736
0.828736
0.828736
0.828736
0.828736
0.828736
0.828736
0.828736
0.828736
0.828736
0.828736
0.828736
0.828736
0.828736
0.828736
0.828736
0.828736
0.828736
0.828736
0.828736
0.828736
0.828736
0.828736
0.828736
0.828736
0.828736
0.828736
0.828736
0.828736
0.828736
0.828736
0.828736
0.828736
0.828736
0.828736
0.828736
0.828736
0.828736
0.828736
0.828736
0.828736
0.828736
0.828736
0.828736
0.828736
0.828736
0.828736
0.828736
0.828736
0.828736
0.828736
0.828736
0.828736
0.828736
0.828736
0.828736
0.828736
0.828736
0.828736
0.828736
0.828736
0.828736
0.828736
0.828736
0.828736
0.828736
0.828736
0.828736
0.828736
0.828736
0.828736
0.828736
0.828736
0.828736
0.828736
0.828736
0.828736
0.828736
0.828736
0.828736
0.828736
0.828736
0.828736
0.828736
0.828736
0.828736
0.828736
0.828736
0.828736
0.828736
0.828736
0.828736
0.828736
0.828736
0.828736
0.828736
0.828736
0.828736
0.828736
0.828736
0.828736
0.828736
0.828736
0.828736
0.828736
0.828736
0.828736
0.828736
0.828736
0.828736
0.828736
0.828736
0.828736
0.828736
0.828736
0.828736
0.828736
0.828736
0.828736
0.828736
0.828736
0.828736
0.828736
0.828736
0.828736
0.828736
0.828736
0.828736
0.828736
0.828736
0.828736
0.828736
0.828736
0.828736
0.828736
0.828736
0.828736
0.828736
0.828736
0.828736
0.828736
0.828736
0.828736
0.828736
0.828736
0.828736
0.828736
0.828736
0.828736
0.828736
0.828736
0.828736
0.828736
0.828736
0.828736
0.828736
0.828736
0.828736
0.828736
0.828736
0.828736
0.828736
0.828736
0.828736
0.828736
0.828736
0.828736
0.828736
0.828736
0.828736
0.828736
0.828736
0.828736
0.828736
0.828736
0.828736
0.828736
0.828736
0.828736
0.828736
0.828736
0.828736
0.828736
0.828736
0.828736
0.828736
0.828736
0.828736
0.828736
0.828736
0.828736
0.828736
0.828736
0.828736
0.828736
0.828736
0.828736
0.828736
0.828736
0.828736
0.828736
0.828736
0.828736
0.828736
0.828736
0.828736
0.828736
0.828736
0.828736
0.828736
0.828736
0.828736
0.828736
0.828736
0.828736
0.828736
0.828736
0.828736
0.828736
0.828736
0.828736
0.828736
0.828736
0.828736
0.828736
0.828736
0.828736
0.828736
0.828736
0.828736
0.828736
0.828736
0.828736
0.828736
0.828736
0.828736
0.828736
0.828736
0.828736
0.828736
0.828736
0.828736
0.828736
0.828736
0.828736
0.828736
0.828736
0.828736
0.828736
0.828736
0.828736
0.828736
0.828736
0.828736
0.828736
0.828736
0.828736
0.828736
0.828736
0.828736
0.828736
0.828736
0.828736
0.828736
0.828736
0.828736
0.828736
0.828736
0.828736
0.828736
0.828736
0.828736
0.828736
0.828736
0.828736
0.828736
0.828736
0.828736
0.828736
0.828736
0.828736
0.828736
0.828736
0.828736
0.828736
0.828736
0.828736
0.828736
0.828736
0.828736
0.828736
0.828736
0.828736
0.828736
0.828736
0.828736
0.828736
0.828736
0.828736
0.828736
0.828736
0.828736
0.828736
0.828736
0.828736
0.828736
0.828736
0.828736
0.828736
0.828736
0.828736
0.828736
0.828736
0.828736
0.828736
0.828736
0.828736
0.828736
0.828736
0.828736
0.828736
0.828736
0.828736
0.828736
0.828736
0.828736
0.828736
0.828736
0.828736
0.828736
0.828736
0.828736
0.828736
0.828736
0.828736
0.828736
0.828736
0.828736
0.828736
0.828736
0.828736
0.828736
0.828736
0.828736
0.828736
0.828736
0.828736
0.828736
0.828736
0.828736
0.828736
0.828736
0.828736
0.828736
0.828736
0.828736
0.828736
0.828736
0.828736
0.828736
0.828736
0.828736
0.828736
0.828736
0.828736
0.828736
0.828736
0.828736
0.828736
0.828736
0.828736
0.828736
0.828736
0.828736
0.828736
0.828736
0.828736
0.828736
0.828736
0.828736
0.828736
0.828736
0.828736
0.828736
0.828736
0.828736
0.828736
0.828736
0.828736
0.828736
0.828736
0.828736
0.828736
0.828736
0.828736
0.828736
0.828736
0.828736
0.828736
0.828736
0.828736
0.828736
0.828736
0.828736
0.828736
0.828736
0.828736
0.828736
0.828736
0.828736
0.828736
0.828736
0.828736
0.828736
0.828736
0.828736
0.828736
0.828736
0.828736
0.828736
0.828736
0.828736
0.828736
0.828736
0.828736
0.828736
0.828736
0.828736
0.828736
0.828736
0.828736
0.828736
0.828736
0.828736
0.828736
0.828736
0.828736
0.828736
0.828736
0.828736
0.828736
0.828736
0.828736
0.828736
0.828736
0.828736
0.828736
0.828736
0.828736
0.828736
0.828736
0.828736
0.828736
0.828736
0.828736
0.828736
0.828736
0.828736
0.828736
0.828736
0.828736
0.828736
0.828736
0.828736
0.828736
0.828736
0.828736
0.828736
0.828736
0.828736
0.828736
0.828736
0.828736
0.828736
0.828736
0.828736
0.828736
0.828736
0.828736
0.828736
0.828736
0.828736
0.828736
0.828736
0.828736
0.828736
0.828736
0.828736
0.828736
0.828736
0.828736
0.828736
0.828736
0.828736
0.828736
0.828736
0.828736
0.828736
0.828736
0.828736
0.828736
0.828736
0.828736
0.828736
0.828736
0.828736
0.828736
0.828736
0.828736
0.828736
0.828736
0.828736
0.828736
0.828736
0.828736
0.828736
0.828736
0.828736
0.828736
0.828736
0.828736
0.828736
0.828736
0.828736
0.828736
0.828736
0.828736
0.828736
0.828736
0.828736
0.828736
0.828736
0.828736
0.828736
0.828736
0.828736
0.828736
0.828736
0.828736
0.828736
0.828736
0.828736
0.828736
0.828736
0.828736
0.828736
0.828736
0.828736
0.828736
0.828736
0.828736
0.828736
0.828736
0.828736
0.828736
0.828736
0.828736
0.828736
0.828736
0.828736
0.828736
0.828736
0.828736
0.828736
0.828736
0.828736
0.828736
0.828736
0.828736
0.828736
0.828736
0.828736
0.828736
0.828736
0.828736
0.828736
0.828736
0.828736
0.828736
0.828736
0.828736
0.828736
0.828736
0.828736
0.828736
0.828736
0.828736
0.828736
0.828736
0.828736
0.828736
0.828736
0.828736
0.828736
0.828736
0.828736
0.828736
0.828736
0.828736
0.828736
0.828736
0.828736
0.828736
0.828736
0.828736
0.828736
0.828736
0.828736
0.828736
0.828736
0.828736
0.828736
0.828736
0.828736
0.828736
0.828736
0.828736
0.828736
0.828736
0.828736
0.828736
0.828736
0.828736
0.828736
0.828736
0.828736
0.828736
0.828736
0.828736
0.828736
0.828736
0.828736
0.828736
0.828736
0.828736
0.828736
0.828736
0.828736
0.828736
0.828736
0.828736
0.828736
0.828736
0.828736
0.828736
0.828736
0.828736
0.828736
0.828736
0.828736
0.828736
0.828736
0.828736
0.828736
0.828736
0.828736
0.828736
0.828736
0.828736
0.828736
0.828736
0.828736
0.828736
0.828736
0.828736
0.828736
0.828736
0.828736
0.828736
0.828736
0.828736
0.828736
0.828736
0.828736
0.828736
0.828736
0.828736
0.828736
0.828736
0.828736
0.828736
0.828736
0.828736
0.828736
0.828736
0.828736
0.828736
0.828736
0.828736
0.828736
0.828736
0.828736
0.828736
0.828736
0.828736
0.828736
0.828736
0.828736
0.828736
0.828736
0.828736
0.828736
0.828736
0.828736
0.828736
0.828736
0.828736
0.828736
0.828736
0.828736
0.828736
0.828736
0.828736
0.828736
0.828736
0.828736
0.828736
0.828736
0.828736
0.828736
0.828736
0.828736
0.828736
0.828736
0.828736
0.828736
0.828736
0.828736
0.828736
0.828736
0.828736
0.828736
0.828736
0.828736
0.828736
0.828736
0.828736
0.828736
0.828736
0.828736
0.828736
0.828736
0.828736
0.828736
0.828736
0.828736
0.828736
0.828736
0.828736
0.828736
0.828736
0.828736
0.828736
0.828736
0.828736
0.828736
0.828736
0.828736
0.828736
0.828736
0.828736
0.828736
0.828736
0.828736
0.828736
0.828736
0.828736
0.828736
0.828736
0.828736
0.828736
0.828736
0.828736
0.828736
0.828736
0.828736
0.828736
0.828736
0.828736
0.828736
0.828736
0.828736
0.828736
0.828736
0.828736
0.828736
0.828736
0.828736
0.828736
0.828736
0.828736
0.828736
0.828736
0.828736
0.828736
0.828736
0.828736
0.828736
0.828736
0.828736
0.828736
0.828736
0.828736
0.828736
0.828736
0.828736
0.828736
0.828736
0.828736
0.828736
0.828736
0.828736
0.828736
0.828736
0.828736
0.828736
0.828736
0.828736
0.828736
0.828736
0.828736
0.828736
0.828736
0.828736
0.828736
0.828736
0.828736
0.828736
0.828736
0.828736
0.828736
0.828736
0.828736
0.828736
0.828736
0.828736
0.828736
0.828736
0.828736
0.828736
0.828736
0.828736
0.828736
0.828736
0.828736
0.828736
0.828736
0.828736
0.828736
0.828736
0.828736
0.828736
0.828736
0.828736
0.828736
0.828736
0.828736
0.828736
0.828736
0.828736
0.828736
0.828736
0.828736
0.828736
0.828736
0.828736
0.828736
0.828736
0.828736
0.828736
0.828736
0.828736
0.828736
0.828736
0.828736
0.828736
0.828736
0.828736
0.828736
0.828736
0.828736
0.828736
0.828736
0.828736
0.828736
0.828736
0.828736
0.828736
0.828736
0.828736
0.828736
0.828736
0.828736
0.828736
0.828736
0.828736
0.828736
0.828736
0.828736
0.828736
0.828736
0.828736
0.828736
0.828736
0.828736
0.828736
0.828736
0.828736
0.828736
0.828736
0.828736
0.828736
0.828736
0.828736
0.828736
0.828736
0.828736
0.828736
0.828736
0.828736
0.828736
0.828736
0.828736
0.828736
0.828736
0.828736
0.828736
0.828736
