1e-06
0.00362952
0.00931407
0.014874
0.0195392
0.0231697
0.025877
0.0278468
0.0292632
0.0302809
0.0310198
0.0315677
0.0319868
0.0323203
0.0325969
0.032836
0.0330499
0.0332466
0.0334312
0.0336068
0.0337754
0.0339382
0.0340959
0.0342489
0.0343975
0.0345421
0.0346826
0.0348192
0.0349521
0.0350813
0.0352069
0.0353291
0.0354479
0.0355633
0.0356756
0.0357847
0.0358908
0.035994
0.0360943
0.0361918
0.0362866
0.0363787
0.0364683
0.0365554
0.03664
0.0367223
0.0368023
0.0368801
0.0369557
0.0370292
0.0371007
0.0371702
0.0372377
0.0373033
0.0373672
0.0374292
0.0374896
0.0375482
0.0376052
0.0376606
0.0377145
0.0377669
0.0378178
0.0378673
0.0379155
0.0379622
0.0380077
0.0380519
0.0380949
0.0381367
0.0381774
0.0382168
0.0382552
0.0382926
0.0383289
0.0383641
0.0383984
0.0384318
0.0384642
0.0384957
0.0385263
0.0385561
0.0385851
0.0386132
0.0386406
0.0386672
0.038693
0.0387182
0.0387426
0.0387664
0.0387895
0.0388119
0.0388337
0.038855
0.0388756
0.0388957
0.0389152
0.0389341
0.0389525
0.0389705
0.0389879
0.0390048
0.0390213
0.0390373
0.0390528
0.0390679
0.0390826
0.0390969
0.0391108
0.0391243
0.0391375
0.0391502
0.0391627
0.0391747
0.0391865
0.0391979
0.0392089
0.0392197
0.0392302
0.0392404
0.0392503
0.0392599
0.0392693
0.0392784
0.0392872
0.0392958
0.0393042
0.0393123
0.0393202
0.0393279
0.0393354
0.0393426
0.0393497
0.0393565
0.0393632
0.0393697
0.039376
0.0393821
0.0393881
0.0393939
0.0393995
0.039405
0.0394103
0.0394155
0.0394205
0.0394254
0.0394301
0.0394348
0.0394393
0.0394436
0.0394479
0.039452
0.039456
0.0394599
0.0394637
0.0394674
0.039471
0.0394745
0.0394779
0.0394811
0.0394843
0.0394875
0.0394905
0.0394934
0.0394963
0.0394991
0.0395018
0.0395044
0.039507
0.0395094
0.0395119
0.0395142
0.0395165
0.0395187
0.0395209
0.039523
0.039525
0.039527
0.0395289
0.0395308
0.0395326
0.0395344
0.0395361
0.0395378
0.0395394
0.039541
0.0395425
0.039544
0.0395455
0.0395469
0.0395482
0.0395496
0.0395509
0.0395521
0.0395534
0.0395546
0.0395557
0.0395568
0.0395579
0.039559
0.03956
0.039561
0.039562
0.039563
0.0395639
0.0395648
0.0395657
0.0395665
0.0395674
0.0395682
0.0395689
0.0395697
0.0395704
0.0395712
0.0395718
0.0395725
0.0395732
0.0395738
0.0395745
0.0395751
0.0395756
0.0395762
0.0395768
0.0395773
0.0395778
0.0395784
0.0395789
0.0395793
0.0395798
0.0395803
0.0395807
0.0395811
0.0395816
0.039582
0.0395824
0.0395827
0.0395831
0.0395835
0.0395838
0.0395842
0.0395845
0.0395848
0.0395852
0.0395855
0.0395858
0.0395861
0.0395863
0.0395866
0.0395869
0.0395871
0.0395874
0.0395876
0.0395879
0.0395881
0.0395883
0.0395886
0.0395888
0.039589
0.0395892
0.0395894
0.0395896
0.0395898
0.0395899
0.0395901
0.0395903
0.0395905
0.0395906
0.0395908
0.0395909
0.0395911
0.0395912
0.0395914
0.0395915
0.0395916
0.0395917
0.0395919
0.039592
0.0395921
0.0395922
0.0395923
0.0395924
0.0395926
0.0395927
0.0395928
0.0395929
0.0395929
0.039593
0.0395931
0.0395932
0.0395933
0.0395934
0.0395935
0.0395935
0.0395936
0.0395937
0.0395938
0.0395938
0.0395939
0.039594
0.039594
0.0395941
0.0395941
0.0395942
0.0395943
0.0395943
0.0395944
0.0395944
0.0395945
0.0395945
0.0395946
0.0395946
0.0395947
0.0395947
0.0395947
0.0395948
0.0395948
0.0395949
0.0395949
0.0395949
0.039595
0.039595
0.039595
0.0395951
0.0395951
0.0395951
0.0395952
0.0395952
0.0395952
0.0395953
0.0395953
0.0395953
0.0395953
0.0395954
0.0395954
0.0395954
0.0395954
0.0395955
0.0395955
0.0395955
0.0395955
0.0395955
0.0395956
0.0395956
0.0395956
0.0395956
0.0395956
0.0395957
0.0395957
0.0395957
0.0395957
0.0395957
0.0395957
0.0395957
0.0395958
0.0395958
0.0395958
0.0395958
0.0395958
0.0395958
0.0395958
0.0395958
0.0395959
0.0395959
0.0395959
0.0395959
0.0395959
0.0395959
0.0395959
0.0395959
0.0395959
0.0395959
0.039596
0.039596
0.039596
0.039596
0.039596
0.039596
0.039596
0.039596
0.039596
0.039596
0.039596
0.039596
0.039596
0.039596
0.039596
0.0395961
0.0395961
0.0395961
0.0395961
0.0395961
0.0395961
0.0395961
0.0395961
0.0395961
0.0395961
0.0395961
0.0395961
0.0395961
0.0395961
0.0395961
0.0395961
0.0395961
0.0395961
0.0395961
0.0395961
0.0395961
0.0395961
0.0395961
0.0395961
0.0395961
0.0395961
0.0395962
0.0395962
0.0395962
0.0395962
0.0395962
0.0395962
0.0395962
0.0395962
0.0395962
0.0395962
0.0395962
0.0395962
0.0395962
0.0395962
0.0395962
0.0395962
0.0395962
0.0395962
0.0395962
0.0395962
0.0395962
0.0395962
0.0395962
0.0395962
0.0395962
0.0395962
0.0395962
0.0395962
0.0395962
0.0395962
0.0395962
0.0395962
0.0395962
0.0395962
0.0395962
0.0395962
0.0395962
0.0395962
0.0395962
0.0395962
0.0395962
0.0395962
0.0395962
0.0395962
0.0395962
0.0395962
0.0395962
0.0395962
0.0395962
0.0395962
0.0395962
0.0395962
0.0395962
0.0395962
0.0395962
0.0395962
0.0395962
0.0395962
0.0395962
0.0395962
0.0395962
0.0395962
0.0395962
0.0395962
0.0395962
0.0395962
0.0395962
0.0395962
0.0395962
0.0395962
0.0395962
0.0395962
0.0395962
0.0395962
0.0395962
0.0395962
0.0395962
0.0395962
0.0395962
0.0395962
0.0395962
0.0395962
0.0395962
0.0395962
0.0395962
0.0395962
0.0395962
0.0395962
0.0395962
0.0395962
0.0395962
0.0395962
0.0395962
0.0395962
0.0395962
0.0395962
0.0395962
0.0395962
0.0395962
0.0395962
0.0395962
0.0395962
0.0395962
0.0395962
0.0395962
0.0395962
0.0395962
0.0395962
0.0395962
0.0395962
0.0395962
0.0395962
0.0395962
0.0395962
0.0395962
0.0395962
0.0395962
0.0395962
0.0395962
0.0395962
0.0395962
0.0395962
0.0395962
0.0395962
0.0395962
0.0395962
0.0395962
0.0395962
0.0395962
0.0395962
0.0395962
0.0395962
0.0395962
0.0395962
0.0395962
0.0395962
0.0395962
0.0395962
0.0395962
0.0395962
0.0395962
0.0395962
0.0395962
0.0395962
0.0395962
0.0395962
0.0395962
0.0395962
0.0395962
0.0395962
0.0395962
0.0395962
0.0395962
0.0395962
0.0395962
0.0395962
0.0395962
0.0395962
0.0395962
0.0395962
0.0395962
0.0395962
0.0395962
0.0395962
0.0395962
0.0395962
0.0395962
0.0395962
0.0395962
0.0395962
0.0395962
0.0395962
0.0395962
0.0395962
0.0395962
0.0395962
0.0395962
0.0395962
0.0395962
0.0395962
0.0395962
0.0395962
0.0395962
0.0395962
0.0395962
0.0395962
0.0395962
0.0395962
0.0395962
0.0395962
0.0395962
0.0395962
0.0395962
0.0395962
0.0395962
0.0395962
0.0395962
0.0395962
0.0395962
0.0395962
0.0395962
0.0395962
0.0395962
0.0395962
0.0395962
0.0395962
0.0395962
0.0395962
0.0395962
0.0395962
0.0395962
0.0395962
0.0395962
0.0395962
0.0395962
0.0395962
0.0395962
0.0395962
0.0395962
0.0395962
0.0395962
0.0395962
0.0395962
0.0395962
0.0395962
0.0395962
0.0395962
0.0395962
0.0395962
0.0395962
0.0395962
0.0395962
0.0395962
0.0395962
0.0395962
0.0395962
0.0395962
0.0395962
0.0395962
0.0395962
0.0395962
0.0395962
0.0395962
0.0395962
0.0395962
0.0395962
0.0395962
0.0395962
0.0395962
0.0395962
0.0395962
0.0395962
0.0395962
0.0395962
0.0395962
0.0395962
0.0395962
0.0395962
0.0395962
0.0395962
0.0395962
0.0395962
0.0395962
0.0395962
0.0395962
0.0395962
0.0395962
0.0395962
0.0395962
0.0395962
0.0395962
0.0395962
0.0395962
0.0395962
0.0395962
0.0395962
0.0395962
0.0395962
0.0395962
0.0395962
0.0395962
0.0395962
0.0395962
0.0395962
0.0395962
0.0395962
0.0395962
0.0395962
0.0395962
0.0395962
0.0395962
0.0395962
0.0395962
0.0395962
0.0395962
0.0395962
0.0395962
0.0395962
0.0395962
0.0395962
0.0395962
0.0395962
0.0395962
0.0395962
0.0395962
0.0395962
0.0395962
0.0395962
0.0395962
0.0395962
0.0395962
0.0395962
0.0395962
0.0395962
0.0395962
0.0395962
0.0395962
0.0395962
0.0395962
0.0395962
0.0395962
0.0395962
0.0395962
0.0395962
0.0395962
0.0395962
0.0395962
0.0395962
0.0395962
0.0395962
0.0395962
0.0395962
0.0395962
0.0395962
0.0395962
0.0395962
0.0395962
0.0395962
0.0395962
0.0395962
0.0395962
0.0395962
0.0395962
0.0395962
0.0395962
0.0395962
0.0395962
0.0395962
0.0395962
0.0395962
0.0395962
0.0395962
0.0395962
0.0395962
0.0395962
0.0395962
0.0395962
0.0395962
0.0395962
0.0395962
0.0395962
0.0395962
0.0395962
0.0395962
0.0395962
0.0395962
0.0395962
0.0395962
0.0395962
0.0395962
0.0395962
0.0395962
0.0395962
0.0395962
0.0395962
0.0395962
0.0395962
0.0395962
0.0395962
0.0395962
0.0395962
0.0395962
0.0395962
0.0395962
0.0395962
0.0395962
0.0395962
0.0395962
0.0395962
0.0395962
0.0395962
0.0395962
0.0395962
0.0395962
0.0395962
0.0395962
0.0395962
0.0395962
0.0395962
0.0395962
0.0395962
0.0395962
0.0395962
0.0395962
0.0395962
0.0395962
0.0395962
0.0395962
0.0395962
0.0395962
0.0395962
0.0395962
0.0395962
0.0395962
0.0395962
0.0395962
0.0395962
0.0395962
0.0395962
0.0395962
0.0395962
0.0395962
0.0395962
0.0395962
0.0395962
0.0395962
0.0395962
0.0395962
0.0395962
0.0395962
0.0395962
0.0395962
0.0395962
0.0395962
0.0395962
0.0395962
0.0395962
0.0395962
0.0395962
0.0395962
0.0395962
0.0395962
0.0395962
0.0395962
0.0395962
0.0395962
0.0395962
0.0395962
0.0395962
0.0395962
0.0395962
0.0395962
0.0395962
0.0395962
0.0395962
0.0395962
0.0395962
0.0395962
0.0395962
0.0395962
0.0395962
0.0395962
0.0395962
0.0395962
0.0395962
0.0395962
0.0395962
0.0395962
0.0395962
0.0395962
0.0395962
0.0395962
0.0395962
0.0395962
0.0395962
0.0395962
0.0395962
0.0395962
0.0395962
0.0395962
0.0395962
0.0395962
0.0395962
0.0395962
0.0395962
0.0395962
0.0395962
0.0395962
0.0395962
0.0395962
0.0395962
0.0395962
0.0395962
0.0395962
0.0395962
0.0395962
0.0395962
0.0395962
0.0395962
0.0395962
0.0395962
0.0395962
0.0395962
0.0395962
0.0395962
0.0395962
0.0395962
0.0395962
0.0395962
0.0395962
0.0395962
0.0395962
0.0395962
0.0395962
0.0395962
0.0395962
0.0395962
0.0395962
0.0395962
0.0395962
0.0395962
0.0395962
0.0395962
0.0395962
0.0395962
0.0395962
0.0395962
0.0395962
0.0395962
0.0395962
0.0395962
0.0395962
0.0395962
0.0395962
0.0395962
0.0395962
0.0395962
0.0395962
0.0395962
0.0395962
0.0395962
0.0395962
0.0395962
0.0395962
0.0395962
0.0395962
0.0395962
0.0395962
0.0395962
0.0395962
0.0395962
0.0395962
0.0395962
0.0395962
0.0395962
0.0395962
0.0395962
0.0395962
0.0395962
0.0395962
0.0395962
0.0395962
0.0395962
0.0395962
0.0395962
0.0395962
0.0395962
0.0395962
0.0395962
0.0395962
0.0395962
0.0395962
0.0395962
0.0395962
0.0395962
0.0395962
0.0395962
0.0395962
0.0395962
0.0395962
0.0395962
0.0395962
0.0395962
0.0395962
0.0395962
0.0395962
0.0395962
0.0395962
0.0395962
0.0395962
0.0395962
0.0395962
0.0395962
0.0395962
0.0395962
0.0395962
0.0395962
0.0395962
0.0395962
0.0395962
0.0395962
0.0395962
0.0395962
0.0395962
0.0395962
0.0395962
0.0395962
0.0395962
0.0395962
0.0395962
0.0395962
0.0395962
0.0395962
0.0395962
0.0395962
0.0395962
0.0395962
0.0395962
0.0395962
0.0395962
0.0395962
0.0395962
0.0395962
0.0395962
0.0395962
0.0395962
0.0395962
0.0395962
0.0395962
0.0395962
0.0395962
0.0395962
0.0395962
0.0395962
0.0395962
0.0395962
0.0395962
0.0395962
0.0395962
0.0395962
0.0395962
0.0395962
0.0395962
0.0395962
0.0395962
0.0395962
0.0395962
0.0395962
0.0395962
0.0395962
0.0395962
0.0395962
0.0395962
0.0395962
0.0395962
0.0395962
0.0395962
0.0395962
0.0395962
0.0395962
0.0395962
0.0395962
0.0395962
0.0395962
0.0395962
0.0395962
0.0395962
0.0395962
0.0395962
0.0395962
0.0395962
0.0395962
0.0395962
0.0395962
0.0395962
0.0395962
0.0395962
0.0395962
0.0395962
0.0395962
0.0395962
0.0395962
0.0395962
0.0395962
0.0395962
0.0395962
0.0395962
0.0395962
0.0395962
0.0395962
0.0395962
0.0395962
0.0395962
0.0395962
0.0395962
0.0395962
0.0395962
0.0395962
0.0395962
0.0395962
0.0395962
0.0395962
0.0395962
0.0395962
0.0395962
0.0395962
0.0395962
0.0395962
0.0395962
0.0395962
0.0395962
0.0395962
0.0395962
0.0395962
0.0395962
0.0395962
0.0395962
0.0395962
0.0395962
0.0395962
0.0395962
0.0395962
0.0395962
0.0395962
0.0395962
0.0395962
0.0395962
0.0395962
0.0395962
0.0395962
0.0395962
0.0395962
0.0395962
0.0395962
0.0395962
0.0395962
0.0395962
0.0395962
0.0395962
0.0395962
0.0395962
0.0395962
0.0395962
0.0395962
0.0395962
0.0395962
0.0395962
0.0395962
0.0395962
0.0395962
0.0395962
0.0395962
0.0395962
0.0395962
0.0395962
0.0395962
0.0395962
0.0395962
0.0395962
0.0395962
0.0395962
0.0395962
0.0395962
0.0395962
0.0395962
0.0395962
0.0395962
0.0395962
0.0395962
0.0395962
0.0395962
0.0395962
0.0395962
0.0395962
0.0395962
0.0395962
0.0395962
0.0395962
0.0395962
0.0395962
0.0395962
0.0395962
0.0395962
0.0395962
0.0395962
0.0395962
0.0395962
0.0395962
0.0395962
0.0395962
0.0395962
0.0395962
0.0395962
0.0395962
0.0395962
0.0395962
0.0395962
0.0395962
0.0395962
0.0395962
0.0395962
0.0395962
0.0395962
0.0395962
0.0395962
0.0395962
0.0395962
0.0395962
0.0395962
0.0395962
0.0395962
0.0395962
0.0395962
0.0395962
0.0395962
0.0395962
0.0395962
0.0395962
0.0395962
0.0395962
0.0395962
0.0395962
0.0395962
0.0395962
0.0395962
0.0395962
0.0395962
0.0395962
0.0395962
0.0395962
0.0395962
0.0395962
0.0395962
0.0395962
0.0395962
0.0395962
0.0395962
0.0395962
0.0395962
0.0395962
0.0395962
0.0395962
0.0395962
0.0395962
0.0395962
0.0395962
0.0395962
0.0395962
0.0395962
0.0395962
0.0395962
0.0395962
0.0395962
0.0395962
0.0395962
0.0395962
0.0395962
0.0395962
0.0395962
0.0395962
0.0395962
0.0395962
0.0395962
0.0395962
0.0395962
0.0395962
0.0395962
0.0395962
0.0395962
0.0395962
0.0395962
0.0395962
0.0395962
0.0395962
0.0395962
0.0395962
0.0395962
0.0395962
0.0395962
0.0395962
0.0395962
0.0395962
0.0395962
0.0395962
0.0395962
0.0395962
0.0395962
0.0395962
0.0395962
0.0395962
0.0395962
0.0395962
0.0395962
0.0395962
0.0395962
0.0395962
0.0395962
0.0395962
0.0395962
0.0395962
0.0395962
0.0395962
0.0395962
0.0395962
0.0395962
0.0395962
0.0395962
0.0395962
0.0395962
0.0395962
0.0395962
0.0395962
0.0395962
0.0395962
0.0395962
0.0395962
0.0395962
0.0395962
0.0395962
0.0395962
0.0395962
0.0395962
0.0395962
0.0395962
0.0395962
0.0395962
0.0395962
0.0395962
0.0395962
0.0395962
0.0395962
0.0395962
0.0395962
0.0395962
0.0395962
0.0395962
0.0395962
0.0395962
0.0395962
0.0395962
0.0395962
0.0395962
0.0395962
0.0395962
0.0395962
0.0395962
0.0395962
0.0395962
0.0395962
0.0395962
0.0395962
0.0395962
0.0395962
0.0395962
0.0395962
0.0395962
0.0395962
0.0395962
0.0395962
0.0395962
0.0395962
0.0395962
0.0395962
0.0395962
0.0395962
0.0395962
0.0395962
0.0395962
0.0395962
0.0395962
0.0395962
0.0395962
0.0395962
0.0395962
0.0395962
0.0395962
0.0395962
0.0395962
0.0395962
0.0395962
0.0395962
0.0395962
0.0395962
0.0395962
0.0395962
0.0395962
0.0395962
0.0395962
0.0395962
0.0395962
0.0395962
0.0395962
0.0395962
0.0395962
0.0395962
0.0395962
0.0395962
0.0395962
0.0395962
0.0395962
0.0395962
0.0395962
0.0395962
0.0395962
0.0395962
0.0395962
0.0395962
0.0395962
0.0395962
0.0395962
0.0395962
0.0395962
0.0395962
0.0395962
0.0395962
0.0395962
0.0395962
0.0395962
0.0395962
0.0395962
0.0395962
0.0395962
0.0395962
0.0395962
0.0395962
0.0395962
0.0395962
0.0395962
0.0395962
0.0395962
0.0395962
0.0395962
0.0395962
0.0395962
0.0395962
0.0395962
0.0395962
0.0395962
0.0395962
0.0395962
0.0395962
0.0395962
0.0395962
0.0395962
0.0395962
0.0395962
0.0395962
0.0395962
0.0395962
0.0395962
0.0395962
0.0395962
0.0395962
0.0395962
0.0395962
0.0395962
0.0395962
0.0395962
0.0395962
0.0395962
0.0395962
0.0395962
0.0395962
0.0395962
0.0395962
0.0395962
0.0395962
0.0395962
0.0395962
0.0395962
0.0395962
0.0395962
0.0395962
0.0395962
0.0395962
0.0395962
0.0395962
0.0395962
0.0395962
0.0395962
0.0395962
0.0395962
0.0395962
0.0395962
0.0395962
0.0395962
0.0395962
0.0395962
0.0395962
0.0395962
0.0395962
0.0395962
0.0395962
0.0395962
0.0395962
0.0395962
0.0395962
0.0395962
0.0395962
0.0395962
0.0395962
0.0395962
0.0395962
0.0395962
0.0395962
0.0395962
0.0395962
0.0395962
0.0395962
0.0395962
0.0395962
0.0395962
0.0395962
0.0395962
0.0395962
0.0395962
0.0395962
0.0395962
0.0395962
0.0395962
0.0395962
0.0395962
0.0395962
0.0395962
0.0395962
0.0395962
0.0395962
0.0395962
0.0395962
0.0395962
0.0395962
0.0395962
0.0395962
0.0395962
0.0395962
0.0395962
0.0395962
0.0395962
0.0395962
0.0395962
0.0395962
0.0395962
0.0395962
0.0395962
0.0395962
0.0395962
0.0395962
0.0395962
0.0395962
0.0395962
0.0395962
0.0395962
0.0395962
0.0395962
0.0395962
0.0395962
0.0395962
0.0395962
0.0395962
0.0395962
0.0395962
0.0395962
0.0395962
0.0395962
0.0395962
0.0395962
0.0395962
0.0395962
0.0395962
0.0395962
0.0395962
0.0395962
0.0395962
0.0395962
0.0395962
0.0395962
0.0395962
0.0395962
0.0395962
0.0395962
0.0395962
0.0395962
0.0395962
0.0395962
0.0395962
0.0395962
0.0395962
0.0395962
0.0395962
0.0395962
0.0395962
0.0395962
0.0395962
0.0395962
0.0395962
0.0395962
0.0395962
0.0395962
0.0395962
0.0395962
0.0395962
0.0395962
0.0395962
0.0395962
0.0395962
0.0395962
0.0395962
0.0395962
0.0395962
0.0395962
0.0395962
0.0395962
0.0395962
0.0395962
0.0395962
0.0395962
0.0395962
0.0395962
0.0395962
0.0395962
0.0395962
0.0395962
0.0395962
0.0395962
0.0395962
0.0395962
0.0395962
0.0395962
0.0395962
0.0395962
0.0395962
0.0395962
0.0395962
0.0395962
0.0395962
0.0395962
0.0395962
0.0395962
0.0395962
0.0395962
0.0395962
0.0395962
0.0395962
0.0395962
0.0395962
0.0395962
0.0395962
0.0395962
0.0395962
0.0395962
0.0395962
0.0395962
0.0395962
0.0395962
0.0395962
0.0395962
0.0395962
0.0395962
0.0395962
0.0395962
0.0395962
0.0395962
0.0395962
0.0395962
0.0395962
0.0395962
0.0395962
0.0395962
0.0395962
0.0395962
0.0395962
0.0395962
0.0395962
0.0395962
0.0395962
0.0395962
0.0395962
0.0395962
0.0395962
0.0395962
0.0395962
0.0395962
0.0395962
0.0395962
0.0395962
0.0395962
0.0395962
0.0395962
0.0395962
0.0395962
0.0395962
0.0395962
0.0395962
0.0395962
0.0395962
0.0395962
0.0395962
0.0395962
0.0395962
0.0395962
0.0395962
0.0395962
0.0395962
0.0395962
0.0395962
0.0395962
0.0395962
0.0395962
0.0395962
0.0395962
0.0395962
0.0395962
0.0395962
0.0395962
0.0395962
0.0395962
0.0395962
0.0395962
0.0395962
0.0395962
0.0395962
0.0395962
0.0395962
0.0395962
0.0395962
0.0395962
0.0395962
0.0395962
0.0395962
0.0395962
0.0395962
0.0395962
0.0395962
0.0395962
0.0395962
0.0395962
0.0395962
0.0395962
0.0395962
0.0395962
0.0395962
0.0395962
0.0395962
0.0395962
0.0395962
0.0395962
0.0395962
0.0395962
0.0395962
0.0395962
0.0395962
0.0395962
0.0395962
0.0395962
0.0395962
0.0395962
0.0395962
0.0395962
0.0395962
0.0395962
0.0395962
0.0395962
0.0395962
0.0395962
0.0395962
0.0395962
0.0395962
0.0395962
0.0395962
0.0395962
0.0395962
0.0395962
0.0395962
0.0395962
0.0395962
0.0395962
0.0395962
0.0395962
0.0395962
0.0395962
0.0395962
0.0395962
0.0395962
0.0395962
0.0395962
0.0395962
0.0395962
0.0395962
0.0395962
0.0395962
0.0395962
0.0395962
0.0395962
0.0395962
0.0395962
0.0395962
0.0395962
0.0395962
0.0395962
0.0395962
0.0395962
0.0395962
0.0395962
0.0395962
0.0395962
0.0395962
0.0395962
0.0395962
0.0395962
0.0395962
0.0395962
0.0395962
0.0395962
0.0395962
0.0395962
0.0395962
0.0395962
0.0395962
0.0395962
0.0395962
0.0395962
0.0395962
0.0395962
0.0395962
0.0395962
0.0395962
0.0395962
0.0395962
0.0395962
0.0395962
0.0395962
0.0395962
0.0395962
0.0395962
0.0395962
0.0395962
0.0395962
0.0395962
0.0395962
0.0395962
0.0395962
0.0395962
0.0395962
0.0395962
0.0395962
0.0395962
0.0395962
0.0395962
0.0395962
0.0395962
0.0395962
0.0395962
0.0395962
0.0395962
0.0395962
0.0395962
0.0395962
0.0395962
0.0395962
0.0395962
0.0395962
0.0395962
0.0395962
0.0395962
0.0395962
0.0395962
0.0395962
0.0395962
0.0395962
0.0395962
0.0395962
0.0395962
0.0395962
0.0395962
0.0395962
0.0395962
0.0395962
0.0395962
0.0395962
0.0395962
0.0395962
0.0395962
0.0395962
0.0395962
0.0395962
0.0395962
0.0395962
0.0395962
0.0395962
0.0395962
0.0395962
0.0395962
0.0395962
0.0395962
0.0395962
0.0395962
0.0395962
0.0395962
0.0395962
0.0395962
0.0395962
0.0395962
0.0395962
0.0395962
0.0395962
0.0395962
0.0395962
0.0395962
0.0395962
0.0395962
0.0395962
0.0395962
0.0395962
0.0395962
0.0395962
0.0395962
0.0395962
0.0395962
0.0395962
0.0395962
0.0395962
0.0395962
0.0395962
0.0395962
0.0395962
0.0395962
0.0395962
0.0395962
0.0395962
0.0395962
0.0395962
0.0395962
0.0395962
0.0395962
0.0395962
0.0395962
0.0395962
0.0395962
0.0395962
0.0395962
0.0395962
0.0395962
0.0395962
0.0395962
0.0395962
0.0395962
0.0395962
0.0395962
0.0395962
0.0395962
0.0395962
0.0395962
0.0395962
0.0395962
0.0395962
0.0395962
0.0395962
0.0395962
0.0395962
0.0395962
0.0395962
0.0395962
0.0395962
0.0395962
0.0395962
0.0395962
0.0395962
0.0395962
0.0395962
0.0395962
0.0395962
0.0395962
0.0395962
0.0395962
0.0395962
0.0395962
0.0395962
0.0395962
0.0395962
0.0395962
0.0395962
0.0395962
0.0395962
0.0395962
0.0395962
0.0395962
0.0395962
0.0395962
0.0395962
0.0395962
0.0395962
0.0395962
0.0395962
0.0395962
0.0395962
0.0395962
0.0395962
0.0395962
0.0395962
0.0395962
0.0395962
0.0395962
0.0395962
0.0395962
0.0395962
0.0395962
0.0395962
0.0395962
0.0395962
0.0395962
0.0395962
0.0395962
0.0395962
0.0395962
0.0395962
0.0395962
0.0395962
0.0395962
0.0395962
0.0395962
0.0395962
0.0395962
0.0395962
0.0395962
0.0395962
0.0395962
0.0395962
0.0395962
0.0395962
0.0395962
0.0395962
0.0395962
0.0395962
0.0395962
0.0395962
0.0395962
0.0395962
0.0395962
0.0395962
0.0395962
0.0395962
0.0395962
0.0395962
0.0395962
0.0395962
0.0395962
0.0395962
0.0395962
0.0395962
0.0395962
0.0395962
0.0395962
0.0395962
0.0395962
0.0395962
0.0395962
0.0395962
0.0395962
0.0395962
0.0395962
0.0395962
0.0395962
0.0395962
0.0395962
0.0395962
0.0395962
0.0395962
0.0395962
0.0395962
0.0395962
0.0395962
0.0395962
0.0395962
0.0395962
0.0395962
0.0395962
0.0395962
0.0395962
0.0395962
0.0395962
0.0395962
0.0395962
0.0395962
0.0395962
0.0395962
0.0395962
0.0395962
0.0395962
0.0395962
0.0395962
0.0395962
0.0395962
0.0395962
0.0395962
0.0395962
0.0395962
0.0395962
0.0395962
0.0395962
0.0395962
0.0395962
0.0395962
0.0395962
0.0395962
0.0395962
0.0395962
0.0395962
0.0395962
0.0395962
0.0395962
0.0395962
0.0395962
0.0395962
0.0395962
0.0395962
0.0395962
0.0395962
0.0395962
0.0395962
0.0395962
0.0395962
0.0395962
0.0395962
0.0395962
0.0395962
0.0395962
0.0395962
0.0395962
0.0395962
0.0395962
0.0395962
0.0395962
0.0395962
0.0395962
0.0395962
0.0395962
0.0395962
0.0395962
0.0395962
0.0395962
0.0395962
0.0395962
0.0395962
0.0395962
0.0395962
0.0395962
0.0395962
0.0395962
0.0395962
0.0395962
0.0395962
0.0395962
0.0395962
0.0395962
0.0395962
0.0395962
0.0395962
0.0395962
0.0395962
0.0395962
0.0395962
0.0395962
0.0395962
0.0395962
0.0395962
0.0395962
0.0395962
0.0395962
0.0395962
0.0395962
0.0395962
0.0395962
0.0395962
0.0395962
0.0395962
0.0395962
0.0395962
0.0395962
0.0395962
0.0395962
0.0395962
0.0395962
0.0395962
0.0395962
0.0395962
0.0395962
0.0395962
0.0395962
0.0395962
0.0395962
0.0395962
0.0395962
0.0395962
0.0395962
0.0395962
0.0395962
0.0395962
0.0395962
0.0395962
0.0395962
0.0395962
0.0395962
0.0395962
0.0395962
0.0395962
0.0395962
0.0395962
0.0395962
0.0395962
0.0395962
0.0395962
0.0395962
0.0395962
0.0395962
0.0395962
0.0395962
0.0395962
0.0395962
0.0395962
0.0395962
0.0395962
0.0395962
0.0395962
0.0395962
0.0395962
0.0395962
0.0395962
0.0395962
0.0395962
0.0395962
0.0395962
0.0395962
0.0395962
0.0395962
0.0395962
0.0395962
0.0395962
0.0395962
0.0395962
0.0395962
0.0395962
0.0395962
0.0395962
0.0395962
0.0395962
0.0395962
0.0395962
0.0395962
0.0395962
0.0395962
0.0395962
0.0395962
0.0395962
0.0395962
0.0395962
0.0395962
0.0395962
0.0395962
0.0395962
0.0395962
0.0395962
0.0395962
0.0395962
0.0395962
0.0395962
0.0395962
0.0395962
0.0395962
0.0395962
0.0395962
0.0395962
0.0395962
0.0395962
0.0395962
0.0395962
0.0395962
0.0395962
0.0395962
0.0395962
0.0395962
0.0395962
0.0395962
0.0395962
0.0395962
0.0395962
0.0395962
0.0395962
0.0395962
0.0395962
0.0395962
0.0395962
0.0395962
0.0395962
0.0395962
0.0395962
0.0395962
0.0395962
0.0395962
0.0395962
0.0395962
0.0395962
0.0395962
0.0395962
0.0395962
0.0395962
0.0395962
0.0395962
0.0395962
0.0395962
0.0395962
0.0395962
0.0395962
0.0395962
0.0395962
0.0395962
0.0395962
0.0395962
0.0395962
0.0395962
0.0395962
0.0395962
0.0395962
0.0395962
0.0395962
0.0395962
0.0395962
0.0395962
0.0395962
0.0395962
0.0395962
0.0395962
0.0395962
0.0395962
0.0395962
0.0395962
0.0395962
0.0395962
0.0395962
0.0395962
0.0395962
0.0395962
0.0395962
0.0395962
0.0395962
0.0395962
0.0395962
0.0395962
0.0395962
0.0395962
0.0395962
0.0395962
0.0395962
0.0395962
0.0395962
0.0395962
0.0395962
0.0395962
0.0395962
0.0395962
0.0395962
0.0395962
0.0395962
0.0395962
0.0395962
0.0395962
0.0395962
0.0395962
0.0395962
0.0395962
0.0395962
0.0395962
0.0395962
0.0395962
0.0395962
0.0395962
0.0395962
0.0395962
0.0395962
0.0395962
0.0395962
0.0395962
0.0395962
0.0395962
0.0395962
0.0395962
0.0395962
0.0395962
0.0395962
0.0395962
0.0395962
0.0395962
0.0395962
0.0395962
0.0395962
0.0395962
0.0395962
0.0395962
0.0395962
0.0395962
0.0395962
0.0395962
0.0395962
0.0395962
0.0395962
0.0395962
0.0395962
0.0395962
0.0395962
0.0395962
0.0395962
0.0395962
0.0395962
0.0395962
0.0395962
0.0395962
0.0395962
0.0395962
0.0395962
0.0395962
0.0395962
0.0395962
0.0395962
0.0395962
0.0395962
0.0395962
0.0395962
0.0395962
0.0395962
0.0395962
0.0395962
0.0395962
0.0395962
0.0395962
0.0395962
0.0395962
0.0395962
0.0395962
0.0395962
0.0395962
0.0395962
0.0395962
0.0395962
0.0395962
0.0395962
0.0395962
0.0395962
0.0395962
0.0395962
0.0395962
0.0395962
0.0395962
0.0395962
0.0395962
0.0395962
0.0395962
0.0395962
0.0395962
0.0395962
0.0395962
0.0395962
0.0395962
0.0395962
0.0395962
0.0395962
0.0395962
0.0395962
0.0395962
0.0395962
0.0395962
0.0395962
0.0395962
0.0395962
0.0395962
0.0395962
0.0395962
0.0395962
0.0395962
0.0395962
0.0395962
0.0395962
0.0395962
0.0395962
0.0395962
0.0395962
0.0395962
0.0395962
0.0395962
0.0395962
0.0395962
0.0395962
0.0395962
0.0395962
0.0395962
0.0395962
0.0395962
0.0395962
0.0395962
0.0395962
0.0395962
0.0395962
0.0395962
0.0395962
0.0395962
0.0395962
0.0395962
0.0395962
0.0395962
0.0395962
0.0395962
0.0395962
0.0395962
0.0395962
0.0395962
0.0395962
0.0395962
0.0395962
0.0395962
0.0395962
0.0395962
0.0395962
0.0395962
0.0395962
0.0395962
0.0395962
0.0395962
0.0395962
0.0395962
0.0395962
0.0395962
0.0395962
0.0395962
0.0395962
0.0395962
0.0395962
0.0395962
0.0395962
0.0395962
0.0395962
0.0395962
0.0395962
0.0395962
0.0395962
0.0395962
0.0395962
0.0395962
0.0395962
0.0395962
0.0395962
0.0395962
0.0395962
0.0395962
0.0395962
0.0395962
0.0395962
0.0395962
0.0395962
0.0395962
0.0395962
0.0395962
0.0395962
0.0395962
0.0395962
0.0395962
0.0395962
0.0395962
0.0395962
0.0395962
0.0395962
0.0395962
0.0395962
0.0395962
0.0395962
0.0395962
0.0395962
0.0395962
0.0395962
0.0395962
0.0395962
0.0395962
0.0395962
0.0395962
0.0395962
0.0395962
0.0395962
0.0395962
0.0395962
0.0395962
0.0395962
0.0395962
0.0395962
0.0395962
0.0395962
0.0395962
0.0395962
0.0395962
0.0395962
0.0395962
0.0395962
0.0395962
0.0395962
0.0395962
0.0395962
0.0395962
0.0395962
0.0395962
0.0395962
0.0395962
0.0395962
0.0395962
0.0395962
0.0395962
0.0395962
0.0395962
0.0395962
0.0395962
0.0395962
0.0395962
0.0395962
0.0395962
0.0395962
0.0395962
0.0395962
0.0395962
0.0395962
0.0395962
0.0395962
0.0395962
0.0395962
0.0395962
0.0395962
0.0395962
0.0395962
0.0395962
0.0395962
0.0395962
0.0395962
0.0395962
0.0395962
0.0395962
0.0395962
0.0395962
0.0395962
0.0395962
0.0395962
0.0395962
0.0395962
0.0395962
0.0395962
0.0395962
0.0395962
0.0395962
0.0395962
0.0395962
0.0395962
0.0395962
0.0395962
0.0395962
0.0395962
0.0395962
0.0395962
0.0395962
0.0395962
0.0395962
0.0395962
0.0395962
0.0395962
0.0395962
0.0395962
0.0395962
0.0395962
0.0395962
0.0395962
0.0395962
0.0395962
0.0395962
0.0395962
0.0395962
0.0395962
0.0395962
0.0395962
0.0395962
0.0395962
0.0395962
0.0395962
0.0395962
0.0395962
0.0395962
0.0395962
0.0395962
0.0395962
0.0395962
0.0395962
0.0395962
0.0395962
0.0395962
0.0395962
0.0395962
0.0395962
0.0395962
0.0395962
0.0395962
0.0395962
0.0395962
0.0395962
0.0395962
0.0395962
0.0395962
0.0395962
0.0395962
0.0395962
0.0395962
0.0395962
0.0395962
0.0395962
0.0395962
0.0395962
0.0395962
0.0395962
0.0395962
0.0395962
0.0395962
0.0395962
0.0395962
0.0395962
0.0395962
0.0395962
0.0395962
0.0395962
0.0395962
0.0395962
0.0395962
0.0395962
0.0395962
0.0395962
0.0395962
0.0395962
0.0395962
0.0395962
0.0395962
0.0395962
0.0395962
0.0395962
0.0395962
0.0395962
0.0395962
0.0395962
0.0395962
0.0395962
0.0395962
0.0395962
0.0395962
0.0395962
0.0395962
0.0395962
0.0395962
0.0395962
0.0395962
0.0395962
0.0395962
0.0395962
0.0395962
0.0395962
0.0395962
0.0395962
0.0395962
0.0395962
0.0395962
0.0395962
0.0395962
0.0395962
0.0395962
0.0395962
0.0395962
0.0395962
0.0395962
0.0395962
0.0395962
0.0395962
0.0395962
0.0395962
0.0395962
0.0395962
0.0395962
0.0395962
0.0395962
0.0395962
0.0395962
0.0395962
0.0395962
0.0395962
0.0395962
0.0395962
0.0395962
0.0395962
0.0395962
0.0395962
0.0395962
0.0395962
0.0395962
0.0395962
0.0395962
0.0395962
0.0395962
0.0395962
0.0395962
0.0395962
0.0395962
0.0395962
0.0395962
0.0395962
0.0395962
0.0395962
0.0395962
0.0395962
0.0395962
0.0395962
0.0395962
0.0395962
0.0395962
0.0395962
0.0395962
0.0395962
0.0395962
0.0395962
0.0395962
0.0395962
0.0395962
0.0395962
0.0395962
0.0395962
0.0395962
0.0395962
0.0395962
0.0395962
0.0395962
0.0395962
0.0395962
0.0395962
0.0395962
0.0395962
0.0395962
0.0395962
0.0395962
0.0395962
0.0395962
0.0395962
0.0395962
0.0395962
0.0395962
0.0395962
0.0395962
0.0395962
0.0395962
0.0395962
0.0395962
0.0395962
0.0395962
0.0395962
0.0395962
0.0395962
0.0395962
0.0395962
0.0395962
0.0395962
0.0395962
0.0395962
0.0395962
0.0395962
0.0395962
0.0395962
0.0395962
0.0395962
0.0395962
0.0395962
0.0395962
0.0395962
0.0395962
0.0395962
0.0395962
0.0395962
0.0395962
0.0395962
0.0395962
0.0395962
0.0395962
0.0395962
0.0395962
0.0395962
0.0395962
0.0395962
0.0395962
0.0395962
0.0395962
0.0395962
0.0395962
0.0395962
0.0395962
0.0395962
0.0395962
0.0395962
0.0395962
0.0395962
0.0395962
0.0395962
0.0395962
0.0395962
0.0395962
0.0395962
0.0395962
0.0395962
0.0395962
0.0395962
0.0395962
0.0395962
0.0395962
0.0395962
0.0395962
0.0395962
0.0395962
0.0395962
0.0395962
0.0395962
0.0395962
0.0395962
0.0395962
0.0395962
0.0395962
0.0395962
0.0395962
0.0395962
0.0395962
0.0395962
0.0395962
0.0395962
0.0395962
0.0395962
0.0395962
0.0395962
0.0395962
0.0395962
0.0395962
0.0395962
0.0395962
0.0395962
0.0395962
0.0395962
0.0395962
0.0395962
0.0395962
0.0395962
0.0395962
0.0395962
0.0395962
0.0395962
0.0395962
0.0395962
0.0395962
0.0395962
0.0395962
0.0395962
0.0395962
0.0395962
0.0395962
0.0395962
0.0395962
0.0395962
0.0395962
0.0395962
0.0395962
0.0395962
0.0395962
0.0395962
0.0395962
0.0395962
0.0395962
0.0395962
0.0395962
0.0395962
0.0395962
0.0395962
0.0395962
0.0395962
0.0395962
0.0395962
0.0395962
0.0395962
0.0395962
0.0395962
0.0395962
0.0395962
0.0395962
0.0395962
0.0395962
0.0395962
0.0395962
0.0395962
0.0395962
0.0395962
0.0395962
0.0395962
0.0395962
0.0395962
0.0395962
0.0395962
0.0395962
0.0395962
0.0395962
0.0395962
0.0395962
0.0395962
0.0395962
0.0395962
0.0395962
0.0395962
0.0395962
0.0395962
0.0395962
0.0395962
0.0395962
0.0395962
0.0395962
0.0395962
0.0395962
0.0395962
0.0395962
0.0395962
0.0395962
0.0395962
0.0395962
0.0395962
0.0395962
0.0395962
0.0395962
0.0395962
0.0395962
0.0395962
0.0395962
0.0395962
0.0395962
0.0395962
0.0395962
0.0395962
0.0395962
0.0395962
0.0395962
0.0395962
0.0395962
0.0395962
0.0395962
0.0395962
0.0395962
0.0395962
0.0395962
0.0395962
0.0395962
0.0395962
0.0395962
0.0395962
0.0395962
0.0395962
0.0395962
0.0395962
0.0395962
0.0395962
0.0395962
0.0395962
0.0395962
0.0395962
0.0395962
0.0395962
0.0395962
0.0395962
0.0395962
0.0395962
0.0395962
0.0395962
0.0395962
0.0395962
0.0395962
0.0395962
0.0395962
0.0395962
0.0395962
0.0395962
0.0395962
0.0395962
0.0395962
0.0395962
0.0395962
0.0395962
0.0395962
0.0395962
0.0395962
0.0395962
0.0395962
0.0395962
0.0395962
0.0395962
0.0395962
0.0395962
0.0395962
0.0395962
0.0395962
0.0395962
0.0395962
0.0395962
0.0395962
0.0395962
0.0395962
0.0395962
0.0395962
0.0395962
0.0395962
0.0395962
0.0395962
0.0395962
0.0395962
0.0395962
0.0395962
0.0395962
0.0395962
0.0395962
0.0395962
0.0395962
0.0395962
0.0395962
0.0395962
0.0395962
0.0395962
0.0395962
0.0395962
0.0395962
0.0395962
0.0395962
0.0395962
0.0395962
0.0395962
0.0395962
0.0395962
0.0395962
0.0395962
0.0395962
0.0395962
0.0395962
0.0395962
0.0395962
0.0395962
0.0395962
0.0395962
0.0395962
0.0395962
0.0395962
0.0395962
0.0395962
0.0395962
0.0395962
0.0395962
0.0395962
0.0395962
0.0395962
0.0395962
0.0395962
0.0395962
0.0395962
0.0395962
0.0395962
0.0395962
0.0395962
0.0395962
0.0395962
0.0395962
0.0395962
0.0395962
0.0395962
0.0395962
0.0395962
0.0395962
0.0395962
0.0395962
0.0395962
0.0395962
0.0395962
0.0395962
0.0395962
0.0395962
0.0395962
0.0395962
0.0395962
0.0395962
0.0395962
0.0395962
0.0395962
0.0395962
0.0395962
0.0395962
0.0395962
0.0395962
0.0395962
0.0395962
0.0395962
0.0395962
0.0395962
0.0395962
0.0395962
0.0395962
0.0395962
0.0395962
0.0395962
0.0395962
0.0395962
0.0395962
0.0395962
0.0395962
0.0395962
0.0395962
0.0395962
0.0395962
0.0395962
0.0395962
0.0395962
0.0395962
0.0395962
0.0395962
0.0395962
0.0395962
0.0395962
0.0395962
0.0395962
0.0395962
0.0395962
0.0395962
0.0395962
0.0395962
0.0395962
0.0395962
0.0395962
0.0395962
0.0395962
0.0395962
0.0395962
0.0395962
0.0395962
0.0395962
0.0395962
0.0395962
0.0395962
0.0395962
0.0395962
0.0395962
0.0395962
0.0395962
0.0395962
0.0395962
0.0395962
0.0395962
0.0395962
0.0395962
0.0395962
0.0395962
0.0395962
0.0395962
0.0395962
0.0395962
0.0395962
0.0395962
0.0395962
0.0395962
0.0395962
0.0395962
0.0395962
0.0395962
0.0395962
0.0395962
0.0395962
0.0395962
0.0395962
0.0395962
0.0395962
0.0395962
0.0395962
0.0395962
0.0395962
0.0395962
0.0395962
0.0395962
0.0395962
0.0395962
0.0395962
0.0395962
0.0395962
0.0395962
0.0395962
0.0395962
0.0395962
0.0395962
0.0395962
0.0395962
0.0395962
0.0395962
0.0395962
0.0395962
0.0395962
0.0395962
0.0395962
0.0395962
0.0395962
0.0395962
0.0395962
0.0395962
0.0395962
0.0395962
0.0395962
0.0395962
0.0395962
0.0395962
0.0395962
0.0395962
0.0395962
0.0395962
0.0395962
0.0395962
0.0395962
0.0395962
0.0395962
0.0395962
0.0395962
0.0395962
0.0395962
0.0395962
0.0395962
0.0395962
0.0395962
0.0395962
0.0395962
0.0395962
0.0395962
0.0395962
0.0395962
0.0395962
0.0395962
0.0395962
0.0395962
0.0395962
0.0395962
0.0395962
0.0395962
0.0395962
0.0395962
0.0395962
0.0395962
0.0395962
0.0395962
0.0395962
0.0395962
0.0395962
0.0395962
0.0395962
0.0395962
0.0395962
0.0395962
0.0395962
0.0395962
0.0395962
0.0395962
0.0395962
0.0395962
0.0395962
0.0395962
0.0395962
0.0395962
0.0395962
0.0395962
0.0395962
0.0395962
0.0395962
0.0395962
0.0395962
0.0395962
0.0395962
0.0395962
0.0395962
0.0395962
0.0395962
0.0395962
0.0395962
0.0395962
0.0395962
0.0395962
0.0395962
0.0395962
0.0395962
0.0395962
0.0395962
0.0395962
0.0395962
0.0395962
0.0395962
0.0395962
0.0395962
0.0395962
0.0395962
0.0395962
0.0395962
0.0395962
0.0395962
0.0395962
0.0395962
0.0395962
0.0395962
0.0395962
0.0395962
0.0395962
0.0395962
0.0395962
0.0395962
0.0395962
0.0395962
0.0395962
0.0395962
0.0395962
0.0395962
0.0395962
0.0395962
0.0395962
0.0395962
0.0395962
0.0395962
0.0395962
0.0395962
0.0395962
0.0395962
0.0395962
0.0395962
0.0395962
0.0395962
0.0395962
0.0395962
0.0395962
0.0395962
0.0395962
0.0395962
0.0395962
0.0395962
0.0395962
0.0395962
0.0395962
0.0395962
0.0395962
0.0395962
0.0395962
0.0395962
0.0395962
0.0395962
0.0395962
0.0395962
0.0395962
0.0395962
0.0395962
0.0395962
0.0395962
0.0395962
0.0395962
0.0395962
0.0395962
0.0395962
0.0395962
0.0395962
0.0395962
0.0395962
0.0395962
0.0395962
0.0395962
0.0395962
0.0395962
0.0395962
0.0395962
0.0395962
0.0395962
0.0395962
0.0395962
0.0395962
0.0395962
0.0395962
0.0395962
0.0395962
0.0395962
0.0395962
0.0395962
0.0395962
0.0395962
0.0395962
0.0395962
0.0395962
0.0395962
0.0395962
0.0395962
0.0395962
0.0395962
0.0395962
0.0395962
0.0395962
0.0395962
0.0395962
0.0395962
0.0395962
0.0395962
0.0395962
0.0395962
0.0395962
0.0395962
0.0395962
0.0395962
0.0395962
0.0395962
0.0395962
0.0395962
0.0395962
0.0395962
0.0395962
0.0395962
0.0395962
0.0395962
0.0395962
0.0395962
0.0395962
0.0395962
0.0395962
0.0395962
0.0395962
0.0395962
0.0395962
0.0395962
0.0395962
0.0395962
0.0395962
0.0395962
0.0395962
0.0395962
0.0395962
0.0395962
0.0395962
0.0395962
0.0395962
0.0395962
0.0395962
0.0395962
0.0395962
0.0395962
0.0395962
0.0395962
0.0395962
0.0395962
0.0395962
0.0395962
0.0395962
0.0395962
0.0395962
0.0395962
0.0395962
0.0395962
0.0395962
0.0395962
0.0395962
0.0395962
0.0395962
0.0395962
0.0395962
0.0395962
0.0395962
0.0395962
0.0395962
0.0395962
0.0395962
0.0395962
0.0395962
0.0395962
0.0395962
0.0395962
0.0395962
0.0395962
0.0395962
0.0395962
0.0395962
0.0395962
0.0395962
0.0395962
0.0395962
0.0395962
0.0395962
0.0395962
0.0395962
0.0395962
0.0395962
0.0395962
0.0395962
0.0395962
0.0395962
0.0395962
0.0395962
0.0395962
0.0395962
0.0395962
0.0395962
0.0395962
0.0395962
0.0395962
0.0395962
0.0395962
0.0395962
0.0395962
0.0395962
0.0395962
0.0395962
0.0395962
0.0395962
0.0395962
0.0395962
0.0395962
0.0395962
0.0395962
0.0395962
0.0395962
0.0395962
0.0395962
0.0395962
0.0395962
0.0395962
0.0395962
0.0395962
0.0395962
0.0395962
0.0395962
0.0395962
0.0395962
0.0395962
0.0395962
0.0395962
0.0395962
0.0395962
0.0395962
0.0395962
0.0395962
0.0395962
0.0395962
0.0395962
0.0395962
0.0395962
0.0395962
0.0395962
0.0395962
0.0395962
0.0395962
0.0395962
0.0395962
0.0395962
0.0395962
0.0395962
0.0395962
0.0395962
0.0395962
0.0395962
0.0395962
0.0395962
0.0395962
0.0395962
0.0395962
0.0395962
0.0395962
0.0395962
0.0395962
0.0395962
0.0395962
0.0395962
0.0395962
0.0395962
0.0395962
0.0395962
0.0395962
0.0395962
0.0395962
0.0395962
0.0395962
0.0395962
0.0395962
0.0395962
0.0395962
0.0395962
0.0395962
0.0395962
0.0395962
0.0395962
0.0395962
0.0395962
0.0395962
0.0395962
0.0395962
0.0395962
0.0395962
0.0395962
0.0395962
0.0395962
0.0395962
0.0395962
0.0395962
0.0395962
0.0395962
0.0395962
0.0395962
0.0395962
0.0395962
0.0395962
0.0395962
0.0395962
0.0395962
0.0395962
0.0395962
0.0395962
0.0395962
0.0395962
0.0395962
0.0395962
0.0395962
0.0395962
0.0395962
0.0395962
0.0395962
0.0395962
0.0395962
0.0395962
0.0395962
0.0395962
0.0395962
0.0395962
0.0395962
0.0395962
0.0395962
0.0395962
0.0395962
0.0395962
0.0395962
0.0395962
0.0395962
0.0395962
0.0395962
0.0395962
0.0395962
0.0395962
0.0395962
0.0395962
0.0395962
0.0395962
0.0395962
0.0395962
0.0395962
0.0395962
0.0395962
0.0395962
0.0395962
0.0395962
0.0395962
0.0395962
0.0395962
0.0395962
0.0395962
0.0395962
0.0395962
0.0395962
0.0395962
0.0395962
0.0395962
0.0395962
0.0395962
0.0395962
0.0395962
0.0395962
0.0395962
0.0395962
0.0395962
0.0395962
0.0395962
0.0395962
0.0395962
0.0395962
0.0395962
0.0395962
0.0395962
0.0395962
0.0395962
0.0395962
0.0395962
0.0395962
0.0395962
0.0395962
0.0395962
0.0395962
0.0395962
0.0395962
0.0395962
0.0395962
0.0395962
0.0395962
0.0395962
0.0395962
0.0395962
0.0395962
0.0395962
0.0395962
0.0395962
0.0395962
0.0395962
0.0395962
0.0395962
0.0395962
0.0395962
0.0395962
0.0395962
0.0395962
0.0395962
0.0395962
0.0395962
0.0395962
0.0395962
0.0395962
0.0395962
0.0395962
0.0395962
0.0395962
0.0395962
0.0395962
0.0395962
0.0395962
0.0395962
0.0395962
0.0395962
0.0395962
0.0395962
0.0395962
0.0395962
0.0395962
0.0395962
0.0395962
0.0395962
0.0395962
0.0395962
0.0395962
0.0395962
0.0395962
0.0395962
0.0395962
0.0395962
0.0395962
0.0395962
0.0395962
0.0395962
0.0395962
0.0395962
0.0395962
0.0395962
0.0395962
0.0395962
0.0395962
0.0395962
0.0395962
0.0395962
0.0395962
0.0395962
0.0395962
0.0395962
0.0395962
0.0395962
0.0395962
0.0395962
0.0395962
0.0395962
0.0395962
0.0395962
0.0395962
0.0395962
0.0395962
0.0395962
0.0395962
0.0395962
0.0395962
0.0395962
0.0395962
0.0395962
0.0395962
0.0395962
0.0395962
0.0395962
0.0395962
0.0395962
0.0395962
0.0395962
0.0395962
0.0395962
0.0395962
0.0395962
0.0395962
0.0395962
0.0395962
0.0395962
0.0395962
0.0395962
0.0395962
0.0395962
0.0395962
0.0395962
0.0395962
0.0395962
0.0395962
0.0395962
0.0395962
0.0395962
0.0395962
0.0395962
0.0395962
0.0395962
0.0395962
0.0395962
0.0395962
0.0395962
0.0395962
0.0395962
0.0395962
0.0395962
0.0395962
0.0395962
0.0395962
0.0395962
0.0395962
0.0395962
0.0395962
0.0395962
0.0395962
0.0395962
0.0395962
0.0395962
0.0395962
0.0395962
0.0395962
0.0395962
0.0395962
0.0395962
0.0395962
0.0395962
0.0395962
0.0395962
0.0395962
0.0395962
0.0395962
0.0395962
0.0395962
0.0395962
0.0395962
0.0395962
0.0395962
0.0395962
0.0395962
0.0395962
0.0395962
0.0395962
0.0395962
0.0395962
0.0395962
0.0395962
0.0395962
0.0395962
0.0395962
0.0395962
0.0395962
0.0395962
0.0395962
0.0395962
0.0395962
0.0395962
0.0395962
0.0395962
0.0395962
0.0395962
0.0395962
0.0395962
0.0395962
0.0395962
0.0395962
0.0395962
0.0395962
0.0395962
0.0395962
0.0395962
0.0395962
0.0395962
0.0395962
0.0395962
0.0395962
0.0395962
0.0395962
0.0395962
0.0395962
0.0395962
0.0395962
0.0395962
0.0395962
0.0395962
0.0395962
0.0395962
0.0395962
0.0395962
0.0395962
0.0395962
0.0395962
0.0395962
0.0395962
0.0395962
0.0395962
0.0395962
0.0395962
0.0395962
0.0395962
0.0395962
0.0395962
0.0395962
0.0395962
0.0395962
0.0395962
0.0395962
0.0395962
0.0395962
0.0395962
0.0395962
0.0395962
0.0395962
0.0395962
0.0395962
0.0395962
0.0395962
0.0395962
0.0395962
0.0395962
0.0395962
0.0395962
0.0395962
0.0395962
0.0395962
0.0395962
0.0395962
0.0395962
0.0395962
0.0395962
0.0395962
0.0395962
0.0395962
0.0395962
0.0395962
0.0395962
0.0395962
0.0395962
0.0395962
0.0395962
0.0395962
0.0395962
0.0395962
0.0395962
0.0395962
0.0395962
0.0395962
0.0395962
0.0395962
0.0395962
0.0395962
0.0395962
0.0395962
0.0395962
0.0395962
0.0395962
0.0395962
0.0395962
0.0395962
0.0395962
0.0395962
0.0395962
0.0395962
0.0395962
0.0395962
0.0395962
0.0395962
0.0395962
0.0395962
0.0395962
0.0395962
0.0395962
0.0395962
0.0395962
0.0395962
0.0395962
0.0395962
0.0395962
0.0395962
0.0395962
0.0395962
0.0395962
0.0395962
0.0395962
0.0395962
0.0395962
0.0395962
0.0395962
0.0395962
0.0395962
0.0395962
0.0395962
0.0395962
0.0395962
0.0395962
0.0395962
0.0395962
0.0395962
0.0395962
0.0395962
0.0395962
0.0395962
0.0395962
0.0395962
0.0395962
0.0395962
0.0395962
0.0395962
0.0395962
0.0395962
0.0395962
0.0395962
0.0395962
0.0395962
0.0395962
0.0395962
0.0395962
0.0395962
0.0395962
0.0395962
0.0395962
0.0395962
0.0395962
0.0395962
0.0395962
0.0395962
0.0395962
0.0395962
0.0395962
0.0395962
0.0395962
0.0395962
0.0395962
0.0395962
0.0395962
0.0395962
0.0395962
0.0395962
0.0395962
0.0395962
0.0395962
0.0395962
0.0395962
0.0395962
0.0395962
0.0395962
0.0395962
0.0395962
0.0395962
0.0395962
0.0395962
0.0395962
0.0395962
0.0395962
0.0395962
0.0395962
0.0395962
0.0395962
0.0395962
0.0395962
0.0395962
0.0395962
0.0395962
0.0395962
0.0395962
0.0395962
0.0395962
0.0395962
0.0395962
0.0395962
0.0395962
0.0395962
0.0395962
0.0395962
0.0395962
0.0395962
0.0395962
0.0395962
0.0395962
0.0395962
0.0395962
0.0395962
0.0395962
0.0395962
0.0395962
0.0395962
0.0395962
0.0395962
0.0395962
0.0395962
0.0395962
0.0395962
0.0395962
0.0395962
0.0395962
0.0395962
0.0395962
0.0395962
0.0395962
0.0395962
0.0395962
0.0395962
0.0395962
0.0395962
0.0395962
0.0395962
0.0395962
0.0395962
0.0395962
0.0395962
0.0395962
0.0395962
0.0395962
0.0395962
0.0395962
0.0395962
0.0395962
0.0395962
0.0395962
0.0395962
0.0395962
0.0395962
0.0395962
0.0395962
0.0395962
0.0395962
0.0395962
0.0395962
0.0395962
0.0395962
0.0395962
0.0395962
0.0395962
0.0395962
0.0395962
0.0395962
0.0395962
0.0395962
0.0395962
0.0395962
0.0395962
0.0395962
0.0395962
0.0395962
0.0395962
0.0395962
0.0395962
0.0395962
0.0395962
0.0395962
0.0395962
0.0395962
0.0395962
0.0395962
0.0395962
0.0395962
0.0395962
0.0395962
0.0395962
0.0395962
0.0395962
0.0395962
0.0395962
0.0395962
0.0395962
0.0395962
0.0395962
0.0395962
0.0395962
0.0395962
0.0395962
0.0395962
0.0395962
0.0395962
0.0395962
0.0395962
0.0395962
0.0395962
0.0395962
0.0395962
0.0395962
0.0395962
0.0395962
0.0395962
0.0395962
0.0395962
0.0395962
0.0395962
0.0395962
0.0395962
0.0395962
0.0395962
0.0395962
0.0395962
0.0395962
0.0395962
0.0395962
0.0395962
0.0395962
0.0395962
0.0395962
0.0395962
0.0395962
0.0395962
0.0395962
0.0395962
0.0395962
0.0395962
0.0395962
0.0395962
0.0395962
0.0395962
0.0395962
0.0395962
0.0395962
0.0395962
0.0395962
0.0395962
0.0395962
0.0395962
0.0395962
0.0395962
0.0395962
0.0395962
0.0395962
0.0395962
0.0395962
0.0395962
0.0395962
0.0395962
0.0395962
0.0395962
0.0395962
0.0395962
0.0395962
0.0395962
0.0395962
0.0395962
0.0395962
0.0395962
0.0395962
0.0395962
0.0395962
0.0395962
0.0395962
0.0395962
0.0395962
0.0395962
0.0395962
0.0395962
0.0395962
0.0395962
0.0395962
0.0395962
0.0395962
0.0395962
0.0395962
0.0395962
0.0395962
0.0395962
0.0395962
0.0395962
0.0395962
0.0395962
0.0395962
0.0395962
0.0395962
0.0395962
0.0395962
0.0395962
0.0395962
0.0395962
0.0395962
0.0395962
0.0395962
0.0395962
0.0395962
0.0395962
0.0395962
0.0395962
0.0395962
0.0395962
0.0395962
0.0395962
0.0395962
0.0395962
0.0395962
0.0395962
0.0395962
0.0395962
0.0395962
0.0395962
0.0395962
0.0395962
0.0395962
0.0395962
0.0395962
0.0395962
0.0395962
0.0395962
0.0395962
0.0395962
0.0395962
0.0395962
0.0395962
0.0395962
0.0395962
0.0395962
0.0395962
0.0395962
0.0395962
0.0395962
0.0395962
0.0395962
0.0395962
0.0395962
0.0395962
0.0395962
0.0395962
0.0395962
0.0395962
0.0395962
0.0395962
0.0395962
0.0395962
0.0395962
0.0395962
0.0395962
0.0395962
0.0395962
0.0395962
0.0395962
0.0395962
0.0395962
0.0395962
0.0395962
0.0395962
0.0395962
0.0395962
0.0395962
0.0395962
0.0395962
0.0395962
0.0395962
0.0395962
0.0395962
0.0395962
0.0395962
0.0395962
0.0395962
0.0395962
0.0395962
0.0395962
0.0395962
0.0395962
0.0395962
0.0395962
0.0395962
0.0395962
0.0395962
0.0395962
0.0395962
0.0395962
0.0395962
0.0395962
0.0395962
0.0395962
0.0395962
0.0395962
0.0395962
0.0395962
0.0395962
0.0395962
0.0395962
0.0395962
0.0395962
0.0395962
0.0395962
0.0395962
0.0395962
0.0395962
0.0395962
0.0395962
0.0395962
0.0395962
0.0395962
0.0395962
0.0395962
0.0395962
0.0395962
0.0395962
0.0395962
0.0395962
0.0395962
0.0395962
0.0395962
0.0395962
0.0395962
0.0395962
0.0395962
0.0395962
0.0395962
0.0395962
0.0395962
0.0395962
0.0395962
0.0395962
0.0395962
0.0395962
0.0395962
0.0395962
0.0395962
0.0395962
0.0395962
0.0395962
0.0395962
0.0395962
0.0395962
0.0395962
0.0395962
0.0395962
0.0395962
0.0395962
0.0395962
0.0395962
0.0395962
0.0395962
0.0395962
0.0395962
0.0395962
0.0395962
0.0395962
0.0395962
0.0395962
0.0395962
0.0395962
0.0395962
0.0395962
0.0395962
0.0395962
0.0395962
0.0395962
0.0395962
0.0395962
0.0395962
0.0395962
0.0395962
0.0395962
0.0395962
0.0395962
0.0395962
0.0395962
0.0395962
0.0395962
0.0395962
0.0395962
0.0395962
0.0395962
0.0395962
0.0395962
0.0395962
0.0395962
0.0395962
0.0395962
0.0395962
0.0395962
0.0395962
0.0395962
0.0395962
0.0395962
0.0395962
0.0395962
0.0395962
0.0395962
0.0395962
0.0395962
0.0395962
0.0395962
0.0395962
0.0395962
0.0395962
0.0395962
0.0395962
0.0395962
0.0395962
0.0395962
0.0395962
0.0395962
0.0395962
0.0395962
0.0395962
0.0395962
0.0395962
0.0395962
0.0395962
0.0395962
0.0395962
0.0395962
0.0395962
0.0395962
0.0395962
0.0395962
0.0395962
0.0395962
0.0395962
0.0395962
0.0395962
0.0395962
0.0395962
0.0395962
0.0395962
0.0395962
0.0395962
0.0395962
0.0395962
0.0395962
0.0395962
0.0395962
0.0395962
0.0395962
0.0395962
0.0395962
0.0395962
0.0395962
0.0395962
0.0395962
0.0395962
0.0395962
0.0395962
0.0395962
0.0395962
0.0395962
0.0395962
0.0395962
0.0395962
0.0395962
0.0395962
0.0395962
0.0395962
0.0395962
0.0395962
0.0395962
0.0395962
0.0395962
0.0395962
0.0395962
0.0395962
0.0395962
0.0395962
0.0395962
0.0395962
0.0395962
0.0395962
0.0395962
0.0395962
0.0395962
0.0395962
0.0395962
0.0395962
0.0395962
0.0395962
0.0395962
0.0395962
0.0395962
0.0395962
0.0395962
0.0395962
0.0395962
0.0395962
0.0395962
0.0395962
0.0395962
0.0395962
0.0395962
0.0395962
0.0395962
0.0395962
0.0395962
0.0395962
0.0395962
0.0395962
0.0395962
0.0395962
0.0395962
0.0395962
0.0395962
0.0395962
0.0395962
0.0395962
0.0395962
0.0395962
0.0395962
0.0395962
0.0395962
0.0395962
0.0395962
0.0395962
0.0395962
0.0395962
0.0395962
0.0395962
0.0395962
0.0395962
0.0395962
0.0395962
0.0395962
0.0395962
0.0395962
0.0395962
0.0395962
0.0395962
0.0395962
0.0395962
0.0395962
0.0395962
0.0395962
0.0395962
0.0395962
0.0395962
0.0395962
0.0395962
0.0395962
0.0395962
0.0395962
0.0395962
0.0395962
0.0395962
0.0395962
0.0395962
0.0395962
0.0395962
0.0395962
0.0395962
0.0395962
0.0395962
0.0395962
0.0395962
0.0395962
0.0395962
0.0395962
0.0395962
0.0395962
0.0395962
0.0395962
0.0395962
0.0395962
0.0395962
0.0395962
0.0395962
0.0395962
0.0395962
0.0395962
0.0395962
0.0395962
0.0395962
0.0395962
0.0395962
0.0395962
0.0395962
0.0395962
0.0395962
0.0395962
0.0395962
0.0395962
0.0395962
0.0395962
0.0395962
0.0395962
0.0395962
0.0395962
0.0395962
0.0395962
0.0395962
0.0395962
0.0395962
0.0395962
0.0395962
0.0395962
0.0395962
0.0395962
0.0395962
0.0395962
0.0395962
0.0395962
0.0395962
0.0395962
0.0395962
0.0395962
0.0395962
0.0395962
0.0395962
0.0395962
0.0395962
0.0395962
0.0395962
0.0395962
0.0395962
0.0395962
0.0395962
0.0395962
0.0395962
0.0395962
0.0395962
0.0395962
0.0395962
0.0395962
0.0395962
0.0395962
0.0395962
0.0395962
0.0395962
0.0395962
0.0395962
0.0395962
0.0395962
0.0395962
0.0395962
0.0395962
0.0395962
0.0395962
0.0395962
0.0395962
0.0395962
0.0395962
0.0395962
0.0395962
0.0395962
0.0395962
0.0395962
0.0395962
0.0395962
0.0395962
0.0395962
0.0395962
0.0395962
0.0395962
0.0395962
0.0395962
0.0395962
0.0395962
0.0395962
0.0395962
0.0395962
0.0395962
0.0395962
0.0395962
0.0395962
0.0395962
0.0395962
0.0395962
0.0395962
0.0395962
0.0395962
0.0395962
0.0395962
0.0395962
0.0395962
0.0395962
0.0395962
0.0395962
0.0395962
0.0395962
0.0395962
0.0395962
0.0395962
0.0395962
0.0395962
0.0395962
0.0395962
0.0395962
0.0395962
0.0395962
0.0395962
0.0395962
0.0395962
0.0395962
0.0395962
0.0395962
0.0395962
0.0395962
0.0395962
0.0395962
0.0395962
0.0395962
0.0395962
0.0395962
0.0395962
0.0395962
0.0395962
0.0395962
0.0395962
0.0395962
0.0395962
0.0395962
0.0395962
0.0395962
0.0395962
0.0395962
0.0395962
0.0395962
0.0395962
0.0395962
0.0395962
0.0395962
0.0395962
0.0395962
0.0395962
0.0395962
0.0395962
0.0395962
0.0395962
0.0395962
0.0395962
0.0395962
0.0395962
0.0395962
0.0395962
0.0395962
0.0395962
0.0395962
0.0395962
0.0395962
0.0395962
0.0395962
0.0395962
0.0395962
0.0395962
0.0395962
0.0395962
0.0395962
0.0395962
0.0395962
0.0395962
0.0395962
0.0395962
0.0395962
0.0395962
0.0395962
0.0395962
0.0395962
0.0395962
0.0395962
0.0395962
0.0395962
0.0395962
0.0395962
0.0395962
0.0395962
0.0395962
0.0395962
0.0395962
0.0395962
0.0395962
0.0395962
0.0395962
0.0395962
0.0395962
0.0395962
0.0395962
0.0395962
0.0395962
0.0395962
0.0395962
0.0395962
0.0395962
0.0395962
0.0395962
0.0395962
0.0395962
