0.5
0.502772
0.505849
0.509025
0.512219
0.515397
0.518548
0.521668
0.524754
0.527807
0.530826
0.533811
0.536763
0.53968
0.542564
0.545414
0.54823
0.551014
0.553764
0.556482
0.559169
0.561824
0.564448
0.567041
0.569605
0.572139
0.574644
0.577122
0.579571
0.581994
0.584389
0.586759
0.589103
0.591422
0.593716
0.595987
0.598233
0.600457
0.602657
0.604836
0.606992
0.609127
0.611241
0.613334
0.615407
0.61746
0.619494
0.621508
0.623503
0.62548
0.627439
0.62938
0.631303
0.63321
0.635099
0.636971
0.638827
0.640667
0.642491
0.6443
0.646093
0.647871
0.649634
0.651382
0.653117
0.654837
0.656542
0.658235
0.659913
0.661579
0.663231
0.66487
0.666496
0.66811
0.669711
0.6713
0.672877
0.674442
0.675996
0.677538
0.679068
0.680587
0.682095
0.683591
0.685077
0.686553
0.688017
0.689471
0.690915
0.692349
0.693772
0.695186
0.696589
0.697983
0.699368
0.700742
0.702108
0.703464
0.704811
0.706148
0.707477
0.708797
0.710108
0.71141
0.712704
0.713989
0.715266
0.716534
0.717794
0.719046
0.72029
0.721526
0.722754
0.723974
0.725186
0.72639
0.727587
0.728776
0.729958
0.731132
0.732299
0.733458
0.734611
0.735756
0.736894
0.738025
0.739149
0.740266
0.741376
0.742479
0.743576
0.744666
0.745749
0.746826
0.747896
0.74896
0.750017
0.751068
0.752113
0.753151
0.754183
0.755209
0.756229
0.757243
0.75825
0.759252
0.760248
0.761238
0.762222
0.7632
0.764173
0.76514
0.766101
0.767057
0.768007
0.768951
0.76989
0.770823
0.771751
0.772674
0.773591
0.774503
0.77541
0.776311
0.777208
0.778099
0.778985
0.779866
0.780741
0.781612
0.782478
0.783339
0.784195
0.785046
0.785892
0.786733
0.78757
0.788402
0.789229
0.790051
0.790869
0.791682
0.792491
0.793295
0.794094
0.794889
0.795679
0.796465
0.797247
0.798024
0.798797
0.799565
0.800329
0.801089
0.801844
0.802596
0.803343
0.804086
0.804824
0.805559
0.806289
0.807016
0.807738
0.808457
0.809171
0.809881
0.810588
0.81129
0.811989
0.812683
0.813374
0.814061
0.814744
0.815424
0.8161
0.816771
0.81744
0.818104
0.818765
0.819422
0.820076
0.820725
0.821372
0.822014
0.822654
0.823289
0.823922
0.82455
0.825175
0.825797
0.826416
0.827031
0.827642
0.82825
0.828855
0.829457
0.830055
0.83065
0.831242
0.83183
0.832415
0.832997
0.833576
0.834152
0.834724
0.835294
0.83586
0.836423
0.836983
0.83754
0.838094
0.838645
0.839193
0.839738
0.84028
0.840819
0.841355
0.841888
0.842419
0.842946
0.84347
0.843992
0.844511
0.845027
0.84554
0.84605
0.846558
0.847063
0.847565
0.848064
0.848561
0.849055
0.849546
0.850034
0.85052
0.851004
0.851484
0.851962
0.852438
0.852911
0.853381
0.853849
0.854314
0.854777
0.855237
0.855695
0.85615
0.856603
0.857053
0.857501
0.857946
0.858389
0.85883
0.859268
0.859704
0.860138
0.860569
0.860998
0.861424
0.861848
0.86227
0.86269
0.863107
0.863523
0.863936
0.864346
0.864755
0.865161
0.865565
0.865967
0.866367
0.866764
0.86716
0.867553
0.867944
0.868333
0.86872
0.869105
0.869488
0.869869
0.870248
0.870624
0.870999
0.871372
0.871743
0.872111
0.872478
0.872843
0.873205
0.873566
0.873925
0.874282
0.874637
0.87499
0.875342
0.875691
0.876038
0.876384
0.876728
0.87707
0.87741
0.877748
0.878085
0.878419
0.878752
0.879083
0.879413
0.87974
0.880066
0.88039
0.880712
0.881033
0.881352
0.881669
0.881985
0.882299
0.882611
0.882921
0.88323
0.883537
0.883843
0.884147
0.884449
0.88475
0.885049
0.885346
0.885642
0.885937
0.886229
0.886521
0.88681
0.887098
0.887385
0.88767
0.887953
0.888235
0.888516
0.888795
0.889073
0.889349
0.889623
0.889897
0.890168
0.890439
0.890707
0.890975
0.891241
0.891505
0.891769
0.89203
0.892291
0.89255
0.892807
0.893064
0.893319
0.893572
0.893824
0.894075
0.894325
0.894573
0.89482
0.895066
0.89531
0.895553
0.895795
0.896035
0.896275
0.896513
0.896749
0.896985
0.897219
0.897452
0.897684
0.897914
0.898143
0.898372
0.898598
0.898824
0.899049
0.899272
0.899494
0.899715
0.899935
0.900154
0.900371
0.900588
0.900803
0.901017
0.90123
0.901442
0.901653
0.901862
0.902071
0.902278
0.902485
0.90269
0.902894
0.903097
0.903299
0.9035
0.9037
0.903899
0.904097
0.904294
0.90449
0.904685
0.904878
0.905071
0.905263
0.905454
0.905644
0.905832
0.90602
0.906207
0.906393
0.906578
0.906762
0.906944
0.907126
0.907308
0.907488
0.907667
0.907845
0.908022
0.908199
0.908374
0.908549
0.908722
0.908895
0.909067
0.909238
0.909408
0.909577
0.909746
0.909913
0.91008
0.910245
0.91041
0.910574
0.910737
0.9109
0.911061
0.911222
0.911382
0.911541
0.911699
0.911856
0.912013
0.912168
0.912323
0.912477
0.912631
0.912783
0.912935
0.913086
0.913236
0.913386
0.913534
0.913682
0.913829
0.913976
0.914121
0.914266
0.91441
0.914554
0.914696
0.914838
0.914979
0.91512
0.91526
0.915399
0.915537
0.915675
0.915811
0.915948
0.916083
0.916218
0.916352
0.916486
0.916618
0.91675
0.916882
0.917013
0.917143
0.917272
0.917401
0.917529
0.917656
0.917783
0.917909
0.918035
0.91816
0.918284
0.918408
0.918531
0.918653
0.918775
0.918896
0.919016
0.919136
0.919255
0.919374
0.919492
0.91961
0.919727
0.919843
0.919959
0.920074
0.920188
0.920302
0.920416
0.920529
0.920641
0.920752
0.920864
0.920974
0.921084
0.921194
0.921303
0.921411
0.921519
0.921626
0.921733
0.921839
0.921945
0.92205
0.922154
0.922258
0.922362
0.922465
0.922568
0.92267
0.922771
0.922872
0.922973
0.923073
0.923172
0.923271
0.92337
0.923468
0.923565
0.923662
0.923759
0.923855
0.923951
0.924046
0.92414
0.924235
0.924328
0.924422
0.924514
0.924607
0.924699
0.92479
0.924881
0.924972
0.925062
0.925151
0.92524
0.925329
0.925417
0.925505
0.925593
0.92568
0.925766
0.925853
0.925938
0.926024
0.926109
0.926193
0.926277
0.926361
0.926444
0.926527
0.926609
0.926691
0.926773
0.926854
0.926935
0.927015
0.927095
0.927175
0.927254
0.927333
0.927412
0.92749
0.927568
0.927645
0.927722
0.927799
0.927875
0.927951
0.928026
0.928101
0.928176
0.92825
0.928324
0.928398
0.928471
0.928544
0.928617
0.928689
0.928761
0.928833
0.928904
0.928975
0.929046
0.929116
0.929186
0.929255
0.929324
0.929393
0.929462
0.92953
0.929598
0.929665
0.929733
0.9298
0.929866
0.929932
0.929998
0.930064
0.930129
0.930194
0.930259
0.930324
0.930388
0.930451
0.930515
0.930578
0.930641
0.930704
0.930766
0.930828
0.93089
0.930951
0.931012
0.931073
0.931134
0.931194
0.931254
0.931314
0.931373
0.931432
0.931491
0.93155
0.931608
0.931666
0.931724
0.931781
0.931838
0.931895
0.931952
0.932009
0.932065
0.932121
0.932176
0.932232
0.932287
0.932342
0.932396
0.932451
0.932505
0.932559
0.932612
0.932666
0.932719
0.932772
0.932824
0.932877
0.932929
0.932981
0.933032
0.933084
0.933135
0.933186
0.933237
0.933287
0.933337
0.933387
0.933437
0.933487
0.933536
0.933585
0.933634
0.933683
0.933731
0.933779
0.933827
0.933875
0.933923
0.93397
0.934017
0.934064
0.934111
0.934157
0.934204
0.93425
0.934296
0.934341
0.934387
0.934432
0.934477
0.934522
0.934567
0.934611
0.934655
0.934699
0.934743
0.934787
0.93483
0.934874
0.934917
0.934959
0.935002
0.935045
0.935087
0.935129
0.935171
0.935213
0.935254
0.935296
0.935337
0.935378
0.935419
0.935459
0.9355
0.93554
0.93558
0.93562
0.93566
0.9357
0.935739
0.935778
0.935817
0.935856
0.935895
0.935934
0.935972
0.93601
0.936048
0.936086
0.936124
0.936161
0.936199
0.936236
0.936273
0.93631
0.936347
0.936383
0.93642
0.936456
0.936492
0.936528
0.936564
0.9366
0.936635
0.93667
0.936706
0.936741
0.936776
0.93681
0.936845
0.936879
0.936914
0.936948
0.936982
0.937016
0.93705
0.937083
0.937117
0.93715
0.937183
0.937216
0.937249
0.937282
0.937314
0.937347
0.937379
0.937411
0.937443
0.937475
0.937507
0.937539
0.93757
0.937602
0.937633
0.937664
0.937695
0.937726
0.937757
0.937787
0.937818
0.937848
0.937878
0.937908
0.937938
0.937968
0.937998
0.938028
0.938057
0.938087
0.938116
0.938145
0.938174
0.938203
0.938232
0.93826
0.938289
0.938317
0.938346
0.938374
0.938402
0.93843
0.938458
0.938485
0.938513
0.938541
0.938568
0.938595
0.938622
0.93865
0.938677
0.938703
0.93873
0.938757
0.938783
0.93881
0.938836
0.938862
0.938888
0.938914
0.93894
0.938966
0.938992
0.939018
0.939043
0.939068
0.939094
0.939119
0.939144
0.939169
0.939194
0.939219
0.939244
0.939268
0.939293
0.939317
0.939341
0.939366
0.93939
0.939414
0.939438
0.939462
0.939485
0.939509
0.939533
0.939556
0.93958
0.939603
0.939626
0.939649
0.939672
0.939695
0.939718
0.939741
0.939764
0.939786
0.939809
0.939831
0.939854
0.939876
0.939898
0.93992
0.939942
0.939964
0.939986
0.940008
0.940029
0.940051
0.940072
0.940094
0.940115
0.940137
0.940158
0.940179
0.9402
0.940221
0.940242
0.940263
0.940283
0.940304
0.940325
0.940345
0.940366
0.940386
0.940406
0.940426
0.940447
0.940467
0.940487
0.940506
0.940526
0.940546
0.940566
0.940585
0.940605
0.940624
0.940644
0.940663
0.940682
0.940702
0.940721
0.94074
0.940759
0.940778
0.940797
0.940815
0.940834
0.940853
0.940871
0.94089
0.940908
0.940927
0.940945
0.940963
0.940982
0.941
0.941018
0.941036
0.941054
0.941072
0.94109
0.941107
0.941125
0.941143
0.94116
0.941178
0.941195
0.941213
0.94123
0.941247
0.941264
0.941282
0.941299
0.941316
0.941333
0.94135
0.941366
0.941383
0.9414
0.941417
0.941433
0.94145
0.941466
0.941483
0.941499
0.941516
0.941532
0.941548
0.941564
0.941581
0.941597
0.941613
0.941629
0.941645
0.94166
0.941676
0.941692
0.941708
0.941723
0.941739
0.941755
0.94177
0.941786
0.941801
0.941816
0.941832
0.941847
0.941862
0.941877
0.941892
0.941907
0.941922
0.941937
0.941952
0.941967
0.941982
0.941997
0.942011
0.942026
0.942041
0.942055
0.94207
0.942084
0.942099
0.942113
0.942127
0.942142
0.942156
0.94217
0.942184
0.942198
0.942213
0.942227
0.942241
0.942254
0.942268
0.942282
0.942296
0.94231
0.942324
0.942337
0.942351
0.942364
0.942378
0.942392
0.942405
0.942418
0.942432
0.942445
0.942458
0.942472
0.942485
0.942498
0.942511
0.942524
0.942537
0.942551
0.942564
0.942576
0.942589
0.942602
0.942615
0.942628
0.942641
0.942653
0.942666
0.942679
0.942691
0.942704
0.942716
0.942729
0.942741
0.942754
0.942766
0.942778
0.942791
0.942803
0.942815
0.942827
0.94284
0.942852
0.942864
0.942876
0.942888
0.9429
0.942912
0.942924
0.942936
0.942948
0.942959
0.942971
0.942983
0.942995
0.943006
0.943018
0.94303
0.943041
0.943053
0.943064
0.943076
0.943087
0.943099
0.94311
0.943121
0.943133
0.943144
0.943155
0.943166
0.943178
0.943189
0.9432
0.943211
0.943222
0.943233
0.943244
0.943255
0.943266
0.943277
0.943288
0.943299
0.94331
0.94332
0.943331
0.943342
0.943353
0.943363
0.943374
0.943385
0.943395
0.943406
0.943416
0.943427
0.943437
0.943448
0.943458
0.943469
0.943479
0.943489
0.9435
0.94351
0.94352
0.943531
0.943541
0.943551
0.943561
0.943571
0.943581
0.943591
0.943601
0.943612
0.943622
0.943632
0.943641
0.943651
0.943661
0.943671
0.943681
0.943691
0.943701
0.94371
0.94372
0.94373
0.94374
0.943749
0.943759
0.943769
0.943778
0.943788
0.943797
0.943807
0.943816
0.943826
0.943835
0.943845
0.943854
0.943863
0.943873
0.943882
0.943891
0.943901
0.94391
0.943919
0.943929
0.943938
0.943947
0.943956
0.943965
0.943974
0.943983
0.943992
0.944002
0.944011
0.94402
0.944029
0.944037
0.944046
0.944055
0.944064
0.944073
0.944082
0.944091
0.9441
0.944108
0.944117
0.944126
0.944135
0.944143
0.944152
0.944161
0.944169
0.944178
0.944187
0.944195
0.944204
0.944212
0.944221
0.944229
0.944238
0.944246
0.944255
0.944263
0.944272
0.94428
0.944288
0.944297
0.944305
0.944313
0.944322
0.94433
0.944338
0.944346
0.944355
0.944363
0.944371
0.944379
0.944387
0.944395
0.944403
0.944412
0.94442
0.944428
0.944436
0.944444
0.944452
0.94446
0.944468
0.944476
0.944484
0.944491
0.944499
0.944507
0.944515
0.944523
0.944531
0.944539
0.944546
0.944554
0.944562
0.94457
0.944577
0.944585
0.944593
0.9446
0.944608
0.944616
0.944623
0.944631
0.944639
0.944646
0.944654
0.944661
0.944669
0.944676
0.944684
0.944691
0.944699
0.944706
0.944714
0.944721
0.944728
0.944736
0.944743
0.944751
0.944758
0.944765
0.944773
0.94478
0.944787
0.944794
0.944802
0.944809
0.944816
0.944823
0.944831
0.944838
0.944845
0.944852
0.944859
0.944866
0.944873
0.94488
0.944888
0.944895
0.944902
0.944909
0.944916
0.944923
0.94493
0.944937
0.944944
0.944951
0.944957
0.944964
0.944971
0.944978
0.944985
0.944992
0.944999
0.945006
0.945012
0.945019
0.945026
0.945033
0.94504
0.945046
0.945053
0.94506
0.945067
0.945073
0.94508
0.945087
0.945093
0.9451
0.945107
0.945113
0.94512
0.945127
0.945133
0.94514
0.945146
0.945153
0.945159
0.945166
0.945172
0.945179
0.945185
0.945192
0.945198
0.945205
0.945211
0.945218
0.945224
0.945231
0.945237
0.945243
0.94525
0.945256
0.945262
0.945269
0.945275
0.945281
0.945288
0.945294
0.9453
0.945307
0.945313
0.945319
0.945325
0.945331
0.945338
0.945344
0.94535
0.945356
0.945362
0.945369
0.945375
0.945381
0.945387
0.945393
0.945399
0.945405
0.945411
0.945417
0.945423
0.94543
0.945436
0.945442
0.945448
0.945454
0.94546
0.945466
0.945472
0.945478
0.945483
0.945489
0.945495
0.945501
0.945507
0.945513
0.945519
0.945525
0.945531
0.945537
0.945542
0.945548
0.945554
0.94556
0.945566
0.945572
0.945577
0.945583
0.945589
0.945595
0.9456
0.945606
0.945612
0.945618
0.945623
0.945629
0.945635
0.94564
0.945646
0.945652
0.945657
0.945663
0.945669
0.945674
0.94568
0.945685
0.945691
0.945697
0.945702
0.945708
0.945713
0.945719
0.945724
0.94573
0.945735
0.945741
0.945746
0.945752
0.945757
0.945763
0.945768
0.945774
0.945779
0.945785
0.94579
0.945796
0.945801
0.945806
0.945812
0.945817
0.945823
0.945828
0.945833
0.945839
0.945844
0.945849
0.945855
0.94586
0.945865
0.945871
0.945876
0.945881
0.945886
0.945892
0.945897
0.945902
0.945907
0.945913
0.945918
0.945923
0.945928
0.945934
0.945939
0.945944
0.945949
0.945954
0.945959
0.945965
0.94597
0.945975
0.94598
0.945985
0.94599
0.945995
0.946
0.946006
0.946011
0.946016
0.946021
0.946026
0.946031
0.946036
0.946041
0.946046
0.946051
0.946056
0.946061
0.946066
0.946071
0.946076
0.946081
0.946086
0.946091
0.946096
0.946101
0.946106
0.946111
0.946116
0.94612
0.946125
0.94613
0.946135
0.94614
0.946145
0.94615
0.946155
0.946159
0.946164
0.946169
0.946174
0.946179
0.946184
0.946188
0.946193
0.946198
0.946203
0.946208
0.946212
0.946217
0.946222
0.946227
0.946231
0.946236
0.946241
0.946246
0.94625
0.946255
0.94626
0.946265
0.946269
0.946274
0.946279
0.946283
0.946288
0.946293
0.946297
0.946302
0.946306
0.946311
0.946316
0.94632
0.946325
0.94633
0.946334
0.946339
0.946343
0.946348
0.946353
0.946357
0.946362
0.946366
0.946371
0.946375
0.94638
0.946384
0.946389
0.946393
0.946398
0.946402
0.946407
0.946411
0.946416
0.94642
0.946425
0.946429
0.946434
0.946438
0.946443
0.946447
0.946451
0.946456
0.94646
0.946465
0.946469
0.946474
0.946478
0.946482
0.946487
0.946491
0.946495
0.9465
0.946504
0.946509
0.946513
0.946517
0.946522
0.946526
0.94653
0.946535
0.946539
0.946543
0.946547
0.946552
0.946556
0.94656
0.946565
0.946569
0.946573
0.946577
0.946582
0.946586
0.94659
0.946594
0.946599
0.946603
0.946607
0.946611
0.946615
0.94662
0.946624
0.946628
0.946632
0.946636
0.946641
0.946645
0.946649
0.946653
0.946657
0.946661
0.946666
0.94667
0.946674
0.946678
0.946682
0.946686
0.94669
0.946694
0.946698
0.946703
0.946707
0.946711
0.946715
0.946719
0.946723
0.946727
0.946731
0.946735
0.946739
0.946743
0.946747
0.946751
0.946755
0.946759
0.946763
0.946767
0.946771
0.946775
0.946779
0.946783
0.946787
0.946791
0.946795
0.946799
0.946803
0.946807
0.946811
0.946815
0.946819
0.946823
0.946827
0.946831
0.946835
0.946838
0.946842
0.946846
0.94685
0.946854
0.946858
0.946862
0.946866
0.94687
0.946873
0.946877
0.946881
0.946885
0.946889
0.946893
0.946897
0.9469
0.946904
0.946908
0.946912
0.946916
0.94692
0.946923
0.946927
0.946931
0.946935
0.946939
0.946942
0.946946
0.94695
0.946954
0.946957
0.946961
0.946965
0.946969
0.946972
0.946976
0.94698
0.946984
0.946987
0.946991
0.946995
0.946998
0.947002
0.947006
0.94701
0.947013
0.947017
0.947021
0.947024
0.947028
0.947032
0.947035
0.947039
0.947043
0.947046
0.94705
0.947054
0.947057
0.947061
0.947064
0.947068
0.947072
0.947075
0.947079
0.947082
0.947086
0.94709
0.947093
0.947097
0.9471
0.947104
0.947108
0.947111
0.947115
0.947118
0.947122
0.947125
0.947129
0.947133
0.947136
0.94714
0.947143
0.947147
0.94715
0.947154
0.947157
0.947161
0.947164
0.947168
0.947171
0.947175
0.947178
0.947182
0.947185
0.947189
0.947192
0.947196
0.947199
0.947202
0.947206
0.947209
0.947213
0.947216
0.94722
0.947223
0.947227
0.94723
0.947233
0.947237
0.94724
0.947244
0.947247
0.94725
0.947254
0.947257
0.947261
0.947264
0.947267
0.947271
0.947274
0.947278
0.947281
0.947284
0.947288
0.947291
0.947294
0.947298
0.947301
0.947304
0.947308
0.947311
0.947314
0.947318
0.947321
0.947324
0.947328
0.947331
0.947334
0.947338
0.947341
0.947344
0.947347
0.947351
0.947354
0.947357
0.94736
0.947364
0.947367
0.94737
0.947374
0.947377
0.94738
0.947383
0.947387
0.94739
0.947393
0.947396
0.947399
0.947403
0.947406
0.947409
0.947412
0.947416
0.947419
0.947422
0.947425
0.947428
0.947431
0.947435
0.947438
0.947441
0.947444
0.947447
0.947451
0.947454
0.947457
0.94746
0.947463
0.947466
0.947469
0.947473
0.947476
0.947479
0.947482
0.947485
0.947488
0.947491
0.947494
0.947498
0.947501
0.947504
0.947507
0.94751
0.947513
0.947516
0.947519
0.947522
0.947525
0.947529
0.947532
0.947535
0.947538
0.947541
0.947544
0.947547
0.94755
0.947553
0.947556
0.947559
0.947562
0.947565
0.947568
0.947571
0.947574
0.947577
0.94758
0.947583
0.947586
0.947589
0.947592
0.947595
0.947598
0.947601
0.947604
0.947607
0.94761
0.947613
0.947616
0.947619
0.947622
0.947625
0.947628
0.947631
0.947634
0.947637
0.94764
0.947643
0.947646
0.947649
0.947652
0.947655
0.947657
0.94766
0.947663
0.947666
0.947669
0.947672
0.947675
0.947678
0.947681
0.947684
0.947687
0.947689
0.947692
0.947695
0.947698
0.947701
0.947704
0.947707
0.94771
0.947713
0.947715
0.947718
0.947721
0.947724
0.947727
0.94773
0.947733
0.947735
0.947738
0.947741
0.947744
0.947747
0.94775
0.947752
0.947755
0.947758
0.947761
0.947764
0.947766
0.947769
0.947772
0.947775
0.947778
0.94778
0.947783
0.947786
0.947789
0.947792
0.947794
0.947797
0.9478
0.947803
0.947805
0.947808
0.947811
0.947814
0.947816
0.947819
0.947822
0.947825
0.947827
0.94783
0.947833
0.947836
0.947838
0.947841
0.947844
0.947846
0.947849
0.947852
0.947855
0.947857
0.94786
0.947863
0.947865
0.947868
0.947871
0.947873
0.947876
0.947879
0.947882
0.947884
0.947887
0.94789
0.947892
0.947895
0.947898
0.9479
0.947903
0.947906
0.947908
0.947911
0.947913
0.947916
0.947919
0.947921
0.947924
0.947927
0.947929
0.947932
0.947935
0.947937
0.94794
0.947942
0.947945
0.947948
0.94795
0.947953
0.947955
0.947958
0.947961
0.947963
0.947966
0.947968
0.947971
0.947974
0.947976
0.947979
0.947981
0.947984
0.947986
0.947989
0.947991
0.947994
0.947997
0.947999
0.948002
0.948004
0.948007
0.948009
0.948012
0.948014
0.948017
0.948019
0.948022
0.948025
0.948027
0.94803
0.948032
0.948035
0.948037
0.94804
0.948042
0.948045
0.948047
0.94805
0.948052
0.948055
0.948057
0.94806
0.948062
0.948065
0.948067
0.94807
0.948072
0.948074
0.948077
0.948079
0.948082
0.948084
0.948087
0.948089
0.948092
0.948094
0.948097
0.948099
0.948101
0.948104
0.948106
0.948109
0.948111
0.948114
0.948116
0.948118
0.948121
0.948123
0.948126
0.948128
0.948131
0.948133
0.948135
0.948138
0.94814
0.948143
0.948145
0.948147
0.94815
0.948152
0.948155
0.948157
0.948159
0.948162
0.948164
0.948166
0.948169
0.948171
0.948174
0.948176
0.948178
0.948181
0.948183
0.948185
0.948188
0.94819
0.948192
0.948195
0.948197
0.948199
0.948202
0.948204
0.948206
0.948209
0.948211
0.948213
0.948216
0.948218
0.94822
0.948223
0.948225
0.948227
0.94823
0.948232
0.948234
0.948236
0.948239
0.948241
0.948243
0.948246
0.948248
0.94825
0.948252
0.948255
0.948257
0.948259
0.948262
0.948264
0.948266
0.948268
0.948271
0.948273
0.948275
0.948277
0.94828
0.948282
0.948284
0.948286
0.948289
0.948291
0.948293
0.948295
0.948298
0.9483
0.948302
0.948304
0.948307
0.948309
0.948311
0.948313
0.948315
0.948318
0.94832
0.948322
0.948324
0.948326
0.948329
0.948331
0.948333
0.948335
0.948337
0.94834
0.948342
0.948344
0.948346
0.948348
0.948351
0.948353
0.948355
0.948357
0.948359
0.948361
0.948364
0.948366
0.948368
0.94837
0.948372
0.948374
0.948377
0.948379
0.948381
0.948383
0.948385
0.948387
0.948389
0.948392
0.948394
0.948396
0.948398
0.9484
0.948402
0.948404
0.948406
0.948409
0.948411
0.948413
0.948415
0.948417
0.948419
0.948421
0.948423
0.948425
0.948428
0.94843
0.948432
0.948434
0.948436
0.948438
0.94844
0.948442
0.948444
0.948446
0.948448
0.94845
0.948453
0.948455
0.948457
0.948459
0.948461
0.948463
0.948465
0.948467
0.948469
0.948471
0.948473
0.948475
0.948477
0.948479
0.948481
0.948483
0.948485
0.948487
0.948489
0.948492
0.948494
0.948496
0.948498
0.9485
0.948502
0.948504
0.948506
0.948508
0.94851
0.948512
0.948514
0.948516
0.948518
0.94852
0.948522
0.948524
0.948526
0.948528
0.94853
0.948532
0.948534
0.948536
0.948538
0.94854
0.948542
0.948544
0.948546
0.948548
0.94855
0.948552
0.948554
0.948555
0.948557
0.948559
0.948561
0.948563
0.948565
0.948567
0.948569
0.948571
0.948573
0.948575
0.948577
0.948579
0.948581
0.948583
0.948585
0.948587
0.948589
0.948591
0.948592
0.948594
0.948596
0.948598
0.9486
0.948602
0.948604
0.948606
0.948608
0.94861
0.948612
0.948614
0.948615
0.948617
0.948619
0.948621
0.948623
0.948625
0.948627
0.948629
0.948631
0.948633
0.948634
0.948636
0.948638
0.94864
0.948642
0.948644
0.948646
0.948648
0.948649
0.948651
0.948653
0.948655
0.948657
0.948659
0.948661
0.948663
0.948664
0.948666
0.948668
0.94867
0.948672
0.948674
0.948675
0.948677
0.948679
0.948681
0.948683
0.948685
0.948687
0.948688
0.94869
0.948692
0.948694
0.948696
0.948697
0.948699
0.948701
0.948703
0.948705
0.948707
0.948708
0.94871
0.948712
0.948714
0.948716
0.948717
0.948719
0.948721
0.948723
0.948725
0.948726
0.948728
0.94873
0.948732
0.948734
0.948735
0.948737
0.948739
0.948741
0.948742
0.948744
0.948746
0.948748
0.94875
0.948751
0.948753
0.948755
0.948757
0.948758
0.94876
0.948762
0.948764
0.948765
0.948767
0.948769
0.948771
0.948772
0.948774
0.948776
0.948778
0.948779
0.948781
0.948783
0.948785
0.948786
0.948788
0.94879
0.948792
0.948793
0.948795
0.948797
0.948798
0.9488
0.948802
0.948804
0.948805
0.948807
0.948809
0.94881
0.948812
0.948814
0.948816
0.948817
0.948819
0.948821
0.948822
0.948824
0.948826
0.948827
0.948829
0.948831
0.948832
0.948834
0.948836
0.948838
0.948839
0.948841
0.948843
0.948844
0.948846
0.948848
0.948849
0.948851
0.948853
0.948854
0.948856
0.948858
0.948859
0.948861
0.948863
0.948864
0.948866
0.948868
0.948869
0.948871
0.948872
0.948874
0.948876
0.948877
0.948879
0.948881
0.948882
0.948884
0.948886
0.948887
0.948889
0.948891
0.948892
0.948894
0.948895
0.948897
0.948899
0.9489
0.948902
0.948903
0.948905
0.948907
0.948908
0.94891
0.948912
0.948913
0.948915
0.948916
0.948918
0.94892
0.948921
0.948923
0.948924
0.948926
0.948928
0.948929
0.948931
0.948932
0.948934
0.948935
0.948937
0.948939
0.94894
0.948942
0.948943
0.948945
0.948947
0.948948
0.94895
0.948951
0.948953
0.948954
0.948956
0.948958
0.948959
0.948961
0.948962
0.948964
0.948965
0.948967
0.948968
0.94897
0.948972
0.948973
0.948975
0.948976
0.948978
0.948979
0.948981
0.948982
0.948984
0.948985
0.948987
0.948988
0.94899
0.948992
0.948993
0.948995
0.948996
0.948998
0.948999
0.949001
0.949002
0.949004
0.949005
0.949007
0.949008
0.94901
0.949011
0.949013
0.949014
0.949016
0.949017
0.949019
0.94902
0.949022
0.949023
0.949025
0.949026
0.949028
0.949029
0.949031
0.949032
0.949034
0.949035
0.949037
0.949038
0.94904
0.949041
0.949043
0.949044
0.949046
0.949047
0.949049
0.94905
0.949051
0.949053
0.949054
0.949056
0.949057
0.949059
0.94906
0.949062
0.949063
0.949065
0.949066
0.949068
0.949069
0.94907
0.949072
0.949073
0.949075
0.949076
0.949078
0.949079
0.949081
0.949082
0.949083
0.949085
0.949086
0.949088
0.949089
0.949091
0.949092
0.949094
0.949095
0.949096
0.949098
0.949099
0.949101
0.949102
0.949103
0.949105
0.949106
0.949108
0.949109
0.949111
0.949112
0.949113
0.949115
0.949116
0.949118
0.949119
0.94912
0.949122
0.949123
0.949125
0.949126
0.949127
0.949129
0.94913
0.949132
0.949133
0.949134
0.949136
0.949137
0.949139
0.94914
0.949141
0.949143
0.949144
0.949145
0.949147
0.949148
0.94915
0.949151
0.949152
0.949154
0.949155
0.949156
0.949158
0.949159
0.949161
0.949162
0.949163
0.949165
0.949166
0.949167
0.949169
0.94917
0.949171
0.949173
0.949174
0.949175
0.949177
0.949178
0.949179
0.949181
0.949182
0.949184
0.949185
0.949186
0.949188
0.949189
0.94919
0.949192
0.949193
0.949194
0.949196
0.949197
0.949198
0.9492
0.949201
0.949202
0.949203
0.949205
0.949206
0.949207
0.949209
0.94921
0.949211
0.949213
0.949214
0.949215
0.949217
0.949218
0.949219
0.949221
0.949222
0.949223
0.949224
0.949226
0.949227
0.949228
0.94923
0.949231
0.949232
0.949234
0.949235
0.949236
0.949237
0.949239
0.94924
0.949241
0.949243
0.949244
0.949245
0.949246
0.949248
0.949249
0.94925
0.949252
0.949253
0.949254
0.949255
0.949257
0.949258
0.949259
0.94926
0.949262
0.949263
0.949264
0.949265
0.949267
0.949268
0.949269
0.949271
0.949272
0.949273
0.949274
0.949276
0.949277
0.949278
0.949279
0.949281
0.949282
0.949283
0.949284
0.949286
0.949287
0.949288
0.949289
0.94929
0.949292
0.949293
0.949294
0.949295
0.949297
0.949298
0.949299
0.9493
0.949302
0.949303
0.949304
0.949305
0.949306
0.949308
0.949309
0.94931
0.949311
0.949313
0.949314
0.949315
0.949316
0.949317
0.949319
0.94932
0.949321
0.949322
0.949323
0.949325
0.949326
0.949327
0.949328
0.949329
0.949331
0.949332
0.949333
0.949334
0.949335
0.949337
0.949338
0.949339
0.94934
0.949341
0.949343
0.949344
0.949345
0.949346
0.949347
0.949349
0.94935
0.949351
0.949352
0.949353
0.949354
0.949356
0.949357
0.949358
0.949359
0.94936
0.949361
0.949363
0.949364
0.949365
0.949366
0.949367
0.949368
0.94937
0.949371
0.949372
0.949373
0.949374
0.949375
0.949377
0.949378
0.949379
0.94938
0.949381
0.949382
0.949384
0.949385
0.949386
0.949387
0.949388
0.949389
0.94939
0.949392
0.949393
0.949394
0.949395
0.949396
0.949397
0.949398
0.9494
0.949401
0.949402
0.949403
0.949404
0.949405
0.949406
0.949407
0.949409
0.94941
0.949411
0.949412
0.949413
0.949414
0.949415
0.949416
0.949418
0.949419
0.94942
0.949421
0.949422
0.949423
0.949424
0.949425
0.949426
0.949428
0.949429
0.94943
0.949431
0.949432
0.949433
0.949434
0.949435
0.949436
0.949437
0.949439
0.94944
0.949441
0.949442
0.949443
0.949444
0.949445
0.949446
0.949447
0.949448
0.949449
0.949451
0.949452
0.949453
0.949454
0.949455
0.949456
0.949457
0.949458
0.949459
0.94946
0.949461
0.949462
0.949463
0.949465
0.949466
0.949467
0.949468
0.949469
0.94947
0.949471
0.949472
0.949473
0.949474
0.949475
0.949476
0.949477
0.949478
0.949479
0.949481
0.949482
0.949483
0.949484
0.949485
0.949486
0.949487
0.949488
0.949489
0.94949
0.949491
0.949492
0.949493
0.949494
0.949495
0.949496
0.949497
0.949498
0.949499
0.9495
0.949501
0.949503
0.949504
0.949505
0.949506
0.949507
0.949508
0.949509
0.94951
0.949511
0.949512
0.949513
0.949514
0.949515
0.949516
0.949517
0.949518
0.949519
0.94952
0.949521
0.949522
0.949523
0.949524
0.949525
0.949526
0.949527
0.949528
0.949529
0.94953
0.949531
0.949532
0.949533
0.949534
0.949535
0.949536
0.949537
0.949538
0.949539
0.94954
0.949541
0.949542
0.949543
0.949544
0.949545
0.949546
0.949547
0.949548
0.949549
0.94955
0.949551
0.949552
0.949553
0.949554
0.949555
0.949556
0.949557
0.949558
0.949559
0.94956
0.949561
0.949562
0.949563
0.949564
0.949565
0.949566
0.949567
0.949568
0.949569
0.94957
0.949571
0.949572
0.949573
0.949574
0.949575
0.949576
0.949577
0.949578
0.949579
0.949579
0.94958
0.949581
0.949582
0.949583
0.949584
0.949585
0.949586
0.949587
0.949588
0.949589
0.94959
0.949591
0.949592
0.949593
0.949594
0.949595
0.949596
0.949597
0.949598
0.949599
0.9496
0.9496
0.949601
0.949602
0.949603
0.949604
0.949605
0.949606
0.949607
0.949608
0.949609
0.94961
0.949611
0.949612
0.949613
0.949614
0.949615
0.949615
0.949616
0.949617
0.949618
0.949619
0.94962
0.949621
0.949622
0.949623
0.949624
0.949625
0.949626
0.949627
0.949627
0.949628
0.949629
0.94963
0.949631
0.949632
0.949633
0.949634
0.949635
0.949636
0.949637
0.949638
0.949638
0.949639
0.94964
0.949641
0.949642
0.949643
0.949644
0.949645
0.949646
0.949647
0.949648
0.949648
0.949649
0.94965
0.949651
0.949652
0.949653
0.949654
0.949655
0.949656
0.949656
0.949657
0.949658
0.949659
0.94966
0.949661
0.949662
0.949663
0.949664
0.949664
0.949665
0.949666
0.949667
0.949668
0.949669
0.94967
0.949671
0.949672
0.949672
0.949673
0.949674
0.949675
0.949676
0.949677
0.949678
0.949679
0.949679
0.94968
0.949681
0.949682
0.949683
0.949684
0.949685
0.949685
0.949686
0.949687
0.949688
0.949689
0.94969
0.949691
0.949692
0.949692
0.949693
0.949694
0.949695
0.949696
0.949697
0.949698
0.949698
0.949699
0.9497
0.949701
0.949702
0.949703
0.949703
0.949704
0.949705
0.949706
0.949707
0.949708
0.949709
0.949709
0.94971
0.949711
0.949712
0.949713
0.949714
0.949714
0.949715
0.949716
0.949717
0.949718
0.949719
0.949719
0.94972
0.949721
0.949722
0.949723
0.949724
0.949724
0.949725
0.949726
0.949727
0.949728
0.949729
0.949729
0.94973
0.949731
0.949732
0.949733
0.949734
0.949734
0.949735
0.949736
0.949737
0.949738
0.949738
0.949739
0.94974
0.949741
0.949742
0.949743
0.949743
0.949744
0.949745
0.949746
0.949747
0.949747
0.949748
0.949749
0.94975
0.949751
0.949751
0.949752
0.949753
0.949754
0.949755
0.949755
0.949756
0.949757
0.949758
0.949759
0.949759
0.94976
0.949761
0.949762
0.949763
0.949763
0.949764
0.949765
0.949766
0.949767
0.949767
0.949768
0.949769
0.94977
0.949771
0.949771
0.949772
0.949773
0.949774
0.949774
0.949775
0.949776
0.949777
0.949778
0.949778
0.949779
0.94978
0.949781
0.949781
0.949782
0.949783
0.949784
0.949785
0.949785
0.949786
0.949787
0.949788
0.949788
0.949789
0.94979
0.949791
0.949791
0.949792
0.949793
0.949794
0.949795
0.949795
0.949796
0.949797
0.949798
0.949798
0.949799
0.9498
0.949801
0.949801
0.949802
0.949803
0.949804
0.949804
0.949805
0.949806
0.949807
0.949807
0.949808
0.949809
0.94981
0.94981
0.949811
0.949812
0.949813
0.949813
0.949814
0.949815
0.949816
0.949816
0.949817
0.949818
0.949819
0.949819
0.94982
0.949821
0.949822
0.949822
0.949823
0.949824
0.949825
0.949825
0.949826
0.949827
0.949828
0.949828
0.949829
0.94983
0.94983
0.949831
0.949832
0.949833
0.949833
0.949834
0.949835
0.949836
0.949836
0.949837
0.949838
0.949839
0.949839
0.94984
0.949841
0.949841
0.949842
0.949843
0.949844
0.949844
0.949845
0.949846
0.949846
0.949847
0.949848
0.949849
0.949849
0.94985
0.949851
0.949851
0.949852
0.949853
0.949854
0.949854
0.949855
0.949856
0.949856
0.949857
0.949858
0.949859
0.949859
0.94986
0.949861
0.949861
0.949862
0.949863
0.949863
0.949864
0.949865
0.949866
0.949866
0.949867
0.949868
0.949868
0.949869
0.94987
0.94987
0.949871
0.949872
0.949873
0.949873
0.949874
0.949875
0.949875
0.949876
0.949877
0.949877
0.949878
0.949879
0.949879
0.94988
0.949881
0.949882
0.949882
0.949883
0.949884
0.949884
0.949885
0.949886
0.949886
0.949887
0.949888
0.949888
0.949889
0.94989
0.94989
0.949891
0.949892
0.949892
0.949893
0.949894
0.949894
0.949895
0.949896
0.949896
0.949897
0.949898
0.949898
0.949899
0.9499
0.9499
0.949901
0.949902
0.949902
0.949903
0.949904
0.949904
0.949905
0.949906
0.949906
0.949907
0.949908
0.949908
0.949909
0.94991
0.94991
0.949911
0.949912
0.949912
0.949913
0.949914
0.949914
0.949915
0.949916
0.949916
0.949917
0.949918
0.949918
0.949919
0.94992
0.94992
0.949921
0.949922
0.949922
0.949923
0.949924
0.949924
0.949925
0.949925
0.949926
0.949927
0.949927
0.949928
0.949929
0.949929
0.94993
0.949931
0.949931
0.949932
0.949933
0.949933
0.949934
0.949934
0.949935
0.949936
0.949936
0.949937
0.949938
0.949938
0.949939
0.94994
0.94994
0.949941
0.949941
0.949942
0.949943
0.949943
0.949944
0.949945
0.949945
0.949946
0.949946
0.949947
0.949948
0.949948
0.949949
0.94995
0.94995
0.949951
0.949951
0.949952
0.949953
0.949953
0.949954
0.949955
0.949955
0.949956
0.949956
0.949957
0.949958
0.949958
0.949959
0.94996
0.94996
0.949961
0.949961
0.949962
0.949963
0.949963
0.949964
0.949964
0.949965
0.949966
0.949966
0.949967
0.949967
0.949968
0.949969
0.949969
0.94997
0.949971
0.949971
0.949972
0.949972
0.949973
0.949974
0.949974
0.949975
0.949975
0.949976
0.949977
0.949977
0.949978
0.949978
0.949979
0.94998
0.94998
0.949981
0.949981
0.949982
0.949983
0.949983
0.949984
0.949984
0.949985
0.949985
0.949986
0.949987
0.949987
0.949988
0.949988
0.949989
0.94999
0.94999
0.949991
0.949991
0.949992
0.949993
0.949993
0.949994
0.949994
0.949995
0.949995
0.949996
0.949997
0.949997
0.949998
0.949998
0.949999
0.95
0.95
0.950001
0.950001
0.950002
0.950002
0.950003
0.950004
0.950004
0.950005
0.950005
0.950006
0.950006
0.950007
0.950008
0.950008
0.950009
0.950009
0.95001
0.95001
0.950011
0.950012
0.950012
0.950013
0.950013
0.950014
0.950014
0.950015
0.950016
0.950016
0.950017
0.950017
0.950018
0.950018
0.950019
0.95002
0.95002
0.950021
0.950021
0.950022
0.950022
0.950023
0.950023
0.950024
0.950025
0.950025
0.950026
0.950026
0.950027
0.950027
0.950028
0.950028
0.950029
0.95003
0.95003
0.950031
0.950031
0.950032
0.950032
0.950033
0.950033
0.950034
0.950035
0.950035
0.950036
0.950036
0.950037
0.950037
0.950038
0.950038
0.950039
0.950039
0.95004
0.950041
0.950041
0.950042
0.950042
0.950043
0.950043
0.950044
0.950044
0.950045
0.950045
0.950046
0.950046
0.950047
0.950048
0.950048
0.950049
0.950049
0.95005
0.95005
0.950051
0.950051
0.950052
0.950052
0.950053
0.950053
0.950054
0.950054
0.950055
0.950056
0.950056
0.950057
0.950057
0.950058
0.950058
0.950059
0.950059
0.95006
0.95006
0.950061
0.950061
0.950062
0.950062
0.950063
0.950063
0.950064
0.950064
0.950065
0.950066
0.950066
0.950067
0.950067
0.950068
0.950068
0.950069
0.950069
0.95007
0.95007
0.950071
0.950071
0.950072
0.950072
0.950073
0.950073
0.950074
0.950074
0.950075
0.950075
0.950076
0.950076
0.950077
0.950077
0.950078
0.950078
0.950079
0.950079
0.95008
0.95008
0.950081
0.950081
0.950082
0.950082
0.950083
0.950083
0.950084
0.950084
0.950085
0.950085
0.950086
0.950087
0.950087
0.950088
0.950088
0.950089
0.950089
0.95009
0.95009
0.950091
0.950091
0.950092
0.950092
0.950093
0.950093
0.950093
0.950094
0.950094
0.950095
0.950095
0.950096
0.950096
0.950097
0.950097
0.950098
0.950098
0.950099
0.950099
0.9501
0.9501
0.950101
0.950101
0.950102
0.950102
0.950103
0.950103
0.950104
0.950104
0.950105
0.950105
0.950106
0.950106
0.950107
0.950107
0.950108
0.950108
0.950109
0.950109
0.95011
0.95011
0.950111
0.950111
0.950112
0.950112
0.950113
0.950113
0.950113
0.950114
0.950114
0.950115
0.950115
0.950116
0.950116
0.950117
0.950117
0.950118
0.950118
0.950119
0.950119
0.95012
0.95012
0.950121
0.950121
0.950122
0.950122
0.950123
0.950123
0.950123
0.950124
0.950124
0.950125
0.950125
0.950126
0.950126
0.950127
0.950127
0.950128
0.950128
0.950129
0.950129
0.95013
0.95013
0.95013
0.950131
0.950131
0.950132
0.950132
0.950133
0.950133
0.950134
0.950134
0.950135
0.950135
0.950136
0.950136
0.950136
0.950137
0.950137
0.950138
0.950138
0.950139
0.950139
0.95014
0.95014
0.950141
0.950141
0.950141
0.950142
0.950142
0.950143
0.950143
0.950144
0.950144
0.950145
0.950145
0.950146
0.950146
0.950146
0.950147
0.950147
0.950148
0.950148
0.950149
0.950149
0.95015
0.95015
0.95015
0.950151
0.950151
0.950152
0.950152
0.950153
0.950153
0.950154
0.950154
0.950154
0.950155
0.950155
0.950156
0.950156
0.950157
0.950157
0.950158
0.950158
0.950158
0.950159
0.950159
0.95016
0.95016
0.950161
0.950161
0.950162
0.950162
0.950162
0.950163
0.950163
0.950164
0.950164
0.950165
0.950165
0.950165
0.950166
0.950166
0.950167
0.950167
0.950168
0.950168
0.950168
0.950169
0.950169
0.95017
0.95017
0.950171
0.950171
0.950171
0.950172
0.950172
0.950173
0.950173
0.950174
0.950174
0.950174
0.950175
0.950175
0.950176
0.950176
0.950177
0.950177
0.950177
0.950178
0.950178
0.950179
0.950179
0.95018
0.95018
0.95018
0.950181
0.950181
0.950182
0.950182
0.950182
0.950183
0.950183
0.950184
0.950184
0.950185
0.950185
0.950185
0.950186
0.950186
0.950187
0.950187
0.950187
0.950188
0.950188
0.950189
0.950189
0.95019
0.95019
0.95019
0.950191
0.950191
0.950192
0.950192
0.950192
0.950193
0.950193
0.950194
0.950194
0.950194
0.950195
0.950195
0.950196
0.950196
0.950196
0.950197
0.950197
0.950198
0.950198
0.950198
0.950199
0.950199
0.9502
0.9502
0.950201
0.950201
0.950201
0.950202
0.950202
0.950203
0.950203
0.950203
0.950204
0.950204
0.950205
0.950205
0.950205
0.950206
0.950206
0.950207
0.950207
0.950207
0.950208
0.950208
0.950208
0.950209
0.950209
0.95021
0.95021
0.95021
0.950211
0.950211
0.950212
0.950212
0.950212
0.950213
0.950213
0.950214
0.950214
0.950214
0.950215
0.950215
0.950216
0.950216
0.950216
0.950217
0.950217
0.950218
0.950218
0.950218
0.950219
0.950219
0.950219
0.95022
0.95022
0.950221
0.950221
0.950221
0.950222
0.950222
0.950223
0.950223
0.950223
0.950224
0.950224
0.950224
0.950225
0.950225
0.950226
0.950226
0.950226
0.950227
0.950227
0.950227
0.950228
0.950228
0.950229
0.950229
0.950229
0.95023
0.95023
0.950231
0.950231
0.950231
0.950232
0.950232
0.950232
0.950233
0.950233
0.950234
0.950234
0.950234
0.950235
0.950235
0.950235
0.950236
0.950236
0.950236
0.950237
0.950237
0.950238
0.950238
0.950238
0.950239
0.950239
0.950239
0.95024
0.95024
0.950241
0.950241
0.950241
0.950242
0.950242
0.950242
0.950243
0.950243
0.950243
0.950244
0.950244
0.950245
0.950245
0.950245
0.950246
0.950246
0.950246
0.950247
0.950247
0.950248
0.950248
0.950248
0.950249
0.950249
0.950249
0.95025
0.95025
0.95025
0.950251
0.950251
0.950251
0.950252
0.950252
0.950253
0.950253
0.950253
0.950254
0.950254
0.950254
0.950255
0.950255
0.950255
0.950256
0.950256
0.950256
0.950257
0.950257
0.950258
0.950258
0.950258
0.950259
0.950259
0.950259
0.95026
0.95026
0.95026
0.950261
0.950261
0.950261
0.950262
0.950262
0.950262
0.950263
0.950263
0.950263
0.950264
0.950264
0.950265
0.950265
0.950265
0.950266
0.950266
0.950266
0.950267
0.950267
0.950267
0.950268
0.950268
0.950268
0.950269
0.950269
0.950269
0.95027
0.95027
0.95027
0.950271
0.950271
0.950271
0.950272
0.950272
0.950272
0.950273
0.950273
0.950273
0.950274
0.950274
0.950274
0.950275
0.950275
0.950275
0.950276
0.950276
0.950277
0.950277
0.950277
0.950278
0.950278
0.950278
0.950279
0.950279
0.950279
0.95028
0.95028
0.95028
0.950281
0.950281
0.950281
0.950282
0.950282
0.950282
0.950283
0.950283
0.950283
0.950284
0.950284
0.950284
0.950285
0.950285
0.950285
0.950286
0.950286
0.950286
0.950286
0.950287
0.950287
0.950287
0.950288
0.950288
0.950288
0.950289
0.950289
0.950289
0.95029
0.95029
0.95029
0.950291
0.950291
0.950291
0.950292
0.950292
0.950292
0.950293
0.950293
0.950293
0.950294
0.950294
0.950294
0.950295
0.950295
0.950295
0.950296
0.950296
0.950296
0.950297
0.950297
0.950297
0.950298
0.950298
0.950298
0.950298
0.950299
0.950299
0.950299
0.9503
0.9503
0.9503
0.950301
0.950301
0.950301
0.950302
0.950302
0.950302
0.950303
0.950303
0.950303
0.950304
0.950304
0.950304
0.950304
0.950305
0.950305
0.950305
0.950306
0.950306
0.950306
0.950307
0.950307
0.950307
0.950308
0.950308
0.950308
0.950309
0.950309
0.950309
0.950309
0.95031
0.95031
0.95031
0.950311
0.950311
0.950311
0.950312
0.950312
0.950312
0.950313
0.950313
0.950313
0.950313
0.950314
0.950314
0.950314
0.950315
0.950315
0.950315
0.950316
0.950316
0.950316
0.950316
0.950317
0.950317
0.950317
0.950318
0.950318
0.950318
0.950319
0.950319
0.950319
0.950319
0.95032
0.95032
0.95032
0.950321
0.950321
0.950321
0.950322
0.950322
0.950322
0.950322
0.950323
0.950323
0.950323
0.950324
0.950324
0.950324
0.950325
0.950325
0.950325
0.950325
0.950326
0.950326
0.950326
0.950327
0.950327
0.950327
0.950328
0.950328
0.950328
0.950328
0.950329
0.950329
0.950329
0.95033
0.95033
0.95033
0.95033
0.950331
0.950331
0.950331
0.950332
0.950332
0.950332
0.950332
0.950333
0.950333
0.950333
0.950334
0.950334
0.950334
0.950334
0.950335
0.950335
0.950335
0.950336
0.950336
0.950336
0.950336
0.950337
0.950337
0.950337
0.950338
0.950338
0.950338
0.950338
0.950339
0.950339
0.950339
0.95034
0.95034
0.95034
0.95034
0.950341
0.950341
0.950341
0.950342
0.950342
0.950342
0.950342
0.950343
0.950343
0.950343
0.950344
0.950344
0.950344
0.950344
0.950345
0.950345
0.950345
0.950346
0.950346
0.950346
0.950346
0.950347
0.950347
0.950347
0.950347
0.950348
0.950348
0.950348
0.950349
0.950349
0.950349
0.950349
0.95035
0.95035
0.95035
0.950351
0.950351
0.950351
0.950351
0.950352
0.950352
0.950352
0.950352
0.950353
0.950353
0.950353
0.950354
0.950354
0.950354
0.950354
0.950355
0.950355
0.950355
0.950355
0.950356
0.950356
0.950356
0.950356
0.950357
0.950357
0.950357
0.950358
0.950358
0.950358
0.950358
0.950359
0.950359
0.950359
0.950359
0.95036
0.95036
0.95036
0.95036
0.950361
0.950361
0.950361
0.950362
0.950362
0.950362
0.950362
0.950363
0.950363
0.950363
0.950363
0.950364
0.950364
0.950364
0.950364
0.950365
0.950365
0.950365
0.950365
0.950366
0.950366
0.950366
0.950367
0.950367
0.950367
0.950367
0.950368
0.950368
0.950368
0.950368
0.950369
0.950369
0.950369
0.950369
0.95037
0.95037
0.95037
0.95037
0.950371
0.950371
0.950371
0.950371
0.950372
0.950372
0.950372
0.950372
0.950373
0.950373
0.950373
0.950373
0.950374
0.950374
0.950374
0.950375
0.950375
0.950375
0.950375
0.950376
0.950376
0.950376
0.950376
0.950377
0.950377
0.950377
0.950377
0.950378
0.950378
0.950378
0.950378
0.950379
0.950379
0.950379
0.950379
0.95038
0.95038
0.95038
0.95038
0.950381
0.950381
0.950381
0.950381
0.950382
0.950382
0.950382
0.950382
0.950383
0.950383
0.950383
0.950383
0.950384
0.950384
0.950384
0.950384
0.950385
0.950385
0.950385
0.950385
0.950385
0.950386
0.950386
0.950386
0.950386
0.950387
0.950387
0.950387
0.950387
0.950388
0.950388
0.950388
0.950388
0.950389
0.950389
0.950389
0.950389
0.95039
0.95039
0.95039
0.95039
0.950391
0.950391
0.950391
0.950391
0.950392
0.950392
0.950392
0.950392
0.950392
0.950393
0.950393
0.950393
0.950393
0.950394
0.950394
0.950394
0.950394
0.950395
0.950395
0.950395
0.950395
0.950396
0.950396
0.950396
0.950396
0.950397
0.950397
0.950397
0.950397
0.950397
0.950398
0.950398
0.950398
0.950398
0.950399
0.950399
0.950399
0.950399
0.9504
0.9504
0.9504
0.9504
0.950401
0.950401
0.950401
0.950401
0.950401
0.950402
0.950402
0.950402
0.950402
0.950403
0.950403
0.950403
0.950403
0.950404
0.950404
0.950404
0.950404
0.950404
0.950405
0.950405
0.950405
0.950405
0.950406
0.950406
0.950406
0.950406
0.950406
0.950407
0.950407
0.950407
0.950407
0.950408
0.950408
0.950408
0.950408
0.950409
0.950409
0.950409
0.950409
0.950409
0.95041
0.95041
0.95041
0.95041
0.950411
0.950411
0.950411
0.950411
0.950411
0.950412
0.950412
0.950412
0.950412
0.950413
0.950413
0.950413
0.950413
0.950413
0.950414
0.950414
0.950414
0.950414
0.950415
0.950415
0.950415
0.950415
0.950415
0.950416
0.950416
0.950416
0.950416
0.950417
0.950417
0.950417
0.950417
0.950417
0.950418
0.950418
0.950418
0.950418
0.950418
0.950419
0.950419
0.950419
0.950419
0.95042
0.95042
0.95042
0.95042
0.95042
0.950421
0.950421
0.950421
0.950421
0.950421
0.950422
0.950422
0.950422
0.950422
0.950423
0.950423
0.950423
0.950423
0.950423
0.950424
0.950424
0.950424
0.950424
0.950424
0.950425
0.950425
0.950425
0.950425
0.950426
0.950426
0.950426
0.950426
0.950426
0.950427
0.950427
0.950427
0.950427
0.950427
0.950428
0.950428
0.950428
0.950428
0.950428
0.950429
0.950429
0.950429
0.950429
0.95043
0.95043
0.95043
0.95043
0.95043
0.950431
0.950431
0.950431
0.950431
0.950431
0.950432
0.950432
0.950432
0.950432
0.950432
0.950433
0.950433
0.950433
0.950433
0.950433
0.950434
0.950434
0.950434
0.950434
0.950434
0.950435
0.950435
0.950435
0.950435
0.950435
0.950436
0.950436
0.950436
0.950436
0.950436
0.950437
0.950437
0.950437
0.950437
0.950437
0.950438
0.950438
0.950438
0.950438
0.950438
0.950439
0.950439
0.950439
0.950439
0.950439
0.95044
0.95044
0.95044
0.95044
0.95044
0.950441
0.950441
0.950441
0.950441
0.950441
0.950442
0.950442
0.950442
0.950442
0.950442
0.950443
0.950443
0.950443
0.950443
0.950443
0.950444
0.950444
0.950444
0.950444
0.950444
0.950445
0.950445
0.950445
0.950445
0.950445
0.950446
0.950446
0.950446
0.950446
0.950446
0.950447
0.950447
0.950447
0.950447
0.950447
0.950448
0.950448
0.950448
0.950448
0.950448
0.950449
0.950449
0.950449
0.950449
0.950449
0.950449
0.95045
0.95045
0.95045
0.95045
0.95045
0.950451
0.950451
0.950451
0.950451
0.950451
0.950452
0.950452
0.950452
0.950452
0.950452
0.950453
0.950453
0.950453
0.950453
0.950453
0.950453
0.950454
0.950454
0.950454
0.950454
0.950454
0.950455
0.950455
0.950455
0.950455
0.950455
0.950456
0.950456
0.950456
0.950456
0.950456
0.950456
0.950457
0.950457
0.950457
0.950457
0.950457
0.950458
0.950458
0.950458
0.950458
0.950458
0.950458
0.950459
0.950459
0.950459
0.950459
0.950459
0.95046
0.95046
0.95046
0.95046
0.95046
0.95046
0.950461
0.950461
0.950461
0.950461
0.950461
0.950462
0.950462
0.950462
0.950462
0.950462
0.950462
0.950463
0.950463
0.950463
0.950463
0.950463
0.950464
0.950464
0.950464
0.950464
0.950464
0.950464
0.950465
0.950465
0.950465
0.950465
0.950465
0.950466
0.950466
0.950466
0.950466
0.950466
0.950466
0.950467
0.950467
0.950467
0.950467
0.950467
0.950467
0.950468
0.950468
0.950468
0.950468
0.950468
0.950469
0.950469
0.950469
0.950469
0.950469
0.950469
0.95047
0.95047
0.95047
0.95047
0.95047
0.95047
