0.001
0.00511975
0.0105882
0.0164752
0.022321
0.0279252
0.0332226
0.0382124
0.0429206
0.0473803
0.0516233
0.0556766
0.0595618
0.0632955
0.0668904
0.070356
0.0736997
0.0769272
0.0800429
0.0830509
0.0859543
0.0887562
0.0914595
0.0940669
0.096581
0.0990044
0.10134
0.10359
0.105757
0.107844
0.109853
0.111787
0.113648
0.115438
0.117161
0.118818
0.120412
0.121945
0.12342
0.124837
0.1262
0.12751
0.12877
0.12998
0.131144
0.132263
0.133338
0.134371
0.135364
0.136319
0.137236
0.138117
0.138964
0.139778
0.14056
0.141311
0.142033
0.142727
0.143394
0.144034
0.14465
0.145241
0.145809
0.146355
0.146879
0.147383
0.147867
0.148332
0.148779
0.149208
0.149621
0.150017
0.150398
0.150763
0.151115
0.151452
0.151776
0.152088
0.152387
0.152675
0.152951
0.153216
0.153471
0.153716
0.153952
0.154178
0.154395
0.154603
0.154804
0.154996
0.155181
0.155359
0.15553
0.155694
0.155851
0.156003
0.156148
0.156288
0.156422
0.156551
0.156674
0.156793
0.156908
0.157017
0.157123
0.157224
0.157322
0.157415
0.157505
0.157591
0.157674
0.157754
0.15783
0.157904
0.157974
0.158042
0.158107
0.15817
0.15823
0.158288
0.158343
0.158396
0.158448
0.158497
0.158544
0.158589
0.158633
0.158675
0.158715
0.158754
0.158791
0.158827
0.158861
0.158894
0.158925
0.158956
0.158985
0.159013
0.15904
0.159066
0.159091
0.159115
0.159138
0.15916
0.159181
0.159201
0.159221
0.159239
0.159257
0.159275
0.159291
0.159307
0.159323
0.159337
0.159352
0.159365
0.159378
0.159391
0.159403
0.159415
0.159426
0.159436
0.159447
0.159456
0.159466
0.159475
0.159484
0.159492
0.1595
0.159508
0.159516
0.159523
0.15953
0.159536
0.159542
0.159549
0.159554
0.15956
0.159565
0.159571
0.159576
0.15958
0.159585
0.159589
0.159594
0.159598
0.159602
0.159605
0.159609
0.159613
0.159616
0.159619
0.159622
0.159625
0.159628
0.159631
0.159633
0.159636
0.159638
0.159641
0.159643
0.159645
0.159647
0.159649
0.159651
0.159653
0.159655
0.159656
0.159658
0.159659
0.159661
0.159662
0.159664
0.159665
0.159666
0.159668
0.159669
0.15967
0.159671
0.159672
0.159673
0.159674
0.159675
0.159676
0.159677
0.159677
0.159678
0.159679
0.15968
0.15968
0.159681
0.159682
0.159682
0.159683
0.159683
0.159684
0.159685
0.159685
0.159686
0.159686
0.159686
0.159687
0.159687
0.159688
0.159688
0.159688
0.159689
0.159689
0.159689
0.15969
0.15969
0.15969
0.159691
0.159691
0.159691
0.159691
0.159692
0.159692
0.159692
0.159692
0.159693
0.159693
0.159693
0.159693
0.159693
0.159693
0.159694
0.159694
0.159694
0.159694
0.159694
0.159694
0.159694
0.159694
0.159695
0.159695
0.159695
0.159695
0.159695
0.159695
0.159695
0.159695
0.159695
0.159695
0.159696
0.159696
0.159696
0.159696
0.159696
0.159696
0.159696
0.159696
0.159696
0.159696
0.159696
0.159696
0.159696
0.159696
0.159696
0.159696
0.159696
0.159696
0.159696
0.159697
0.159697
0.159697
0.159697
0.159697
0.159697
0.159697
0.159697
0.159697
0.159697
0.159697
0.159697
0.159697
0.159697
0.159697
0.159697
0.159697
0.159697
0.159697
0.159697
0.159697
0.159697
0.159697
0.159697
0.159697
0.159697
0.159697
0.159697
0.159697
0.159697
0.159697
0.159697
0.159697
0.159697
0.159697
0.159697
0.159697
0.159697
0.159697
0.159697
0.159697
0.159697
0.159697
0.159697
0.159697
0.159697
0.159697
0.159697
0.159697
0.159697
0.159697
0.159697
0.159697
0.159697
0.159697
0.159697
0.159697
0.159697
0.159697
0.159697
0.159697
0.159697
0.159697
0.159697
0.159697
0.159697
0.159697
0.159697
0.159697
0.159697
0.159697
0.159697
0.159697
0.159697
0.159697
0.159697
0.159697
0.159697
0.159697
0.159697
0.159697
0.159697
0.159697
0.159697
0.159697
0.159697
0.159697
0.159697
0.159697
0.159697
0.159697
0.159697
0.159697
0.159697
0.159697
0.159697
0.159697
0.159697
0.159697
0.159697
0.159697
0.159697
0.159697
0.159697
0.159697
0.159697
0.159697
0.159697
0.159697
0.159697
0.159697
0.159697
0.159697
0.159697
0.159697
0.159697
0.159697
0.159697
0.159697
0.159697
0.159697
0.159697
0.159697
0.159697
0.159697
0.159697
0.159697
0.159697
0.159697
0.159697
0.159697
0.159697
0.159697
0.159697
0.159697
0.159697
0.159697
0.159697
0.159697
0.159697
0.159697
0.159697
0.159697
0.159697
0.159697
0.159697
0.159697
0.159697
0.159697
0.159697
0.159697
0.159697
0.159697
0.159697
0.159697
0.159697
0.159697
0.159697
0.159697
0.159697
0.159697
0.159697
0.159697
0.159697
0.159697
0.159697
0.159697
0.159697
0.159697
0.159697
0.159697
0.159697
0.159697
0.159697
0.159697
0.159697
0.159697
0.159697
0.159697
0.159697
0.159697
0.159697
0.159697
0.159697
0.159697
0.159697
0.159697
0.159697
0.159697
0.159697
0.159697
0.159697
0.159697
0.159697
0.159697
0.159697
0.159697
0.159697
0.159697
0.159697
0.159697
0.159697
0.159697
0.159697
0.159697
0.159697
0.159697
0.159697
0.159697
0.159697
0.159697
0.159697
0.159697
0.159697
0.159697
0.159697
0.159697
0.159697
0.159697
0.159697
0.159697
0.159697
0.159697
0.159697
0.159697
0.159697
0.159697
0.159697
0.159697
0.159697
0.159697
0.159697
0.159697
0.159697
0.159697
0.159697
0.159697
0.159697
0.159697
0.159697
0.159697
0.159697
0.159697
0.159697
0.159697
0.159697
0.159697
0.159697
0.159697
0.159697
0.159697
0.159697
0.159697
0.159697
0.159697
0.159697
0.159697
0.159697
0.159697
0.159697
0.159697
0.159697
0.159697
0.159697
0.159697
0.159697
0.159697
0.159697
0.159697
0.159697
0.159697
0.159697
0.159697
0.159697
0.159697
0.159697
0.159697
0.159697
0.159697
0.159697
0.159697
0.159697
0.159697
0.159697
0.159697
0.159697
0.159697
0.159697
0.159697
0.159697
0.159697
0.159697
0.159697
0.159697
0.159697
0.159697
0.159697
0.159697
0.159697
0.159697
0.159697
0.159697
0.159697
0.159697
0.159697
0.159697
0.159697
0.159697
0.159697
0.159697
0.159697
0.159697
0.159697
0.159697
0.159697
0.159697
0.159697
0.159697
0.159697
0.159697
0.159697
0.159697
0.159697
0.159697
0.159697
0.159697
0.159697
0.159697
0.159697
0.159697
0.159697
0.159697
0.159697
0.159697
0.159697
0.159697
0.159697
0.159697
0.159697
0.159697
0.159697
0.159697
0.159697
0.159697
0.159697
0.159697
0.159697
0.159697
0.159697
0.159697
0.159697
0.159697
0.159697
0.159697
0.159697
0.159697
0.159697
0.159697
0.159697
0.159697
0.159697
0.159697
0.159697
0.159697
0.159697
0.159697
0.159697
0.159697
0.159697
0.159697
0.159697
0.159697
0.159697
0.159697
0.159697
0.159697
0.159697
0.159697
0.159697
0.159697
0.159697
0.159697
0.159697
0.159697
0.159697
0.159697
0.159697
0.159697
0.159697
0.159697
0.159697
0.159697
0.159697
0.159697
0.159697
0.159697
0.159697
0.159697
0.159697
0.159697
0.159697
0.159697
0.159697
0.159697
0.159697
0.159697
0.159697
0.159697
0.159697
0.159697
0.159697
0.159697
0.159697
0.159697
0.159697
0.159697
0.159697
0.159697
0.159697
0.159697
0.159697
0.159697
0.159697
0.159697
0.159697
0.159697
0.159697
0.159697
0.159697
0.159697
0.159697
0.159697
0.159697
0.159697
0.159697
0.159697
0.159697
0.159697
0.159697
0.159697
0.159697
0.159697
0.159697
0.159697
0.159697
0.159697
0.159697
0.159697
0.159697
0.159697
0.159697
0.159697
0.159697
0.159697
0.159697
0.159697
0.159697
0.159697
0.159697
0.159697
0.159697
0.159697
0.159697
0.159697
0.159697
0.159697
0.159697
0.159697
0.159697
0.159697
0.159697
0.159697
0.159697
0.159697
0.159697
0.159697
0.159697
0.159697
0.159697
0.159697
0.159697
0.159697
0.159697
0.159697
0.159697
0.159697
0.159697
0.159697
0.159697
0.159697
0.159697
0.159697
0.159697
0.159697
0.159697
0.159697
0.159697
0.159697
0.159697
0.159697
0.159697
0.159697
0.159697
0.159697
0.159697
0.159697
0.159697
0.159697
0.159697
0.159697
0.159697
0.159697
0.159697
0.159697
0.159697
0.159697
0.159697
0.159697
0.159697
0.159697
0.159697
0.159697
0.159697
0.159697
0.159697
0.159697
0.159697
0.159697
0.159697
0.159697
0.159697
0.159697
0.159697
0.159697
0.159697
0.159697
0.159697
0.159697
0.159697
0.159697
0.159697
0.159697
0.159697
0.159697
0.159697
0.159697
0.159697
0.159697
0.159697
0.159697
0.159697
0.159697
0.159697
0.159697
0.159697
0.159697
0.159697
0.159697
0.159697
0.159697
0.159697
0.159697
0.159697
0.159697
0.159697
0.159697
0.159697
0.159697
0.159697
0.159697
0.159697
0.159697
0.159697
0.159697
0.159697
0.159697
0.159697
0.159697
0.159697
0.159697
0.159697
0.159697
0.159697
0.159697
0.159697
0.159697
0.159697
0.159697
0.159697
0.159697
0.159697
0.159697
0.159697
0.159697
0.159697
0.159697
0.159697
0.159697
0.159697
0.159697
0.159697
0.159697
0.159697
0.159697
0.159697
0.159697
0.159697
0.159697
0.159697
0.159697
0.159697
0.159697
0.159697
0.159697
0.159697
0.159697
0.159697
0.159697
0.159697
0.159697
0.159697
0.159697
0.159697
0.159697
0.159697
0.159697
0.159697
0.159697
0.159697
0.159697
0.159697
0.159697
0.159697
0.159697
0.159697
0.159697
0.159697
0.159697
0.159697
0.159697
0.159697
0.159697
0.159697
0.159697
0.159697
0.159697
0.159697
0.159697
0.159697
0.159697
0.159697
0.159697
0.159697
0.159697
0.159697
0.159697
0.159697
0.159697
0.159697
0.159697
0.159697
0.159697
0.159697
0.159697
0.159697
0.159697
0.159697
0.159697
0.159697
0.159697
0.159697
0.159697
0.159697
0.159697
0.159697
0.159697
0.159697
0.159697
0.159697
0.159697
0.159697
0.159697
0.159697
0.159697
0.159697
0.159697
0.159697
0.159697
0.159697
0.159697
0.159697
0.159697
0.159697
0.159697
0.159697
0.159697
0.159697
0.159697
0.159697
0.159697
0.159697
0.159697
0.159697
0.159697
0.159697
0.159697
0.159697
0.159697
0.159697
0.159697
0.159697
0.159697
0.159697
0.159697
0.159697
0.159697
0.159697
0.159697
0.159697
0.159697
0.159697
0.159697
0.159697
0.159697
0.159697
0.159697
0.159697
0.159697
0.159697
0.159697
0.159697
0.159697
0.159697
0.159697
0.159697
0.159697
0.159697
0.159697
0.159697
0.159697
0.159697
0.159697
0.159697
0.159697
0.159697
0.159697
0.159697
0.159697
0.159697
0.159697
0.159697
0.159697
0.159697
0.159697
0.159697
0.159697
0.159697
0.159697
0.159697
0.159697
0.159697
0.159697
0.159697
0.159697
0.159697
0.159697
0.159697
0.159697
0.159697
0.159697
0.159697
0.159697
0.159697
0.159697
0.159697
0.159697
0.159697
0.159697
0.159697
0.159697
0.159697
0.159697
0.159697
0.159697
0.159697
0.159697
0.159697
0.159697
0.159697
0.159697
0.159697
0.159697
0.159697
0.159697
0.159697
0.159697
0.159697
0.159697
0.159697
0.159697
0.159697
0.159697
0.159697
0.159697
0.159697
0.159697
0.159697
0.159697
0.159697
0.159697
0.159697
0.159697
0.159697
0.159697
0.159697
0.159697
0.159697
0.159697
0.159697
0.159697
0.159697
0.159697
0.159697
0.159697
0.159697
0.159697
0.159697
0.159697
0.159697
0.159697
0.159697
0.159697
0.159697
0.159697
0.159697
0.159697
0.159697
0.159697
0.159697
0.159697
0.159697
0.159697
0.159697
0.159697
0.159697
0.159697
0.159697
0.159697
0.159697
0.159697
0.159697
0.159697
0.159697
0.159697
0.159697
0.159697
0.159697
0.159697
0.159697
0.159697
0.159697
0.159697
0.159697
0.159697
0.159697
0.159697
0.159697
0.159697
0.159697
0.159697
0.159697
0.159697
0.159697
0.159697
0.159697
0.159697
0.159697
0.159697
0.159697
0.159697
0.159697
0.159697
0.159697
0.159697
0.159697
0.159697
0.159697
0.159697
0.159697
0.159697
0.159697
0.159697
0.159697
0.159697
0.159697
0.159697
0.159697
0.159697
0.159697
0.159697
0.159697
0.159697
0.159697
0.159697
0.159697
0.159697
0.159697
0.159697
0.159697
0.159697
0.159697
0.159697
0.159697
0.159697
0.159697
0.159697
0.159697
0.159697
0.159697
0.159697
0.159697
0.159697
0.159697
0.159697
0.159697
0.159697
0.159697
0.159697
0.159697
0.159697
0.159697
0.159697
0.159697
0.159697
0.159697
0.159697
0.159697
0.159697
0.159697
0.159697
0.159697
0.159697
0.159697
0.159697
0.159697
0.159697
0.159697
0.159697
0.159697
0.159697
0.159697
0.159697
0.159697
0.159697
0.159697
0.159697
0.159697
0.159697
0.159697
0.159697
0.159697
0.159697
0.159697
0.159697
0.159697
0.159697
0.159697
0.159697
0.159697
0.159697
0.159697
0.159697
0.159697
0.159697
0.159697
0.159697
0.159697
0.159697
0.159697
0.159697
0.159697
0.159697
0.159697
0.159697
0.159697
0.159697
0.159697
0.159697
0.159697
0.159697
0.159697
0.159697
0.159697
0.159697
0.159697
0.159697
0.159697
0.159697
0.159697
0.159697
0.159697
0.159697
0.159697
0.159697
0.159697
0.159697
0.159697
0.159697
0.159697
0.159697
0.159697
0.159697
0.159697
0.159697
0.159697
0.159697
0.159697
0.159697
0.159697
0.159697
0.159697
0.159697
0.159697
0.159697
0.159697
0.159697
0.159697
0.159697
0.159697
0.159697
0.159697
0.159697
0.159697
0.159697
0.159697
0.159697
0.159697
0.159697
0.159697
0.159697
0.159697
0.159697
0.159697
0.159697
0.159697
0.159697
0.159697
0.159697
0.159697
0.159697
0.159697
0.159697
0.159697
0.159697
0.159697
0.159697
0.159697
0.159697
0.159697
0.159697
0.159697
0.159697
0.159697
0.159697
0.159697
0.159697
0.159697
0.159697
0.159697
0.159697
0.159697
0.159697
0.159697
0.159697
0.159697
0.159697
0.159697
0.159697
0.159697
0.159697
0.159697
0.159697
0.159697
0.159697
0.159697
0.159697
0.159697
0.159697
0.159697
0.159697
0.159697
0.159697
0.159697
0.159697
0.159697
0.159697
0.159697
0.159697
0.159697
0.159697
0.159697
0.159697
0.159697
0.159697
0.159697
0.159697
0.159697
0.159697
0.159697
0.159697
0.159697
0.159697
0.159697
0.159697
0.159697
0.159697
0.159697
0.159697
0.159697
0.159697
0.159697
0.159697
0.159697
0.159697
0.159697
0.159697
0.159697
0.159697
0.159697
0.159697
0.159697
0.159697
0.159697
0.159697
0.159697
0.159697
0.159697
0.159697
0.159697
0.159697
0.159697
0.159697
0.159697
0.159697
0.159697
0.159697
0.159697
0.159697
0.159697
0.159697
0.159697
0.159697
0.159697
0.159697
0.159697
0.159697
0.159697
0.159697
0.159697
0.159697
0.159697
0.159697
0.159697
0.159697
0.159697
0.159697
0.159697
0.159697
0.159697
0.159697
0.159697
0.159697
0.159697
0.159697
0.159697
0.159697
0.159697
0.159697
0.159697
0.159697
0.159697
0.159697
0.159697
0.159697
0.159697
0.159697
0.159697
0.159697
0.159697
0.159697
0.159697
0.159697
0.159697
0.159697
0.159697
0.159697
0.159697
0.159697
0.159697
0.159697
0.159697
0.159697
0.159697
0.159697
0.159697
0.159697
0.159697
0.159697
0.159697
0.159697
0.159697
0.159697
0.159697
0.159697
0.159697
0.159697
0.159697
0.159697
0.159697
0.159697
0.159697
0.159697
0.159697
0.159697
0.159697
0.159697
0.159697
0.159697
0.159697
0.159697
0.159697
0.159697
0.159697
0.159697
0.159697
0.159697
0.159697
0.159697
0.159697
0.159697
0.159697
0.159697
0.159697
0.159697
0.159697
0.159697
0.159697
0.159697
0.159697
0.159697
0.159697
0.159697
0.159697
0.159697
0.159697
0.159697
0.159697
0.159697
0.159697
0.159697
0.159697
0.159697
0.159697
0.159697
0.159697
0.159697
0.159697
0.159697
0.159697
0.159697
0.159697
0.159697
0.159697
0.159697
0.159697
0.159697
0.159697
0.159697
0.159697
0.159697
0.159697
0.159697
0.159697
0.159697
0.159697
0.159697
0.159697
0.159697
0.159697
0.159697
0.159697
0.159697
0.159697
0.159697
0.159697
0.159697
0.159697
0.159697
0.159697
0.159697
0.159697
0.159697
0.159697
0.159697
0.159697
0.159697
0.159697
0.159697
0.159697
0.159697
0.159697
0.159697
0.159697
0.159697
0.159697
0.159697
0.159697
0.159697
0.159697
0.159697
0.159697
0.159697
0.159697
0.159697
0.159697
0.159697
0.159697
0.159697
0.159697
0.159697
0.159697
0.159697
0.159697
0.159697
0.159697
0.159697
0.159697
0.159697
0.159697
0.159697
0.159697
0.159697
0.159697
0.159697
0.159697
0.159697
0.159697
0.159697
0.159697
0.159697
0.159697
0.159697
0.159697
0.159697
0.159697
0.159697
0.159697
0.159697
0.159697
0.159697
0.159697
0.159697
0.159697
0.159697
0.159697
0.159697
0.159697
0.159697
0.159697
0.159697
0.159697
0.159697
0.159697
0.159697
0.159697
0.159697
0.159697
0.159697
0.159697
0.159697
0.159697
0.159697
0.159697
0.159697
0.159697
0.159697
0.159697
0.159697
0.159697
0.159697
0.159697
0.159697
0.159697
0.159697
0.159697
0.159697
0.159697
0.159697
0.159697
0.159697
0.159697
0.159697
0.159697
0.159697
0.159697
0.159697
0.159697
0.159697
0.159697
0.159697
0.159697
0.159697
0.159697
0.159697
0.159697
0.159697
0.159697
0.159697
0.159697
0.159697
0.159697
0.159697
0.159697
0.159697
0.159697
0.159697
0.159697
0.159697
0.159697
0.159697
0.159697
0.159697
0.159697
0.159697
0.159697
0.159697
0.159697
0.159697
0.159697
0.159697
0.159697
0.159697
0.159697
0.159697
0.159697
0.159697
0.159697
0.159697
0.159697
0.159697
0.159697
0.159697
0.159697
0.159697
0.159697
0.159697
0.159697
0.159697
0.159697
0.159697
0.159697
0.159697
0.159697
0.159697
0.159697
0.159697
0.159697
0.159697
0.159697
0.159697
0.159697
0.159697
0.159697
0.159697
0.159697
0.159697
0.159697
0.159697
0.159697
0.159697
0.159697
0.159697
0.159697
0.159697
0.159697
0.159697
0.159697
0.159697
0.159697
0.159697
0.159697
0.159697
0.159697
0.159697
0.159697
0.159697
0.159697
0.159697
0.159697
0.159697
0.159697
0.159697
0.159697
0.159697
0.159697
0.159697
0.159697
0.159697
0.159697
0.159697
0.159697
0.159697
0.159697
0.159697
0.159697
0.159697
0.159697
0.159697
0.159697
0.159697
0.159697
0.159697
0.159697
0.159697
0.159697
0.159697
0.159697
0.159697
0.159697
0.159697
0.159697
0.159697
0.159697
0.159697
0.159697
0.159697
0.159697
0.159697
0.159697
0.159697
0.159697
0.159697
0.159697
0.159697
0.159697
0.159697
0.159697
0.159697
0.159697
0.159697
0.159697
0.159697
0.159697
0.159697
0.159697
0.159697
0.159697
0.159697
0.159697
0.159697
0.159697
0.159697
0.159697
0.159697
0.159697
0.159697
0.159697
0.159697
0.159697
0.159697
0.159697
0.159697
0.159697
0.159697
0.159697
0.159697
0.159697
0.159697
0.159697
0.159697
0.159697
0.159697
0.159697
0.159697
0.159697
0.159697
0.159697
0.159697
0.159697
0.159697
0.159697
0.159697
0.159697
0.159697
0.159697
0.159697
0.159697
0.159697
0.159697
0.159697
0.159697
0.159697
0.159697
0.159697
0.159697
0.159697
0.159697
0.159697
0.159697
0.159697
0.159697
0.159697
0.159697
0.159697
0.159697
0.159697
0.159697
0.159697
0.159697
0.159697
0.159697
0.159697
0.159697
0.159697
0.159697
0.159697
0.159697
0.159697
0.159697
0.159697
0.159697
0.159697
0.159697
0.159697
0.159697
0.159697
0.159697
0.159697
0.159697
0.159697
0.159697
0.159697
0.159697
0.159697
0.159697
0.159697
0.159697
0.159697
0.159697
0.159697
0.159697
0.159697
0.159697
0.159697
0.159697
0.159697
0.159697
0.159697
0.159697
0.159697
0.159697
0.159697
0.159697
0.159697
0.159697
0.159697
0.159697
0.159697
0.159697
0.159697
0.159697
0.159697
0.159697
0.159697
0.159697
0.159697
0.159697
0.159697
0.159697
0.159697
0.159697
0.159697
0.159697
0.159697
0.159697
0.159697
0.159697
0.159697
0.159697
0.159697
0.159697
0.159697
0.159697
0.159697
0.159697
0.159697
0.159697
0.159697
0.159697
0.159697
0.159697
0.159697
0.159697
0.159697
0.159697
0.159697
0.159697
0.159697
0.159697
0.159697
0.159697
0.159697
0.159697
0.159697
0.159697
0.159697
0.159697
0.159697
0.159697
0.159697
0.159697
0.159697
0.159697
0.159697
0.159697
0.159697
0.159697
0.159697
0.159697
0.159697
0.159697
0.159697
0.159697
0.159697
0.159697
0.159697
0.159697
0.159697
0.159697
0.159697
0.159697
0.159697
0.159697
0.159697
0.159697
0.159697
0.159697
0.159697
0.159697
0.159697
0.159697
0.159697
0.159697
0.159697
0.159697
0.159697
0.159697
0.159697
0.159697
0.159697
0.159697
0.159697
0.159697
0.159697
0.159697
0.159697
0.159697
0.159697
0.159697
0.159697
0.159697
0.159697
0.159697
0.159697
0.159697
0.159697
0.159697
0.159697
0.159697
0.159697
0.159697
0.159697
0.159697
0.159697
0.159697
0.159697
0.159697
0.159697
0.159697
0.159697
0.159697
0.159697
0.159697
0.159697
0.159697
0.159697
0.159697
0.159697
0.159697
0.159697
0.159697
0.159697
0.159697
0.159697
0.159697
0.159697
0.159697
0.159697
0.159697
0.159697
0.159697
0.159697
0.159697
0.159697
0.159697
0.159697
0.159697
0.159697
0.159697
0.159697
0.159697
0.159697
0.159697
0.159697
0.159697
0.159697
0.159697
0.159697
0.159697
0.159697
0.159697
0.159697
0.159697
0.159697
0.159697
0.159697
0.159697
0.159697
0.159697
0.159697
0.159697
0.159697
0.159697
0.159697
0.159697
0.159697
0.159697
0.159697
0.159697
0.159697
0.159697
0.159697
0.159697
0.159697
0.159697
0.159697
0.159697
0.159697
0.159697
0.159697
0.159697
0.159697
0.159697
0.159697
0.159697
0.159697
0.159697
0.159697
0.159697
0.159697
0.159697
0.159697
0.159697
0.159697
0.159697
0.159697
0.159697
0.159697
0.159697
0.159697
0.159697
0.159697
0.159697
0.159697
0.159697
0.159697
0.159697
0.159697
0.159697
0.159697
0.159697
0.159697
0.159697
0.159697
0.159697
0.159697
0.159697
0.159697
0.159697
0.159697
0.159697
0.159697
0.159697
0.159697
0.159697
0.159697
0.159697
0.159697
0.159697
0.159697
0.159697
0.159697
0.159697
0.159697
0.159697
0.159697
0.159697
0.159697
0.159697
0.159697
0.159697
0.159697
0.159697
0.159697
0.159697
0.159697
0.159697
0.159697
0.159697
0.159697
0.159697
0.159697
0.159697
0.159697
0.159697
0.159697
0.159697
0.159697
0.159697
0.159697
0.159697
0.159697
0.159697
0.159697
0.159697
0.159697
0.159697
0.159697
0.159697
0.159697
0.159697
0.159697
0.159697
0.159697
0.159697
0.159697
0.159697
0.159697
0.159697
0.159697
0.159697
0.159697
0.159697
0.159697
0.159697
0.159697
0.159697
0.159697
0.159697
0.159697
0.159697
0.159697
0.159697
0.159697
0.159697
0.159697
0.159697
0.159697
0.159697
0.159697
0.159697
0.159697
0.159697
0.159697
0.159697
0.159697
0.159697
0.159697
0.159697
0.159697
0.159697
0.159697
0.159697
0.159697
0.159697
0.159697
0.159697
0.159697
0.159697
0.159697
0.159697
0.159697
0.159697
0.159697
0.159697
0.159697
0.159697
0.159697
0.159697
0.159697
0.159697
0.159697
0.159697
0.159697
0.159697
0.159697
0.159697
0.159697
0.159697
0.159697
0.159697
0.159697
0.159697
0.159697
0.159697
0.159697
0.159697
0.159697
0.159697
0.159697
0.159697
0.159697
0.159697
0.159697
0.159697
0.159697
0.159697
0.159697
0.159697
0.159697
0.159697
0.159697
0.159697
0.159697
0.159697
0.159697
0.159697
0.159697
0.159697
0.159697
0.159697
0.159697
0.159697
0.159697
0.159697
0.159697
0.159697
0.159697
0.159697
0.159697
0.159697
0.159697
0.159697
0.159697
0.159697
0.159697
0.159697
0.159697
0.159697
0.159697
0.159697
0.159697
0.159697
0.159697
0.159697
0.159697
0.159697
0.159697
0.159697
0.159697
0.159697
0.159697
0.159697
0.159697
0.159697
0.159697
0.159697
0.159697
0.159697
0.159697
0.159697
0.159697
0.159697
0.159697
0.159697
0.159697
0.159697
0.159697
0.159697
0.159697
0.159697
0.159697
0.159697
0.159697
0.159697
0.159697
0.159697
0.159697
0.159697
0.159697
0.159697
0.159697
0.159697
0.159697
0.159697
0.159697
0.159697
0.159697
0.159697
0.159697
0.159697
0.159697
0.159697
0.159697
0.159697
0.159697
0.159697
0.159697
0.159697
0.159697
0.159697
0.159697
0.159697
0.159697
0.159697
0.159697
0.159697
0.159697
0.159697
0.159697
0.159697
0.159697
0.159697
0.159697
0.159697
0.159697
0.159697
0.159697
0.159697
0.159697
0.159697
0.159697
0.159697
0.159697
0.159697
0.159697
0.159697
0.159697
0.159697
0.159697
0.159697
0.159697
0.159697
0.159697
0.159697
0.159697
0.159697
0.159697
0.159697
0.159697
0.159697
0.159697
0.159697
0.159697
0.159697
0.159697
0.159697
0.159697
0.159697
0.159697
0.159697
0.159697
0.159697
0.159697
0.159697
0.159697
0.159697
0.159697
0.159697
0.159697
0.159697
0.159697
0.159697
0.159697
0.159697
0.159697
0.159697
0.159697
0.159697
0.159697
0.159697
0.159697
0.159697
0.159697
0.159697
0.159697
0.159697
0.159697
0.159697
0.159697
0.159697
0.159697
0.159697
0.159697
0.159697
0.159697
0.159697
0.159697
0.159697
0.159697
0.159697
0.159697
0.159697
0.159697
0.159697
0.159697
0.159697
0.159697
0.159697
0.159697
0.159697
0.159697
0.159697
0.159697
0.159697
0.159697
0.159697
0.159697
0.159697
0.159697
0.159697
0.159697
0.159697
0.159697
0.159697
0.159697
0.159697
0.159697
0.159697
0.159697
0.159697
0.159697
0.159697
0.159697
0.159697
0.159697
0.159697
0.159697
0.159697
0.159697
0.159697
0.159697
0.159697
0.159697
0.159697
0.159697
0.159697
0.159697
0.159697
0.159697
0.159697
0.159697
0.159697
0.159697
0.159697
0.159697
0.159697
0.159697
0.159697
0.159697
0.159697
0.159697
0.159697
0.159697
0.159697
0.159697
0.159697
0.159697
0.159697
0.159697
0.159697
0.159697
0.159697
0.159697
0.159697
0.159697
0.159697
0.159697
0.159697
0.159697
0.159697
0.159697
0.159697
0.159697
0.159697
0.159697
0.159697
0.159697
0.159697
0.159697
0.159697
0.159697
0.159697
0.159697
0.159697
0.159697
0.159697
0.159697
0.159697
0.159697
0.159697
0.159697
0.159697
0.159697
0.159697
0.159697
0.159697
0.159697
0.159697
0.159697
0.159697
0.159697
0.159697
0.159697
0.159697
0.159697
0.159697
0.159697
0.159697
0.159697
0.159697
0.159697
0.159697
0.159697
0.159697
0.159697
0.159697
0.159697
0.159697
0.159697
0.159697
0.159697
0.159697
0.159697
0.159697
0.159697
0.159697
0.159697
0.159697
0.159697
0.159697
0.159697
0.159697
0.159697
0.159697
0.159697
0.159697
0.159697
0.159697
0.159697
0.159697
0.159697
0.159697
0.159697
0.159697
0.159697
0.159697
0.159697
0.159697
0.159697
0.159697
0.159697
0.159697
0.159697
0.159697
0.159697
0.159697
0.159697
0.159697
0.159697
0.159697
0.159697
0.159697
0.159697
0.159697
0.159697
0.159697
0.159697
0.159697
0.159697
0.159697
0.159697
0.159697
0.159697
0.159697
0.159697
0.159697
0.159697
0.159697
0.159697
0.159697
0.159697
0.159697
0.159697
0.159697
0.159697
0.159697
0.159697
0.159697
0.159697
0.159697
0.159697
0.159697
0.159697
0.159697
0.159697
0.159697
0.159697
0.159697
0.159697
0.159697
0.159697
0.159697
0.159697
0.159697
0.159697
0.159697
0.159697
0.159697
0.159697
0.159697
0.159697
0.159697
0.159697
0.159697
0.159697
0.159697
0.159697
0.159697
0.159697
0.159697
0.159697
0.159697
0.159697
0.159697
0.159697
0.159697
0.159697
0.159697
0.159697
0.159697
0.159697
0.159697
0.159697
0.159697
0.159697
0.159697
0.159697
0.159697
0.159697
0.159697
0.159697
0.159697
0.159697
0.159697
0.159697
0.159697
0.159697
0.159697
0.159697
0.159697
0.159697
0.159697
0.159697
0.159697
0.159697
0.159697
0.159697
0.159697
0.159697
0.159697
0.159697
0.159697
0.159697
0.159697
0.159697
0.159697
0.159697
0.159697
0.159697
0.159697
0.159697
0.159697
0.159697
0.159697
0.159697
0.159697
0.159697
0.159697
0.159697
0.159697
0.159697
0.159697
0.159697
0.159697
0.159697
0.159697
0.159697
0.159697
0.159697
0.159697
0.159697
0.159697
0.159697
0.159697
0.159697
0.159697
0.159697
0.159697
0.159697
0.159697
0.159697
0.159697
0.159697
0.159697
0.159697
0.159697
0.159697
0.159697
0.159697
0.159697
0.159697
0.159697
0.159697
0.159697
0.159697
0.159697
0.159697
0.159697
0.159697
0.159697
0.159697
0.159697
0.159697
0.159697
0.159697
0.159697
0.159697
0.159697
0.159697
0.159697
0.159697
0.159697
0.159697
0.159697
0.159697
0.159697
0.159697
0.159697
0.159697
0.159697
0.159697
0.159697
0.159697
0.159697
0.159697
0.159697
0.159697
0.159697
0.159697
0.159697
0.159697
0.159697
0.159697
0.159697
0.159697
0.159697
0.159697
0.159697
0.159697
0.159697
0.159697
0.159697
0.159697
0.159697
0.159697
0.159697
0.159697
0.159697
0.159697
0.159697
0.159697
0.159697
0.159697
0.159697
0.159697
0.159697
0.159697
0.159697
0.159697
0.159697
0.159697
0.159697
0.159697
0.159697
0.159697
0.159697
0.159697
0.159697
0.159697
0.159697
0.159697
0.159697
0.159697
0.159697
0.159697
0.159697
0.159697
0.159697
0.159697
0.159697
0.159697
0.159697
0.159697
0.159697
0.159697
0.159697
0.159697
0.159697
0.159697
0.159697
0.159697
0.159697
0.159697
0.159697
0.159697
0.159697
0.159697
0.159697
0.159697
0.159697
0.159697
0.159697
0.159697
0.159697
0.159697
0.159697
0.159697
0.159697
0.159697
0.159697
0.159697
0.159697
0.159697
0.159697
0.159697
0.159697
0.159697
0.159697
0.159697
0.159697
0.159697
0.159697
0.159697
0.159697
0.159697
0.159697
0.159697
0.159697
0.159697
0.159697
0.159697
0.159697
0.159697
0.159697
0.159697
0.159697
0.159697
0.159697
0.159697
0.159697
0.159697
0.159697
0.159697
0.159697
0.159697
0.159697
0.159697
0.159697
0.159697
0.159697
0.159697
0.159697
0.159697
0.159697
0.159697
0.159697
0.159697
0.159697
0.159697
0.159697
0.159697
0.159697
0.159697
0.159697
0.159697
0.159697
0.159697
0.159697
0.159697
0.159697
0.159697
0.159697
0.159697
0.159697
0.159697
0.159697
0.159697
0.159697
0.159697
0.159697
0.159697
0.159697
0.159697
0.159697
0.159697
0.159697
0.159697
0.159697
0.159697
0.159697
0.159697
0.159697
0.159697
0.159697
0.159697
0.159697
0.159697
0.159697
0.159697
0.159697
0.159697
0.159697
0.159697
0.159697
0.159697
0.159697
0.159697
0.159697
0.159697
0.159697
0.159697
0.159697
0.159697
0.159697
0.159697
0.159697
0.159697
0.159697
0.159697
0.159697
0.159697
0.159697
0.159697
0.159697
0.159697
0.159697
0.159697
0.159697
0.159697
0.159697
0.159697
0.159697
0.159697
0.159697
0.159697
0.159697
0.159697
0.159697
0.159697
0.159697
0.159697
0.159697
0.159697
0.159697
0.159697
0.159697
0.159697
0.159697
0.159697
0.159697
0.159697
0.159697
0.159697
0.159697
0.159697
0.159697
0.159697
0.159697
0.159697
0.159697
0.159697
0.159697
0.159697
0.159697
0.159697
0.159697
0.159697
0.159697
0.159697
0.159697
0.159697
0.159697
0.159697
0.159697
0.159697
0.159697
0.159697
0.159697
0.159697
0.159697
0.159697
0.159697
0.159697
0.159697
0.159697
0.159697
0.159697
0.159697
0.159697
0.159697
0.159697
0.159697
0.159697
0.159697
0.159697
0.159697
0.159697
0.159697
0.159697
0.159697
0.159697
0.159697
0.159697
0.159697
0.159697
0.159697
0.159697
0.159697
0.159697
0.159697
0.159697
0.159697
0.159697
0.159697
0.159697
0.159697
0.159697
0.159697
0.159697
0.159697
0.159697
0.159697
0.159697
0.159697
0.159697
0.159697
0.159697
0.159697
0.159697
0.159697
0.159697
0.159697
0.159697
0.159697
0.159697
0.159697
0.159697
0.159697
0.159697
0.159697
0.159697
0.159697
0.159697
0.159697
0.159697
0.159697
0.159697
0.159697
0.159697
0.159697
0.159697
0.159697
0.159697
0.159697
0.159697
0.159697
0.159697
0.159697
0.159697
0.159697
0.159697
0.159697
0.159697
0.159697
0.159697
0.159697
0.159697
0.159697
0.159697
0.159697
0.159697
0.159697
0.159697
0.159697
0.159697
0.159697
0.159697
0.159697
0.159697
0.159697
0.159697
0.159697
0.159697
0.159697
0.159697
0.159697
0.159697
0.159697
0.159697
0.159697
0.159697
0.159697
0.159697
0.159697
0.159697
0.159697
0.159697
0.159697
0.159697
0.159697
0.159697
0.159697
0.159697
0.159697
0.159697
0.159697
0.159697
0.159697
0.159697
0.159697
0.159697
0.159697
0.159697
0.159697
0.159697
0.159697
0.159697
0.159697
0.159697
0.159697
0.159697
0.159697
0.159697
0.159697
0.159697
0.159697
0.159697
0.159697
0.159697
0.159697
0.159697
0.159697
0.159697
0.159697
0.159697
0.159697
0.159697
0.159697
0.159697
0.159697
0.159697
0.159697
0.159697
0.159697
0.159697
0.159697
0.159697
0.159697
0.159697
0.159697
0.159697
0.159697
0.159697
0.159697
0.159697
0.159697
0.159697
0.159697
0.159697
0.159697
0.159697
0.159697
0.159697
0.159697
0.159697
0.159697
0.159697
0.159697
0.159697
0.159697
0.159697
0.159697
0.159697
0.159697
0.159697
0.159697
0.159697
0.159697
0.159697
0.159697
0.159697
0.159697
0.159697
0.159697
0.159697
0.159697
0.159697
0.159697
0.159697
0.159697
0.159697
0.159697
0.159697
0.159697
0.159697
0.159697
0.159697
0.159697
0.159697
0.159697
0.159697
0.159697
0.159697
0.159697
0.159697
0.159697
0.159697
0.159697
0.159697
0.159697
0.159697
0.159697
0.159697
0.159697
0.159697
0.159697
0.159697
0.159697
0.159697
0.159697
0.159697
0.159697
0.159697
0.159697
0.159697
0.159697
0.159697
0.159697
0.159697
0.159697
0.159697
0.159697
0.159697
0.159697
0.159697
0.159697
0.159697
0.159697
0.159697
0.159697
0.159697
0.159697
0.159697
0.159697
0.159697
0.159697
0.159697
0.159697
0.159697
0.159697
0.159697
0.159697
0.159697
0.159697
0.159697
0.159697
0.159697
0.159697
0.159697
0.159697
0.159697
0.159697
0.159697
0.159697
0.159697
0.159697
0.159697
0.159697
0.159697
0.159697
0.159697
0.159697
0.159697
0.159697
0.159697
0.159697
0.159697
0.159697
0.159697
0.159697
0.159697
0.159697
0.159697
0.159697
0.159697
0.159697
0.159697
0.159697
0.159697
0.159697
0.159697
0.159697
0.159697
0.159697
0.159697
0.159697
0.159697
0.159697
0.159697
0.159697
0.159697
0.159697
0.159697
0.159697
0.159697
0.159697
0.159697
0.159697
0.159697
0.159697
0.159697
0.159697
0.159697
0.159697
0.159697
0.159697
0.159697
0.159697
0.159697
0.159697
0.159697
0.159697
0.159697
0.159697
0.159697
0.159697
0.159697
0.159697
0.159697
0.159697
0.159697
0.159697
0.159697
0.159697
0.159697
0.159697
0.159697
0.159697
0.159697
0.159697
0.159697
0.159697
0.159697
0.159697
0.159697
0.159697
0.159697
0.159697
0.159697
0.159697
0.159697
0.159697
0.159697
0.159697
0.159697
0.159697
0.159697
0.159697
0.159697
0.159697
0.159697
0.159697
0.159697
0.159697
0.159697
0.159697
0.159697
0.159697
0.159697
0.159697
0.159697
0.159697
0.159697
0.159697
0.159697
0.159697
0.159697
0.159697
0.159697
0.159697
0.159697
0.159697
0.159697
0.159697
0.159697
0.159697
0.159697
0.159697
0.159697
0.159697
0.159697
0.159697
0.159697
0.159697
0.159697
0.159697
0.159697
0.159697
0.159697
0.159697
0.159697
0.159697
0.159697
0.159697
0.159697
0.159697
0.159697
0.159697
0.159697
0.159697
0.159697
0.159697
0.159697
0.159697
0.159697
0.159697
0.159697
0.159697
0.159697
0.159697
0.159697
0.159697
0.159697
0.159697
0.159697
0.159697
0.159697
0.159697
0.159697
0.159697
0.159697
0.159697
0.159697
0.159697
0.159697
0.159697
0.159697
0.159697
0.159697
0.159697
0.159697
0.159697
0.159697
0.159697
0.159697
0.159697
0.159697
0.159697
0.159697
0.159697
0.159697
0.159697
0.159697
0.159697
0.159697
0.159697
0.159697
0.159697
0.159697
0.159697
0.159697
0.159697
0.159697
0.159697
0.159697
0.159697
0.159697
0.159697
0.159697
0.159697
0.159697
0.159697
0.159697
0.159697
0.159697
0.159697
0.159697
0.159697
0.159697
0.159697
0.159697
0.159697
0.159697
0.159697
0.159697
0.159697
0.159697
0.159697
0.159697
0.159697
0.159697
0.159697
0.159697
0.159697
0.159697
0.159697
0.159697
0.159697
0.159697
0.159697
0.159697
0.159697
0.159697
0.159697
0.159697
0.159697
0.159697
0.159697
0.159697
0.159697
0.159697
0.159697
0.159697
0.159697
0.159697
0.159697
0.159697
0.159697
0.159697
0.159697
0.159697
0.159697
0.159697
0.159697
0.159697
0.159697
0.159697
0.159697
0.159697
0.159697
0.159697
0.159697
0.159697
0.159697
0.159697
0.159697
0.159697
0.159697
0.159697
0.159697
0.159697
0.159697
0.159697
0.159697
0.159697
0.159697
0.159697
0.159697
0.159697
0.159697
0.159697
0.159697
0.159697
0.159697
0.159697
0.159697
0.159697
0.159697
0.159697
0.159697
0.159697
0.159697
0.159697
0.159697
0.159697
0.159697
0.159697
0.159697
0.159697
0.159697
0.159697
0.159697
0.159697
0.159697
0.159697
0.159697
0.159697
0.159697
0.159697
0.159697
0.159697
0.159697
0.159697
0.159697
0.159697
0.159697
0.159697
0.159697
0.159697
0.159697
0.159697
0.159697
0.159697
0.159697
0.159697
0.159697
0.159697
0.159697
0.159697
0.159697
0.159697
0.159697
0.159697
0.159697
0.159697
0.159697
0.159697
0.159697
0.159697
0.159697
0.159697
0.159697
0.159697
0.159697
0.159697
0.159697
0.159697
0.159697
0.159697
0.159697
0.159697
0.159697
0.159697
0.159697
0.159697
0.159697
0.159697
0.159697
0.159697
0.159697
0.159697
0.159697
0.159697
0.159697
0.159697
0.159697
0.159697
0.159697
0.159697
0.159697
0.159697
0.159697
0.159697
0.159697
0.159697
0.159697
0.159697
0.159697
0.159697
0.159697
0.159697
0.159697
0.159697
0.159697
0.159697
0.159697
0.159697
0.159697
0.159697
0.159697
0.159697
0.159697
0.159697
0.159697
0.159697
0.159697
0.159697
0.159697
0.159697
0.159697
0.159697
0.159697
0.159697
0.159697
0.159697
0.159697
0.159697
0.159697
0.159697
0.159697
0.159697
0.159697
0.159697
0.159697
0.159697
0.159697
0.159697
0.159697
0.159697
0.159697
0.159697
0.159697
0.159697
0.159697
0.159697
0.159697
0.159697
0.159697
0.159697
0.159697
0.159697
0.159697
0.159697
0.159697
0.159697
0.159697
0.159697
0.159697
0.159697
0.159697
0.159697
0.159697
0.159697
0.159697
0.159697
0.159697
0.159697
0.159697
0.159697
0.159697
0.159697
0.159697
0.159697
0.159697
0.159697
0.159697
0.159697
0.159697
0.159697
0.159697
0.159697
0.159697
0.159697
0.159697
0.159697
0.159697
0.159697
0.159697
0.159697
0.159697
0.159697
0.159697
0.159697
0.159697
0.159697
0.159697
0.159697
0.159697
0.159697
0.159697
0.159697
0.159697
0.159697
0.159697
0.159697
0.159697
0.159697
0.159697
0.159697
0.159697
0.159697
0.159697
0.159697
0.159697
0.159697
0.159697
0.159697
0.159697
0.159697
0.159697
0.159697
0.159697
0.159697
0.159697
0.159697
0.159697
0.159697
0.159697
0.159697
0.159697
0.159697
0.159697
0.159697
0.159697
0.159697
0.159697
0.159697
0.159697
0.159697
0.159697
0.159697
0.159697
0.159697
0.159697
0.159697
0.159697
0.159697
0.159697
0.159697
0.159697
0.159697
0.159697
0.159697
0.159697
0.159697
0.159697
0.159697
0.159697
0.159697
0.159697
0.159697
0.159697
0.159697
0.159697
0.159697
0.159697
0.159697
0.159697
0.159697
0.159697
0.159697
0.159697
0.159697
0.159697
0.159697
0.159697
0.159697
0.159697
0.159697
0.159697
0.159697
0.159697
0.159697
0.159697
0.159697
0.159697
0.159697
0.159697
0.159697
0.159697
0.159697
0.159697
0.159697
0.159697
0.159697
0.159697
0.159697
0.159697
0.159697
0.159697
0.159697
0.159697
0.159697
0.159697
0.159697
0.159697
0.159697
0.159697
0.159697
0.159697
0.159697
0.159697
0.159697
0.159697
0.159697
0.159697
0.159697
0.159697
0.159697
0.159697
0.159697
0.159697
0.159697
0.159697
0.159697
0.159697
0.159697
0.159697
0.159697
0.159697
0.159697
0.159697
0.159697
0.159697
0.159697
0.159697
0.159697
0.159697
0.159697
0.159697
0.159697
0.159697
0.159697
0.159697
0.159697
0.159697
0.159697
0.159697
0.159697
0.159697
0.159697
0.159697
0.159697
0.159697
0.159697
0.159697
0.159697
0.159697
0.159697
0.159697
0.159697
0.159697
0.159697
0.159697
0.159697
0.159697
0.159697
0.159697
0.159697
0.159697
0.159697
0.159697
0.159697
0.159697
0.159697
0.159697
0.159697
0.159697
0.159697
0.159697
0.159697
0.159697
0.159697
0.159697
0.159697
0.159697
0.159697
0.159697
0.159697
0.159697
0.159697
0.159697
0.159697
0.159697
0.159697
0.159697
0.159697
0.159697
0.159697
0.159697
0.159697
0.159697
0.159697
0.159697
0.159697
0.159697
0.159697
0.159697
0.159697
0.159697
0.159697
0.159697
0.159697
0.159697
0.159697
0.159697
0.159697
0.159697
0.159697
0.159697
0.159697
0.159697
0.159697
0.159697
0.159697
0.159697
0.159697
0.159697
0.159697
0.159697
0.159697
0.159697
0.159697
0.159697
0.159697
0.159697
0.159697
0.159697
0.159697
0.159697
0.159697
0.159697
0.159697
0.159697
0.159697
0.159697
0.159697
0.159697
0.159697
0.159697
0.159697
0.159697
0.159697
0.159697
0.159697
0.159697
0.159697
0.159697
0.159697
0.159697
0.159697
0.159697
0.159697
0.159697
0.159697
0.159697
0.159697
0.159697
0.159697
0.159697
0.159697
0.159697
0.159697
0.159697
0.159697
0.159697
0.159697
0.159697
0.159697
0.159697
0.159697
0.159697
0.159697
0.159697
0.159697
0.159697
0.159697
0.159697
0.159697
0.159697
0.159697
0.159697
0.159697
0.159697
0.159697
0.159697
0.159697
0.159697
0.159697
0.159697
0.159697
0.159697
0.159697
0.159697
0.159697
0.159697
0.159697
0.159697
0.159697
0.159697
0.159697
0.159697
0.159697
0.159697
0.159697
0.159697
0.159697
0.159697
0.159697
0.159697
0.159697
0.159697
0.159697
0.159697
0.159697
0.159697
0.159697
0.159697
0.159697
0.159697
0.159697
0.159697
0.159697
0.159697
0.159697
0.159697
0.159697
0.159697
0.159697
0.159697
0.159697
0.159697
0.159697
0.159697
0.159697
0.159697
0.159697
0.159697
0.159697
0.159697
0.159697
0.159697
0.159697
0.159697
0.159697
0.159697
0.159697
0.159697
0.159697
0.159697
0.159697
0.159697
0.159697
0.159697
0.159697
0.159697
0.159697
0.159697
0.159697
0.159697
0.159697
0.159697
0.159697
0.159697
0.159697
0.159697
0.159697
0.159697
0.159697
0.159697
0.159697
0.159697
0.159697
0.159697
0.159697
0.159697
0.159697
0.159697
0.159697
0.159697
0.159697
0.159697
0.159697
0.159697
0.159697
0.159697
0.159697
0.159697
0.159697
0.159697
0.159697
0.159697
0.159697
0.159697
0.159697
0.159697
0.159697
0.159697
0.159697
0.159697
0.159697
0.159697
0.159697
0.159697
0.159697
0.159697
0.159697
0.159697
0.159697
0.159697
0.159697
0.159697
0.159697
0.159697
0.159697
0.159697
0.159697
0.159697
0.159697
0.159697
0.159697
0.159697
0.159697
0.159697
0.159697
0.159697
0.159697
0.159697
0.159697
0.159697
0.159697
0.159697
0.159697
0.159697
0.159697
0.159697
0.159697
0.159697
0.159697
0.159697
0.159697
0.159697
0.159697
0.159697
0.159697
0.159697
0.159697
0.159697
0.159697
0.159697
0.159697
0.159697
0.159697
0.159697
0.159697
0.159697
0.159697
0.159697
0.159697
0.159697
0.159697
0.159697
0.159697
0.159697
0.159697
0.159697
0.159697
0.159697
0.159697
0.159697
0.159697
0.159697
0.159697
0.159697
0.159697
0.159697
0.159697
0.159697
0.159697
0.159697
0.159697
0.159697
0.159697
0.159697
0.159697
0.159697
0.159697
0.159697
0.159697
0.159697
0.159697
0.159697
0.159697
0.159697
0.159697
0.159697
0.159697
0.159697
0.159697
0.159697
0.159697
0.159697
0.159697
0.159697
0.159697
0.159697
0.159697
0.159697
0.159697
0.159697
0.159697
0.159697
0.159697
0.159697
0.159697
0.159697
0.159697
0.159697
0.159697
0.159697
0.159697
0.159697
0.159697
0.159697
0.159697
0.159697
0.159697
0.159697
0.159697
0.159697
0.159697
0.159697
0.159697
0.159697
0.159697
0.159697
0.159697
0.159697
0.159697
0.159697
0.159697
0.159697
0.159697
0.159697
0.159697
0.159697
0.159697
0.159697
0.159697
0.159697
0.159697
0.159697
0.159697
0.159697
0.159697
0.159697
0.159697
0.159697
0.159697
0.159697
0.159697
0.159697
0.159697
0.159697
0.159697
0.159697
0.159697
0.159697
0.159697
0.159697
0.159697
0.159697
0.159697
0.159697
0.159697
0.159697
0.159697
0.159697
0.159697
0.159697
0.159697
0.159697
0.159697
0.159697
0.159697
0.159697
0.159697
0.159697
0.159697
0.159697
0.159697
0.159697
0.159697
0.159697
0.159697
0.159697
0.159697
0.159697
0.159697
0.159697
0.159697
0.159697
0.159697
0.159697
0.159697
0.159697
0.159697
0.159697
0.159697
0.159697
0.159697
0.159697
0.159697
0.159697
0.159697
0.159697
0.159697
0.159697
0.159697
0.159697
0.159697
0.159697
0.159697
0.159697
0.159697
0.159697
0.159697
0.159697
0.159697
0.159697
0.159697
0.159697
0.159697
0.159697
0.159697
0.159697
0.159697
0.159697
0.159697
0.159697
0.159697
0.159697
0.159697
0.159697
0.159697
0.159697
0.159697
0.159697
0.159697
0.159697
0.159697
0.159697
0.159697
0.159697
0.159697
0.159697
0.159697
0.159697
0.159697
0.159697
0.159697
0.159697
0.159697
0.159697
0.159697
0.159697
0.159697
0.159697
0.159697
0.159697
0.159697
0.159697
0.159697
0.159697
0.159697
0.159697
0.159697
0.159697
0.159697
0.159697
0.159697
0.159697
0.159697
0.159697
0.159697
0.159697
0.159697
0.159697
0.159697
0.159697
0.159697
0.159697
0.159697
0.159697
0.159697
0.159697
0.159697
0.159697
0.159697
0.159697
0.159697
0.159697
0.159697
0.159697
0.159697
0.159697
0.159697
0.159697
0.159697
0.159697
0.159697
0.159697
0.159697
0.159697
0.159697
0.159697
0.159697
0.159697
0.159697
0.159697
0.159697
0.159697
0.159697
0.159697
0.159697
0.159697
0.159697
0.159697
0.159697
0.159697
0.159697
0.159697
0.159697
0.159697
0.159697
0.159697
0.159697
0.159697
0.159697
0.159697
0.159697
0.159697
0.159697
0.159697
0.159697
0.159697
0.159697
0.159697
0.159697
0.159697
0.159697
0.159697
0.159697
0.159697
0.159697
0.159697
0.159697
0.159697
0.159697
0.159697
0.159697
0.159697
0.159697
0.159697
0.159697
0.159697
0.159697
0.159697
0.159697
0.159697
0.159697
0.159697
0.159697
0.159697
0.159697
0.159697
0.159697
0.159697
0.159697
0.159697
0.159697
0.159697
0.159697
0.159697
0.159697
0.159697
0.159697
0.159697
0.159697
0.159697
0.159697
0.159697
0.159697
0.159697
0.159697
0.159697
0.159697
0.159697
0.159697
0.159697
0.159697
0.159697
0.159697
0.159697
0.159697
0.159697
0.159697
0.159697
0.159697
0.159697
0.159697
0.159697
0.159697
0.159697
0.159697
0.159697
0.159697
0.159697
0.159697
0.159697
0.159697
0.159697
0.159697
0.159697
0.159697
0.159697
0.159697
0.159697
0.159697
0.159697
0.159697
0.159697
0.159697
0.159697
0.159697
0.159697
0.159697
0.159697
0.159697
0.159697
0.159697
0.159697
0.159697
0.159697
0.159697
0.159697
0.159697
0.159697
0.159697
0.159697
0.159697
0.159697
0.159697
0.159697
0.159697
0.159697
0.159697
0.159697
0.159697
0.159697
0.159697
0.159697
0.159697
0.159697
0.159697
0.159697
0.159697
0.159697
0.159697
0.159697
0.159697
0.159697
0.159697
0.159697
0.159697
0.159697
0.159697
0.159697
0.159697
0.159697
0.159697
0.159697
0.159697
0.159697
0.159697
0.159697
0.159697
0.159697
0.159697
0.159697
0.159697
0.159697
0.159697
0.159697
0.159697
0.159697
0.159697
0.159697
0.159697
0.159697
0.159697
0.159697
0.159697
0.159697
0.159697
0.159697
0.159697
0.159697
0.159697
0.159697
0.159697
0.159697
0.159697
0.159697
0.159697
0.159697
0.159697
0.159697
0.159697
0.159697
0.159697
0.159697
0.159697
0.159697
0.159697
0.159697
0.159697
0.159697
0.159697
0.159697
0.159697
0.159697
0.159697
0.159697
0.159697
0.159697
0.159697
0.159697
0.159697
0.159697
0.159697
0.159697
0.159697
0.159697
0.159697
0.159697
0.159697
0.159697
0.159697
0.159697
0.159697
0.159697
0.159697
0.159697
0.159697
0.159697
0.159697
0.159697
0.159697
0.159697
0.159697
0.159697
0.159697
0.159697
0.159697
0.159697
0.159697
0.159697
0.159697
0.159697
0.159697
0.159697
0.159697
0.159697
0.159697
0.159697
0.159697
0.159697
0.159697
0.159697
0.159697
0.159697
0.159697
0.159697
0.159697
0.159697
0.159697
0.159697
0.159697
0.159697
0.159697
0.159697
0.159697
0.159697
0.159697
0.159697
0.159697
0.159697
0.159697
0.159697
0.159697
0.159697
0.159697
0.159697
0.159697
0.159697
0.159697
0.159697
0.159697
0.159697
0.159697
0.159697
0.159697
0.159697
0.159697
0.159697
0.159697
0.159697
0.159697
0.159697
0.159697
0.159697
0.159697
0.159697
0.159697
0.159697
0.159697
0.159697
0.159697
0.159697
0.159697
0.159697
0.159697
0.159697
0.159697
0.159697
0.159697
0.159697
0.159697
0.159697
0.159697
0.159697
0.159697
0.159697
0.159697
0.159697
0.159697
0.159697
0.159697
0.159697
0.159697
0.159697
0.159697
0.159697
0.159697
0.159697
0.159697
0.159697
0.159697
0.159697
0.159697
0.159697
0.159697
0.159697
0.159697
0.159697
0.159697
0.159697
0.159697
0.159697
0.159697
0.159697
0.159697
0.159697
0.159697
0.159697
0.159697
0.159697
0.159697
0.159697
0.159697
0.159697
0.159697
0.159697
0.159697
0.159697
