0.001
0.00393443
0.00714992
0.0105186
0.0139749
0.0174819
0.0210176
0.0245681
0.0281241
0.0316795
0.0352299
0.0387725
0.042305
0.0458262
0.049335
0.0528309
0.0563134
0.0597822
0.0632374
0.0666788
0.0701065
0.0735206
0.0769211
0.0803082
0.083682
0.0870426
0.0903901
0.0937247
0.0970465
0.100356
0.103652
0.106936
0.110208
0.113467
0.116714
0.119948
0.123171
0.126381
0.12958
0.132766
0.135941
0.139104
0.142255
0.145394
0.148521
0.151637
0.154741
0.157833
0.160914
0.163983
0.167041
0.170087
0.173122
0.176145
0.179156
0.182157
0.185146
0.188123
0.191089
0.194044
0.196988
0.19992
0.202841
0.205751
0.208649
0.211537
0.214413
0.217278
0.220133
0.222976
0.225808
0.228629
0.231439
0.234238
0.237026
0.239804
0.24257
0.245326
0.248071
0.250805
0.253528
0.25624
0.258942
0.261634
0.264314
0.266984
0.269644
0.272293
0.274931
0.277559
0.280176
0.282783
0.28538
0.287966
0.290542
0.293108
0.295663
0.298208
0.300743
0.303268
0.305783
0.308288
0.310782
0.313267
0.315741
0.318206
0.32066
0.323105
0.32554
0.327965
0.33038
0.332785
0.335181
0.337567
0.339943
0.34231
0.344667
0.347015
0.349353
0.351681
0.354
0.35631
0.35861
0.360901
0.363182
0.365455
0.367718
0.369971
0.372216
0.374451
0.376677
0.378894
0.381103
0.383302
0.385492
0.387673
0.389845
0.392008
0.394163
0.396308
0.398445
0.400573
0.402693
0.404803
0.406905
0.408999
0.411084
0.41316
0.415227
0.417287
0.419338
0.42138
0.423414
0.425439
0.427457
0.429466
0.431467
0.433459
0.435443
0.43742
0.439388
0.441348
0.4433
0.445243
0.447179
0.449107
0.451027
0.452939
0.454844
0.45674
0.458628
0.460509
0.462382
0.464248
0.466105
0.467955
0.469798
0.471633
0.47346
0.47528
0.477092
0.478897
0.480694
0.482484
0.484267
0.486042
0.48781
0.48957
0.491324
0.49307
0.494809
0.496541
0.498266
0.499983
0.501694
0.503397
0.505094
0.506783
0.508466
0.510141
0.51181
0.513472
0.515127
0.516775
0.518416
0.520051
0.521679
0.5233
0.524915
0.526523
0.528124
0.529719
0.531307
0.532889
0.534464
0.536032
0.537594
0.53915
0.5407
0.542243
0.543779
0.54531
0.546834
0.548351
0.549863
0.551368
0.552867
0.55436
0.555847
0.557328
0.558803
0.560271
0.561734
0.56319
0.564641
0.566086
0.567524
0.568957
0.570384
0.571805
0.57322
0.57463
0.576033
0.577431
0.578824
0.58021
0.581591
0.582966
0.584335
0.585699
0.587057
0.58841
0.589757
0.591099
0.592435
0.593766
0.595091
0.596411
0.597725
0.599034
0.600338
0.601636
0.602929
0.604217
0.605499
0.606776
0.608048
0.609315
0.610576
0.611833
0.613084
0.61433
0.615571
0.616807
0.618038
0.619264
0.620485
0.621701
0.622912
0.624118
0.625319
0.626515
0.627707
0.628893
0.630075
0.631251
0.632423
0.63359
0.634753
0.635911
0.637063
0.638212
0.639355
0.640494
0.641628
0.642758
0.643883
0.645004
0.64612
0.647231
0.648338
0.64944
0.650538
0.651631
0.65272
0.653805
0.654885
0.65596
0.657032
0.658098
0.659161
0.660219
0.661273
0.662323
0.663368
0.66441
0.665446
0.666479
0.667508
0.668532
0.669552
0.670568
0.67158
0.672588
0.673592
0.674591
0.675587
0.676579
0.677566
0.67855
0.679529
0.680505
0.681476
0.682444
0.683408
0.684367
0.685323
0.686276
0.687224
0.688168
0.689109
0.690045
0.690978
0.691907
0.692833
0.693755
0.694672
0.695587
0.696497
0.697404
0.698307
0.699207
0.700103
0.700995
0.701884
0.702769
0.70365
0.704528
0.705402
0.706273
0.707141
0.708004
0.708865
0.709722
0.710575
0.711425
0.712271
0.713115
0.713954
0.714791
0.715624
0.716453
0.717279
0.718102
0.718922
0.719738
0.720551
0.721361
0.722167
0.722971
0.723771
0.724567
0.725361
0.726151
0.726939
0.727723
0.728503
0.729281
0.730056
0.730827
0.731596
0.732361
0.733123
0.733882
0.734638
0.735392
0.736142
0.736889
0.737633
0.738374
0.739112
0.739847
0.740579
0.741308
0.742035
0.742758
0.743478
0.744196
0.744911
0.745623
0.746332
0.747038
0.747741
0.748441
0.749139
0.749834
0.750526
0.751216
0.751902
0.752586
0.753267
0.753946
0.754621
0.755294
0.755964
0.756632
0.757297
0.757959
0.758619
0.759276
0.75993
0.760582
0.761231
0.761878
0.762522
0.763163
0.763802
0.764438
0.765072
0.765703
0.766332
0.766958
0.767582
0.768203
0.768822
0.769438
0.770052
0.770663
0.771272
0.771879
0.772483
0.773084
0.773684
0.774281
0.774875
0.775467
0.776057
0.776645
0.77723
0.777813
0.778393
0.778971
0.779547
0.780121
0.780692
0.781261
0.781828
0.782392
0.782955
0.783515
0.784073
0.784628
0.785182
0.785733
0.786282
0.786829
0.787374
0.787916
0.788457
0.788995
0.789531
0.790065
0.790597
0.791127
0.791654
0.79218
0.792703
0.793225
0.793744
0.794262
0.794777
0.79529
0.795801
0.796311
0.796818
0.797323
0.797826
0.798327
0.798827
0.799324
0.799819
0.800312
0.800804
0.801293
0.801781
0.802266
0.80275
0.803232
0.803712
0.80419
0.804666
0.80514
0.805613
0.806083
0.806552
0.807019
0.807484
0.807947
0.808408
0.808868
0.809325
0.809781
0.810235
0.810688
0.811138
0.811587
0.812034
0.812479
0.812923
0.813365
0.813805
0.814243
0.81468
0.815115
0.815548
0.815979
0.816409
0.816837
0.817264
0.817689
0.818112
0.818533
0.818953
0.819371
0.819788
0.820203
0.820616
0.821028
0.821438
0.821846
0.822253
0.822658
0.823062
0.823464
0.823865
0.824264
0.824661
0.825057
0.825451
0.825844
0.826235
0.826625
0.827013
0.8274
0.827785
0.828169
0.828551
0.828932
0.829311
0.829689
0.830066
0.83044
0.830814
0.831186
0.831556
0.831925
0.832293
0.832659
0.833024
0.833387
0.833749
0.83411
0.834469
0.834827
0.835183
0.835538
0.835892
0.836244
0.836595
0.836945
0.837293
0.83764
0.837985
0.838329
0.838672
0.839014
0.839354
0.839693
0.84003
0.840367
0.840702
0.841035
0.841368
0.841699
0.842029
0.842357
0.842685
0.843011
0.843335
0.843659
0.843981
0.844302
0.844622
0.844941
0.845258
0.845574
0.845889
0.846203
0.846515
0.846827
0.847137
0.847446
0.847754
0.84806
0.848365
0.84867
0.848973
0.849275
0.849575
0.849875
0.850173
0.850471
0.850767
0.851062
0.851356
0.851649
0.85194
0.852231
0.85252
0.852809
0.853096
0.853382
0.853667
0.853951
0.854234
0.854516
0.854797
0.855076
0.855355
0.855632
0.855909
0.856184
0.856459
0.856732
0.857004
0.857276
0.857546
0.857815
0.858083
0.85835
0.858617
0.858882
0.859146
0.859409
0.859671
0.859932
0.860193
0.860452
0.86071
0.860967
0.861223
0.861479
0.861733
0.861986
0.862239
0.86249
0.862741
0.86299
0.863239
0.863487
0.863733
0.863979
0.864224
0.864468
0.864711
0.864953
0.865195
0.865435
0.865674
0.865913
0.86615
0.866387
0.866623
0.866858
0.867092
0.867325
0.867558
0.867789
0.86802
0.868249
0.868478
0.868706
0.868933
0.86916
0.869385
0.86961
0.869834
0.870057
0.870279
0.8705
0.870721
0.87094
0.871159
0.871377
0.871594
0.871811
0.872026
0.872241
0.872455
0.872668
0.872881
0.873092
0.873303
0.873513
0.873722
0.873931
0.874139
0.874346
0.874552
0.874757
0.874962
0.875166
0.875369
0.875571
0.875773
0.875974
0.876174
0.876373
0.876572
0.87677
0.876967
0.877164
0.87736
0.877555
0.877749
0.877943
0.878136
0.878328
0.878519
0.87871
0.8789
0.87909
0.879278
0.879466
0.879654
0.87984
0.880026
0.880211
0.880396
0.88058
0.880763
0.880946
0.881128
0.881309
0.88149
0.881669
0.881849
0.882027
0.882205
0.882383
0.882559
0.882735
0.882911
0.883085
0.88326
0.883433
0.883606
0.883778
0.88395
0.884121
0.884291
0.884461
0.88463
0.884799
0.884966
0.885134
0.8853
0.885467
0.885632
0.885797
0.885961
0.886125
0.886288
0.886451
0.886613
0.886774
0.886935
0.887095
0.887255
0.887414
0.887572
0.88773
0.887888
0.888044
0.888201
0.888356
0.888511
0.888666
0.88882
0.888973
0.889126
0.889279
0.88943
0.889582
0.889733
0.889883
0.890032
0.890182
0.89033
0.890478
0.890626
0.890773
0.890919
0.891065
0.891211
0.891356
0.8915
0.891644
0.891787
0.89193
0.892073
0.892215
0.892356
0.892497
0.892637
0.892777
0.892917
0.893056
0.893194
0.893332
0.89347
0.893607
0.893743
0.893879
0.894015
0.89415
0.894284
0.894418
0.894552
0.894685
0.894818
0.89495
0.895082
0.895213
0.895344
0.895475
0.895605
0.895734
0.895863
0.895992
0.89612
0.896248
0.896375
0.896502
0.896628
0.896754
0.89688
0.897005
0.897129
0.897254
0.897377
0.897501
0.897624
0.897746
0.897868
0.89799
0.898111
0.898232
0.898353
0.898473
0.898592
0.898711
0.89883
0.898948
0.899066
0.899184
0.899301
0.899418
0.899534
0.89965
0.899766
0.899881
0.899996
0.90011
0.900224
0.900338
0.900451
0.900564
0.900676
0.900788
0.9009
0.901011
0.901122
0.901233
0.901343
0.901453
0.901562
0.901671
0.90178
0.901888
0.901996
0.902104
0.902211
0.902318
0.902424
0.902531
0.902636
0.902742
0.902847
0.902952
0.903056
0.90316
0.903264
0.903367
0.90347
0.903573
0.903675
0.903777
0.903879
0.90398
0.904081
0.904182
0.904282
0.904382
0.904481
0.904581
0.90468
0.904778
0.904877
0.904975
0.905072
0.90517
0.905267
0.905363
0.90546
0.905556
0.905652
0.905747
0.905842
0.905937
0.906031
0.906126
0.90622
0.906313
0.906406
0.906499
0.906592
0.906684
0.906776
0.906868
0.90696
0.907051
0.907142
0.907232
0.907322
0.907412
0.907502
0.907591
0.907681
0.907769
0.907858
0.907946
0.908034
0.908122
0.908209
0.908296
0.908383
0.90847
0.908556
0.908642
0.908728
0.908813
0.908898
0.908983
0.909068
0.909152
0.909236
0.90932
0.909404
0.909487
0.90957
0.909653
0.909735
0.909818
0.909899
0.909981
0.910063
0.910144
0.910225
0.910305
0.910386
0.910466
0.910546
0.910626
0.910705
0.910784
0.910863
0.910942
0.91102
0.911099
0.911176
0.911254
0.911332
0.911409
0.911486
0.911563
0.911639
0.911715
0.911791
0.911867
0.911943
0.912018
0.912093
0.912168
0.912242
0.912317
0.912391
0.912465
0.912539
0.912612
0.912685
0.912758
0.912831
0.912904
0.912976
0.913048
0.91312
0.913192
0.913263
0.913335
0.913406
0.913476
0.913547
0.913617
0.913688
0.913758
0.913827
0.913897
0.913966
0.914035
0.914104
0.914173
0.914241
0.91431
0.914378
0.914446
0.914513
0.914581
0.914648
0.914715
0.914782
0.914849
0.914915
0.914981
0.915048
0.915113
0.915179
0.915245
0.91531
0.915375
0.91544
0.915505
0.915569
0.915633
0.915698
0.915761
0.915825
0.915889
0.915952
0.916015
0.916078
0.916141
0.916204
0.916266
0.916329
0.916391
0.916453
0.916514
0.916576
0.916637
0.916699
0.91676
0.91682
0.916881
0.916942
0.917002
0.917062
0.917122
0.917182
0.917241
0.917301
0.91736
0.917419
0.917478
0.917537
0.917596
0.917654
0.917712
0.91777
0.917828
0.917886
0.917944
0.918001
0.918058
0.918116
0.918173
0.918229
0.918286
0.918342
0.918399
0.918455
0.918511
0.918567
0.918622
0.918678
0.918733
0.918789
0.918844
0.918899
0.918953
0.919008
0.919062
0.919117
0.919171
0.919225
0.919279
0.919332
0.919386
0.919439
0.919493
0.919546
0.919599
0.919652
0.919704
0.919757
0.919809
0.919861
0.919913
0.919965
0.920017
0.920069
0.92012
0.920172
0.920223
0.920274
0.920325
0.920376
0.920427
0.920477
0.920528
0.920578
0.920628
0.920678
0.920728
0.920778
0.920827
0.920877
0.920926
0.920976
0.921025
0.921074
0.921122
0.921171
0.92122
0.921268
0.921316
0.921365
0.921413
0.921461
0.921508
0.921556
0.921604
0.921651
0.921698
0.921746
0.921793
0.92184
0.921886
0.921933
0.92198
0.922026
0.922072
0.922119
0.922165
0.922211
0.922257
0.922302
0.922348
0.922393
0.922439
0.922484
0.922529
0.922574
0.922619
0.922664
0.922709
0.922753
0.922798
0.922842
0.922886
0.92293
0.922974
0.923018
0.923062
0.923106
0.923149
0.923193
0.923236
0.923279
0.923323
0.923366
0.923408
0.923451
0.923494
0.923537
0.923579
0.923621
0.923664
0.923706
0.923748
0.92379
0.923832
0.923874
0.923915
0.923957
0.923998
0.92404
0.924081
0.924122
0.924163
0.924204
0.924245
0.924286
0.924326
0.924367
0.924407
0.924448
0.924488
0.924528
0.924568
0.924608
0.924648
0.924688
0.924727
0.924767
0.924806
0.924846
0.924885
0.924924
0.924963
0.925002
0.925041
0.92508
0.925119
0.925158
0.925196
0.925235
0.925273
0.925311
0.925349
0.925388
0.925426
0.925463
0.925501
0.925539
0.925577
0.925614
0.925652
0.925689
0.925726
0.925764
0.925801
0.925838
0.925875
0.925912
0.925949
0.925985
0.926022
0.926058
0.926095
0.926131
0.926168
0.926204
0.92624
0.926276
0.926312
0.926348
0.926384
0.926419
0.926455
0.926491
0.926526
0.926562
0.926597
0.926632
0.926667
0.926702
0.926737
0.926772
0.926807
0.926842
0.926877
0.926911
0.926946
0.92698
0.927015
0.927049
0.927083
0.927117
0.927152
0.927186
0.92722
0.927253
0.927287
0.927321
0.927355
0.927388
0.927422
0.927455
0.927489
0.927522
0.927555
0.927588
0.927621
0.927654
0.927687
0.92772
0.927753
0.927786
0.927818
0.927851
0.927883
0.927916
0.927948
0.927981
0.928013
0.928045
0.928077
0.928109
0.928141
0.928173
0.928205
0.928237
0.928268
0.9283
0.928332
0.928363
0.928394
0.928426
0.928457
0.928488
0.92852
0.928551
0.928582
0.928613
0.928644
0.928675
0.928705
0.928736
0.928767
0.928797
0.928828
0.928859
0.928889
0.928919
0.92895
0.92898
0.92901
0.92904
0.92907
0.9291
0.92913
0.92916
0.92919
0.92922
0.929249
0.929279
0.929309
0.929338
0.929368
0.929397
0.929426
0.929456
0.929485
0.929514
0.929543
0.929572
0.929601
0.92963
0.929659
0.929688
0.929717
0.929746
0.929774
0.929803
0.929832
0.92986
0.929889
0.929917
0.929945
0.929974
0.930002
0.93003
0.930058
0.930086
0.930114
0.930142
0.93017
0.930198
0.930226
0.930254
0.930281
0.930309
0.930337
0.930364
0.930392
0.930419
0.930447
0.930474
0.930501
0.930529
0.930556
0.930583
0.93061
0.930637
0.930664
0.930691
0.930718
0.930745
0.930772
0.930798
0.930825
0.930852
0.930878
0.930905
0.930932
0.930958
0.930984
0.931011
0.931037
0.931063
0.93109
0.931116
0.931142
0.931168
0.931194
0.93122
0.931246
0.931272
0.931298
0.931324
0.931349
0.931375
0.931401
0.931426
0.931452
0.931478
0.931503
0.931529
0.931554
0.931579
0.931605
0.93163
0.931655
0.93168
0.931706
0.931731
0.931756
0.931781
0.931806
0.931831
0.931856
0.93188
0.931905
0.93193
0.931955
0.931979
0.932004
0.932029
0.932053
0.932078
0.932102
0.932127
0.932151
0.932175
0.9322
0.932224
0.932248
0.932273
0.932297
0.932321
0.932345
0.932369
0.932393
0.932417
0.932441
0.932465
0.932488
0.932512
0.932536
0.93256
0.932583
0.932607
0.932631
0.932654
0.932678
0.932701
0.932725
0.932748
0.932772
0.932795
0.932818
0.932841
0.932865
0.932888
0.932911
0.932934
0.932957
0.93298
0.933003
0.933026
0.933049
0.933072
0.933095
0.933118
0.933141
0.933163
0.933186
0.933209
0.933232
0.933254
0.933277
0.933299
0.933322
0.933344
0.933367
0.933389
0.933411
0.933434
0.933456
0.933478
0.933501
0.933523
0.933545
0.933567
0.933589
0.933611
0.933633
0.933655
0.933677
0.933699
0.933721
0.933743
0.933765
0.933787
0.933809
0.93383
0.933852
0.933874
0.933895
0.933917
0.933939
0.93396
0.933982
0.934003
0.934025
0.934046
0.934067
0.934089
0.93411
0.934131
0.934153
0.934174
0.934195
0.934216
0.934238
0.934259
0.93428
0.934301
0.934322
0.934343
0.934364
0.934385
0.934406
0.934427
0.934447
0.934468
0.934489
0.93451
0.93453
0.934551
0.934572
0.934593
0.934613
0.934634
0.934654
0.934675
0.934695
0.934716
0.934736
0.934757
0.934777
0.934797
0.934818
0.934838
0.934858
0.934879
0.934899
0.934919
0.934939
0.934959
0.934979
0.935
0.93502
0.93504
0.93506
0.93508
0.9351
0.935119
0.935139
0.935159
0.935179
0.935199
0.935219
0.935238
0.935258
0.935278
0.935298
0.935317
0.935337
0.935356
0.935376
0.935396
0.935415
0.935435
0.935454
0.935474
0.935493
0.935512
0.935532
0.935551
0.935571
0.93559
0.935609
0.935628
0.935648
0.935667
0.935686
0.935705
0.935724
0.935743
0.935762
0.935782
0.935801
0.93582
0.935839
0.935858
0.935876
0.935895
0.935914
0.935933
0.935952
0.935971
0.93599
0.936008
0.936027
0.936046
0.936065
0.936083
0.936102
0.936121
0.936139
0.936158
0.936176
0.936195
0.936213
0.936232
0.93625
0.936269
0.936287
0.936306
0.936324
0.936342
0.936361
0.936379
0.936397
0.936416
0.936434
0.936452
0.93647
0.936488
0.936507
0.936525
0.936543
0.936561
0.936579
0.936597
0.936615
0.936633
0.936651
0.936669
0.936687
0.936705
0.936723
0.936741
0.936759
0.936776
0.936794
0.936812
0.93683
0.936848
0.936865
0.936883
0.936901
0.936918
0.936936
0.936954
0.936971
0.936989
0.937007
0.937024
0.937042
0.937059
0.937077
0.937094
0.937112
0.937129
0.937146
0.937164
0.937181
0.937199
0.937216
0.937233
0.937251
0.937268
0.937285
0.937302
0.93732
0.937337
0.937354
0.937371
0.937388
0.937405
0.937423
0.93744
0.937457
0.937474
0.937491
0.937508
0.937525
0.937542
0.937559
0.937576
0.937593
0.93761
0.937626
0.937643
0.93766
0.937677
0.937694
0.937711
0.937727
0.937744
0.937761
0.937778
0.937794
0.937811
0.937828
0.937844
0.937861
0.937878
0.937894
0.937911
0.937927
0.937944
0.93796
0.937977
0.937993
0.93801
0.938026
0.938043
0.938059
0.938076
0.938092
0.938108
0.938125
0.938141
0.938157
0.938174
0.93819
0.938206
0.938222
0.938239
0.938255
0.938271
0.938287
0.938303
0.93832
0.938336
0.938352
0.938368
0.938384
0.9384
0.938416
0.938432
0.938448
0.938464
0.93848
0.938496
0.938512
0.938528
0.938544
0.93856
0.938576
0.938592
0.938608
0.938623
0.938639
0.938655
0.938671
0.938687
0.938702
0.938718
0.938734
0.93875
0.938765
0.938781
0.938797
0.938812
0.938828
0.938844
0.938859
0.938875
0.93889
0.938906
0.938922
0.938937
0.938953
0.938968
0.938984
0.938999
0.939015
0.93903
0.939045
0.939061
0.939076
0.939092
0.939107
0.939122
0.939138
0.939153
0.939168
0.939184
0.939199
0.939214
0.939229
0.939245
0.93926
0.939275
0.93929
0.939306
0.939321
0.939336
0.939351
0.939366
0.939381
0.939396
0.939411
0.939426
0.939442
0.939457
0.939472
0.939487
0.939502
0.939517
0.939532
0.939547
0.939562
0.939576
0.939591
0.939606
0.939621
0.939636
0.939651
0.939666
0.939681
0.939695
0.93971
0.939725
0.93974
0.939755
0.939769
0.939784
0.939799
0.939814
0.939828
0.939843
0.939858
0.939872
0.939887
0.939902
0.939916
0.939931
0.939945
0.93996
0.939975
0.939989
0.940004
0.940018
0.940033
0.940047
0.940062
0.940076
0.940091
0.940105
0.94012
0.940134
0.940148
0.940163
0.940177
0.940192
0.940206
0.94022
0.940235
0.940249
0.940263
0.940278
0.940292
0.940306
0.94032
0.940335
0.940349
0.940363
0.940377
0.940392
0.940406
0.94042
0.940434
0.940448
0.940462
0.940477
0.940491
0.940505
0.940519
0.940533
0.940547
0.940561
0.940575
0.940589
0.940603
0.940617
0.940631
0.940645
0.940659
0.940673
0.940687
0.940701
0.940715
0.940729
0.940743
0.940757
0.940771
0.940785
0.940798
0.940812
0.940826
0.94084
0.940854
0.940868
0.940881
0.940895
0.940909
0.940923
0.940936
0.94095
0.940964
0.940978
0.940991
0.941005
0.941019
0.941032
0.941046
0.94106
0.941073
0.941087
0.9411
0.941114
0.941128
0.941141
0.941155
0.941168
0.941182
0.941195
0.941209
0.941222
0.941236
0.941249
0.941263
0.941276
0.94129
0.941303
0.941317
0.94133
0.941344
0.941357
0.94137
0.941384
0.941397
0.941411
0.941424
0.941437
0.941451
0.941464
0.941477
0.941491
0.941504
0.941517
0.94153
0.941544
0.941557
0.94157
0.941583
0.941597
0.94161
0.941623
0.941636
0.941649
0.941662
0.941676
0.941689
0.941702
0.941715
0.941728
0.941741
0.941754
0.941767
0.941781
0.941794
0.941807
0.94182
0.941833
0.941846
0.941859
0.941872
0.941885
0.941898
0.941911
0.941924
0.941937
0.94195
0.941962
0.941975
0.941988
0.942001
0.942014
0.942027
0.94204
0.942053
0.942066
0.942078
0.942091
0.942104
0.942117
0.94213
0.942143
0.942155
0.942168
0.942181
0.942194
0.942206
0.942219
0.942232
0.942245
0.942257
0.94227
0.942283
0.942295
0.942308
0.942321
0.942333
0.942346
0.942359
0.942371
0.942384
0.942396
0.942409
0.942422
0.942434
0.942447
0.942459
0.942472
0.942484
0.942497
0.94251
0.942522
0.942535
0.942547
0.94256
0.942572
0.942584
0.942597
0.942609
0.942622
0.942634
0.942647
0.942659
0.942672
0.942684
0.942696
0.942709
0.942721
0.942733
0.942746
0.942758
0.94277
0.942783
0.942795
0.942807
0.94282
0.942832
0.942844
0.942857
0.942869
0.942881
0.942893
0.942906
0.942918
0.94293
0.942942
0.942954
0.942967
0.942979
0.942991
0.943003
0.943015
0.943027
0.94304
0.943052
0.943064
0.943076
0.943088
0.9431
0.943112
0.943124
0.943136
0.943148
0.94316
0.943173
0.943185
0.943197
0.943209
0.943221
0.943233
0.943245
0.943257
0.943269
0.943281
0.943293
0.943305
0.943316
0.943328
0.94334
0.943352
0.943364
0.943376
0.943388
0.9434
0.943412
0.943424
0.943435
0.943447
0.943459
0.943471
0.943483
0.943495
0.943506
0.943518
0.94353
0.943542
0.943554
0.943565
0.943577
0.943589
0.943601
0.943612
0.943624
0.943636
0.943648
0.943659
0.943671
0.943683
0.943694
0.943706
0.943718
0.943729
0.943741
0.943753
0.943764
0.943776
0.943788
0.943799
0.943811
0.943822
0.943834
0.943846
0.943857
0.943869
0.94388
0.943892
0.943903
0.943915
0.943926
0.943938
0.94395
0.943961
0.943973
0.943984
0.943996
0.944007
0.944018
0.94403
0.944041
0.944053
0.944064
0.944076
0.944087
0.944099
0.94411
0.944121
0.944133
0.944144
0.944155
0.944167
0.944178
0.94419
0.944201
0.944212
0.944224
0.944235
0.944246
0.944258
0.944269
0.94428
0.944291
0.944303
0.944314
0.944325
0.944336
0.944348
0.944359
0.94437
0.944381
0.944393
0.944404
0.944415
0.944426
0.944437
0.944449
0.94446
0.944471
0.944482
0.944493
0.944504
0.944516
0.944527
0.944538
0.944549
0.94456
0.944571
0.944582
0.944593
0.944604
0.944616
0.944627
0.944638
0.944649
0.94466
0.944671
0.944682
0.944693
0.944704
0.944715
0.944726
0.944737
0.944748
0.944759
0.94477
0.944781
0.944792
0.944803
0.944814
0.944825
0.944836
0.944846
0.944857
0.944868
0.944879
0.94489
0.944901
0.944912
0.944923
0.944934
0.944944
0.944955
0.944966
0.944977
0.944988
0.944999
0.94501
0.94502
0.945031
0.945042
0.945053
0.945064
0.945074
0.945085
0.945096
0.945107
0.945117
0.945128
0.945139
0.94515
0.94516
0.945171
0.945182
0.945192
0.945203
0.945214
0.945225
0.945235
0.945246
0.945257
0.945267
0.945278
0.945289
0.945299
0.94531
0.94532
0.945331
0.945342
0.945352
0.945363
0.945373
0.945384
0.945395
0.945405
0.945416
0.945426
0.945437
0.945447
0.945458
0.945469
0.945479
0.94549
0.9455
0.945511
0.945521
0.945532
0.945542
0.945553
0.945563
0.945574
0.945584
0.945594
0.945605
0.945615
0.945626
0.945636
0.945647
0.945657
0.945667
0.945678
0.945688
0.945699
0.945709
0.945719
0.94573
0.94574
0.945751
0.945761
0.945771
0.945782
0.945792
0.945802
0.945813
0.945823
0.945833
0.945843
0.945854
0.945864
0.945874
0.945885
0.945895
0.945905
0.945915
0.945926
0.945936
0.945946
0.945956
0.945967
0.945977
0.945987
0.945997
0.946008
0.946018
0.946028
0.946038
0.946048
0.946058
0.946069
0.946079
0.946089
0.946099
0.946109
0.946119
0.946129
0.94614
0.94615
0.94616
0.94617
0.94618
0.94619
0.9462
0.94621
0.94622
0.94623
0.946241
0.946251
0.946261
0.946271
0.946281
0.946291
0.946301
0.946311
0.946321
0.946331
0.946341
0.946351
0.946361
0.946371
0.946381
0.946391
0.946401
0.946411
0.946421
0.946431
0.946441
0.946451
0.94646
0.94647
0.94648
0.94649
0.9465
0.94651
0.94652
0.94653
0.94654
0.94655
0.946559
0.946569
0.946579
0.946589
0.946599
0.946609
0.946619
0.946628
0.946638
0.946648
0.946658
0.946668
0.946678
0.946687
0.946697
0.946707
0.946717
0.946726
0.946736
0.946746
0.946756
0.946766
0.946775
0.946785
0.946795
0.946804
0.946814
0.946824
0.946834
0.946843
0.946853
0.946863
0.946872
0.946882
0.946892
0.946901
0.946911
0.946921
0.94693
0.94694
0.94695
0.946959
0.946969
0.946979
0.946988
0.946998
0.947008
0.947017
0.947027
0.947036
0.947046
0.947056
0.947065
0.947075
0.947084
0.947094
0.947103
0.947113
0.947122
0.947132
0.947142
0.947151
0.947161
0.94717
0.94718
0.947189
0.947199
0.947208
0.947218
0.947227
0.947237
0.947246
0.947256
0.947265
0.947274
0.947284
0.947293
0.947303
0.947312
0.947322
0.947331
0.94734
0.94735
0.947359
0.947369
0.947378
0.947388
0.947397
0.947406
0.947416
0.947425
0.947434
0.947444
0.947453
0.947462
0.947472
0.947481
0.94749
0.9475
0.947509
0.947518
0.947528
0.947537
0.947546
0.947556
0.947565
0.947574
0.947584
0.947593
0.947602
0.947611
0.947621
0.94763
0.947639
0.947648
0.947658
0.947667
0.947676
0.947685
0.947695
0.947704
0.947713
0.947722
0.947731
0.947741
0.94775
0.947759
0.947768
0.947777
0.947786
0.947796
0.947805
0.947814
0.947823
0.947832
0.947841
0.94785
0.94786
0.947869
0.947878
0.947887
0.947896
0.947905
0.947914
0.947923
0.947932
0.947941
0.947951
0.94796
0.947969
0.947978
0.947987
0.947996
0.948005
0.948014
0.948023
0.948032
0.948041
0.94805
0.948059
0.948068
0.948077
0.948086
0.948095
0.948104
0.948113
0.948122
0.948131
0.94814
0.948149
0.948158
0.948167
0.948176
0.948185
0.948194
0.948203
0.948211
0.94822
0.948229
0.948238
0.948247
0.948256
0.948265
0.948274
0.948283
0.948292
0.9483
0.948309
0.948318
0.948327
0.948336
0.948345
0.948354
0.948363
0.948371
0.94838
0.948389
0.948398
0.948407
0.948415
0.948424
0.948433
0.948442
0.948451
0.948459
0.948468
0.948477
0.948486
0.948495
0.948503
0.948512
0.948521
0.94853
0.948538
0.948547
0.948556
0.948565
0.948573
0.948582
0.948591
0.948599
0.948608
0.948617
0.948626
0.948634
0.948643
0.948652
0.94866
0.948669
0.948678
0.948686
0.948695
0.948704
0.948712
0.948721
0.94873
0.948738
0.948747
0.948756
0.948764
0.948773
0.948781
0.94879
0.948799
0.948807
0.948816
0.948824
0.948833
0.948842
0.94885
0.948859
0.948867
0.948876
0.948884
0.948893
0.948901
0.94891
0.948919
0.948927
0.948936
0.948944
0.948953
0.948961
0.94897
0.948978
0.948987
0.948995
0.949004
0.949012
0.949021
0.949029
0.949038
0.949046
0.949055
0.949063
0.949071
0.94908
0.949088
0.949097
0.949105
0.949114
0.949122
0.949131
0.949139
0.949147
0.949156
0.949164
0.949173
0.949181
0.949189
0.949198
0.949206
0.949215
0.949223
0.949231
0.94924
0.949248
0.949256
0.949265
0.949273
0.949281
0.94929
0.949298
0.949306
0.949315
0.949323
0.949331
0.94934
0.949348
0.949356
0.949365
0.949373
0.949381
0.949389
0.949398
0.949406
0.949414
0.949423
0.949431
0.949439
0.949447
0.949456
0.949464
0.949472
0.94948
0.949488
0.949497
0.949505
0.949513
0.949521
0.94953
0.949538
0.949546
0.949554
0.949562
0.949571
0.949579
0.949587
0.949595
0.949603
0.949611
0.94962
0.949628
0.949636
0.949644
0.949652
0.94966
0.949668
0.949677
0.949685
0.949693
0.949701
0.949709
0.949717
0.949725
0.949733
0.949741
0.94975
0.949758
0.949766
0.949774
0.949782
0.94979
0.949798
0.949806
0.949814
0.949822
0.94983
0.949838
0.949846
0.949854
0.949862
0.94987
0.949878
0.949886
0.949894
0.949902
0.94991
0.949918
0.949926
0.949934
0.949942
0.94995
0.949958
0.949966
0.949974
0.949982
0.94999
0.949998
0.950006
0.950014
0.950022
0.95003
0.950038
0.950046
0.950054
0.950062
0.95007
0.950078
0.950086
0.950093
0.950101
0.950109
0.950117
0.950125
0.950133
0.950141
0.950149
0.950157
0.950164
0.950172
0.95018
0.950188
0.950196
0.950204
0.950212
0.950219
0.950227
0.950235
0.950243
0.950251
0.950259
0.950266
0.950274
0.950282
0.95029
0.950298
0.950305
0.950313
0.950321
0.950329
0.950337
0.950344
0.950352
0.95036
0.950368
0.950375
0.950383
0.950391
0.950399
0.950406
0.950414
0.950422
0.95043
0.950437
0.950445
0.950453
0.950461
0.950468
0.950476
0.950484
0.950491
0.950499
0.950507
0.950514
0.950522
0.95053
0.950538
0.950545
0.950553
0.950561
0.950568
0.950576
0.950583
0.950591
0.950599
0.950606
0.950614
0.950622
0.950629
0.950637
0.950645
0.950652
0.95066
0.950667
0.950675
0.950683
0.95069
0.950698
0.950705
0.950713
0.950721
0.950728
0.950736
0.950743
0.950751
0.950758
0.950766
0.950774
0.950781
0.950789
0.950796
0.950804
0.950811
0.950819
0.950826
0.950834
0.950841
0.950849
0.950856
0.950864
0.950871
0.950879
0.950886
0.950894
0.950901
0.950909
0.950916
0.950924
0.950931
0.950939
0.950946
0.950954
0.950961
0.950969
0.950976
0.950983
0.950991
0.950998
0.951006
0.951013
0.951021
0.951028
0.951035
0.951043
0.95105
0.951058
0.951065
0.951073
0.95108
0.951087
0.951095
0.951102
0.951109
0.951117
0.951124
0.951132
0.951139
0.951146
0.951154
0.951161
0.951168
0.951176
0.951183
0.95119
0.951198
0.951205
0.951212
0.95122
0.951227
0.951234
0.951242
0.951249
0.951256
0.951264
0.951271
0.951278
0.951285
0.951293
0.9513
0.951307
0.951315
0.951322
0.951329
0.951336
0.951344
0.951351
0.951358
0.951365
0.951373
0.95138
0.951387
0.951394
0.951402
0.951409
0.951416
0.951423
0.951431
0.951438
0.951445
0.951452
0.951459
0.951467
0.951474
0.951481
0.951488
0.951495
0.951502
0.95151
0.951517
0.951524
0.951531
0.951538
0.951545
0.951553
0.95156
0.951567
0.951574
0.951581
0.951588
0.951595
0.951603
0.95161
0.951617
0.951624
0.951631
0.951638
0.951645
0.951652
0.95166
0.951667
0.951674
0.951681
0.951688
0.951695
0.951702
0.951709
0.951716
0.951723
0.95173
0.951737
0.951744
0.951751
0.951759
0.951766
0.951773
0.95178
0.951787
0.951794
0.951801
0.951808
0.951815
0.951822
0.951829
0.951836
0.951843
0.95185
0.951857
0.951864
0.951871
0.951878
0.951885
0.951892
0.951899
0.951906
0.951913
0.95192
0.951927
0.951934
0.951941
0.951948
0.951955
0.951961
0.951968
0.951975
0.951982
0.951989
0.951996
0.952003
0.95201
0.952017
0.952024
0.952031
0.952038
0.952045
0.952051
0.952058
0.952065
0.952072
0.952079
0.952086
0.952093
0.9521
0.952107
0.952113
0.95212
0.952127
0.952134
0.952141
0.952148
0.952155
0.952161
0.952168
0.952175
0.952182
0.952189
0.952196
0.952202
0.952209
0.952216
0.952223
0.95223
0.952237
0.952243
0.95225
0.952257
0.952264
0.952271
0.952277
0.952284
0.952291
0.952298
0.952304
0.952311
0.952318
0.952325
0.952332
0.952338
0.952345
0.952352
0.952359
0.952365
0.952372
0.952379
0.952386
0.952392
0.952399
0.952406
0.952412
0.952419
0.952426
0.952433
0.952439
0.952446
0.952453
0.952459
0.952466
0.952473
0.952479
0.952486
0.952493
0.9525
0.952506
0.952513
0.95252
0.952526
0.952533
0.95254
0.952546
0.952553
0.952559
0.952566
0.952573
0.952579
0.952586
0.952593
0.952599
0.952606
0.952613
0.952619
0.952626
0.952632
0.952639
0.952646
0.952652
0.952659
0.952665
0.952672
0.952679
0.952685
0.952692
0.952698
0.952705
0.952712
0.952718
0.952725
0.952731
0.952738
0.952744
0.952751
0.952757
0.952764
0.952771
0.952777
0.952784
0.95279
0.952797
0.952803
0.95281
0.952816
0.952823
0.952829
0.952836
0.952842
0.952849
0.952855
0.952862
0.952868
0.952875
0.952881
0.952888
0.952894
0.952901
0.952907
0.952914
0.95292
0.952927
0.952933
0.95294
0.952946
0.952953
0.952959
0.952965
0.952972
0.952978
0.952985
0.952991
0.952998
0.953004
0.95301
0.953017
0.953023
0.95303
0.953036
0.953043
0.953049
0.953055
0.953062
0.953068
0.953075
0.953081
0.953087
0.953094
0.9531
0.953106
0.953113
0.953119
0.953126
0.953132
0.953138
0.953145
0.953151
0.953157
0.953164
0.95317
0.953176
0.953183
0.953189
0.953195
0.953202
0.953208
0.953214
0.953221
0.953227
0.953233
0.95324
0.953246
0.953252
0.953259
0.953265
0.953271
0.953278
0.953284
0.95329
0.953296
0.953303
0.953309
0.953315
0.953322
0.953328
0.953334
0.95334
0.953347
0.953353
0.953359
0.953365
0.953372
0.953378
0.953384
0.95339
0.953397
0.953403
0.953409
0.953415
0.953422
0.953428
0.953434
0.95344
0.953446
0.953453
0.953459
0.953465
0.953471
0.953477
0.953484
0.95349
0.953496
0.953502
0.953508
0.953515
0.953521
0.953527
0.953533
0.953539
0.953545
0.953552
0.953558
0.953564
0.95357
0.953576
0.953582
0.953589
0.953595
0.953601
0.953607
0.953613
0.953619
0.953625
0.953631
0.953638
0.953644
0.95365
0.953656
0.953662
0.953668
0.953674
0.95368
0.953686
0.953693
0.953699
0.953705
0.953711
0.953717
0.953723
0.953729
0.953735
0.953741
0.953747
0.953753
0.953759
0.953765
0.953772
0.953778
0.953784
0.95379
0.953796
0.953802
0.953808
0.953814
0.95382
0.953826
0.953832
0.953838
0.953844
0.95385
0.953856
0.953862
0.953868
0.953874
0.95388
0.953886
0.953892
0.953898
0.953904
0.95391
0.953916
0.953922
0.953928
0.953934
0.95394
0.953946
0.953952
0.953958
0.953964
0.95397
0.953976
0.953982
0.953988
0.953994
0.954
0.954006
0.954011
0.954017
0.954023
0.954029
0.954035
0.954041
0.954047
0.954053
0.954059
0.954065
0.954071
0.954077
0.954083
0.954088
0.954094
0.9541
0.954106
0.954112
0.954118
0.954124
0.95413
0.954136
0.954142
0.954147
0.954153
0.954159
0.954165
0.954171
0.954177
0.954183
0.954188
0.954194
0.9542
0.954206
0.954212
0.954218
0.954224
0.954229
0.954235
0.954241
0.954247
0.954253
0.954259
0.954264
0.95427
0.954276
0.954282
0.954288
0.954293
0.954299
0.954305
0.954311
0.954317
0.954322
0.954328
0.954334
0.95434
0.954346
0.954351
0.954357
0.954363
0.954369
0.954374
0.95438
0.954386
0.954392
0.954397
0.954403
0.954409
0.954415
0.95442
0.954426
0.954432
0.954438
0.954443
0.954449
0.954455
0.954461
0.954466
0.954472
0.954478
0.954484
0.954489
0.954495
0.954501
0.954506
0.954512
0.954518
0.954523
0.954529
0.954535
0.954541
0.954546
0.954552
0.954558
0.954563
0.954569
0.954575
0.95458
0.954586
0.954592
0.954597
0.954603
0.954609
0.954614
0.95462
0.954626
0.954631
0.954637
0.954643
0.954648
0.954654
0.954659
0.954665
0.954671
0.954676
0.954682
0.954688
0.954693
0.954699
0.954704
0.95471
0.954716
0.954721
0.954727
0.954732
0.954738
0.954744
0.954749
0.954755
0.95476
0.954766
0.954772
0.954777
0.954783
0.954788
0.954794
0.954799
0.954805
0.954811
0.954816
0.954822
0.954827
0.954833
0.954838
0.954844
0.954849
0.954855
0.954861
0.954866
0.954872
0.954877
0.954883
0.954888
0.954894
0.954899
0.954905
0.95491
0.954916
0.954921
0.954927
0.954932
0.954938
0.954943
0.954949
0.954954
0.95496
0.954965
0.954971
0.954976
0.954982
0.954987
0.954993
0.954998
0.955004
0.955009
0.955015
0.95502
0.955026
0.955031
0.955036
0.955042
0.955047
0.955053
0.955058
0.955064
0.955069
0.955075
0.95508
0.955086
0.955091
0.955096
0.955102
0.955107
0.955113
0.955118
0.955123
0.955129
0.955134
0.95514
0.955145
0.955151
0.955156
0.955161
0.955167
0.955172
0.955178
0.955183
0.955188
0.955194
0.955199
0.955204
0.95521
0.955215
0.955221
0.955226
0.955231
0.955237
0.955242
0.955247
0.955253
0.955258
0.955263
0.955269
0.955274
0.95528
0.955285
0.95529
0.955296
0.955301
0.955306
0.955312
0.955317
0.955322
0.955327
0.955333
0.955338
0.955343
0.955349
0.955354
0.955359
0.955365
0.95537
0.955375
0.955381
0.955386
0.955391
0.955396
0.955402
0.955407
0.955412
0.955418
0.955423
0.955428
0.955433
0.955439
0.955444
0.955449
0.955455
0.95546
0.955465
0.95547
0.955476
0.955481
0.955486
0.955491
0.955497
0.955502
0.955507
0.955512
0.955517
0.955523
0.955528
0.955533
0.955538
0.955544
0.955549
0.955554
0.955559
0.955565
0.95557
0.955575
0.95558
0.955585
0.955591
0.955596
0.955601
0.955606
0.955611
0.955617
0.955622
0.955627
0.955632
0.955637
0.955642
0.955648
0.955653
0.955658
0.955663
0.955668
0.955673
0.955679
0.955684
0.955689
0.955694
0.955699
0.955704
0.95571
0.955715
0.95572
0.955725
0.95573
0.955735
0.95574
0.955745
0.955751
0.955756
0.955761
0.955766
0.955771
0.955776
0.955781
0.955786
0.955792
0.955797
0.955802
0.955807
0.955812
0.955817
0.955822
0.955827
0.955832
0.955837
0.955843
0.955848
0.955853
0.955858
0.955863
0.955868
0.955873
0.955878
0.955883
0.955888
0.955893
0.955898
0.955903
0.955908
0.955913
0.955919
0.955924
0.955929
0.955934
0.955939
0.955944
0.955949
0.955954
0.955959
0.955964
0.955969
0.955974
0.955979
0.955984
0.955989
0.955994
0.955999
0.956004
0.956009
0.956014
0.956019
0.956024
0.956029
0.956034
0.956039
0.956044
0.956049
0.956054
0.956059
0.956064
0.956069
0.956074
0.956079
0.956084
0.956089
0.956094
0.956099
0.956104
0.956109
0.956114
0.956119
0.956124
0.956129
0.956134
0.956139
0.956143
0.956148
0.956153
0.956158
0.956163
0.956168
0.956173
0.956178
0.956183
0.956188
0.956193
0.956198
0.956203
0.956208
0.956213
0.956217
0.956222
0.956227
0.956232
0.956237
0.956242
0.956247
0.956252
0.956257
0.956262
0.956266
0.956271
0.956276
0.956281
0.956286
0.956291
0.956296
0.956301
0.956306
0.95631
0.956315
0.95632
0.956325
0.95633
0.956335
0.95634
0.956344
0.956349
0.956354
0.956359
0.956364
0.956369
0.956374
0.956378
0.956383
0.956388
0.956393
0.956398
0.956403
0.956407
0.956412
0.956417
0.956422
0.956427
0.956432
0.956436
0.956441
0.956446
0.956451
0.956456
0.95646
0.956465
0.95647
0.956475
0.95648
0.956484
0.956489
0.956494
0.956499
0.956504
0.956508
0.956513
0.956518
0.956523
0.956527
0.956532
0.956537
0.956542
0.956547
0.956551
0.956556
0.956561
0.956566
0.95657
0.956575
0.95658
0.956585
0.956589
0.956594
0.956599
0.956604
0.956608
0.956613
0.956618
0.956623
0.956627
0.956632
0.956637
0.956641
0.956646
0.956651
0.956656
0.95666
0.956665
0.95667
0.956674
0.956679
0.956684
0.956689
0.956693
0.956698
0.956703
0.956707
0.956712
0.956717
0.956721
0.956726
0.956731
0.956736
0.95674
0.956745
0.95675
0.956754
0.956759
0.956764
0.956768
0.956773
0.956778
0.956782
0.956787
0.956792
0.956796
0.956801
0.956806
0.95681
0.956815
0.956819
0.956824
0.956829
0.956833
0.956838
0.956843
0.956847
0.956852
0.956857
0.956861
0.956866
0.95687
0.956875
0.95688
0.956884
0.956889
0.956894
0.956898
0.956903
0.956907
0.956912
0.956917
0.956921
0.956926
0.95693
0.956935
0.95694
0.956944
0.956949
0.956953
0.956958
0.956962
0.956967
0.956972
0.956976
0.956981
0.956985
0.95699
0.956994
0.956999
0.957004
0.957008
0.957013
0.957017
0.957022
0.957026
0.957031
0.957036
0.95704
0.957045
0.957049
0.957054
0.957058
0.957063
0.957067
0.957072
0.957076
0.957081
0.957085
0.95709
0.957094
0.957099
0.957104
0.957108
0.957113
0.957117
0.957122
0.957126
0.957131
0.957135
0.95714
0.957144
0.957149
0.957153
0.957158
0.957162
0.957167
0.957171
0.957176
0.95718
0.957185
0.957189
0.957194
0.957198
0.957202
0.957207
0.957211
0.957216
0.95722
0.957225
0.957229
0.957234
0.957238
0.957243
0.957247
0.957252
0.957256
0.95726
0.957265
0.957269
0.957274
0.957278
0.957283
0.957287
0.957292
0.957296
0.9573
0.957305
0.957309
0.957314
0.957318
0.957323
0.957327
0.957331
0.957336
0.95734
0.957345
0.957349
0.957353
0.957358
0.957362
0.957367
0.957371
0.957376
0.95738
0.957384
0.957389
0.957393
0.957397
0.957402
0.957406
0.957411
0.957415
0.957419
0.957424
0.957428
0.957433
0.957437
0.957441
0.957446
0.95745
0.957454
0.957459
0.957463
0.957467
0.957472
0.957476
0.957481
0.957485
0.957489
0.957494
0.957498
0.957502
0.957507
0.957511
0.957515
0.95752
0.957524
0.957528
0.957533
0.957537
0.957541
0.957546
0.95755
0.957554
0.957559
0.957563
0.957567
0.957572
0.957576
0.95758
0.957584
0.957589
0.957593
0.957597
0.957602
0.957606
0.95761
0.957615
0.957619
0.957623
0.957627
0.957632
0.957636
0.95764
0.957645
0.957649
0.957653
0.957657
0.957662
0.957666
0.95767
0.957675
0.957679
0.957683
0.957687
0.957692
0.957696
0.9577
0.957704
0.957709
0.957713
0.957717
0.957721
0.957726
0.95773
0.957734
0.957738
0.957743
0.957747
0.957751
0.957755
0.95776
0.957764
0.957768
0.957772
0.957776
0.957781
0.957785
0.957789
0.957793
0.957798
0.957802
0.957806
0.95781
0.957814
0.957819
0.957823
0.957827
0.957831
0.957835
0.95784
0.957844
0.957848
0.957852
0.957856
0.957861
0.957865
0.957869
0.957873
0.957877
0.957882
0.957886
0.95789
0.957894
0.957898
0.957902
0.957907
0.957911
0.957915
0.957919
0.957923
0.957927
0.957932
0.957936
0.95794
0.957944
0.957948
0.957952
0.957956
0.957961
0.957965
0.957969
0.957973
0.957977
0.957981
0.957985
0.95799
0.957994
0.957998
0.958002
0.958006
0.95801
0.958014
0.958018
0.958023
0.958027
0.958031
0.958035
0.958039
0.958043
0.958047
0.958051
0.958055
0.95806
0.958064
0.958068
0.958072
0.958076
0.95808
0.958084
0.958088
0.958092
0.958096
0.958101
0.958105
0.958109
0.958113
0.958117
0.958121
0.958125
0.958129
0.958133
0.958137
0.958141
0.958145
0.958149
0.958153
0.958158
0.958162
0.958166
0.95817
0.958174
0.958178
0.958182
0.958186
0.95819
0.958194
0.958198
0.958202
0.958206
0.95821
0.958214
0.958218
0.958222
0.958226
0.95823
0.958234
0.958238
0.958242
0.958246
0.95825
0.958254
0.958259
0.958263
0.958267
0.958271
0.958275
0.958279
0.958283
0.958287
0.958291
0.958295
0.958299
0.958303
0.958307
0.958311
0.958315
0.958319
0.958323
0.958327
0.958331
0.958335
0.958339
0.958343
0.958346
0.95835
0.958354
0.958358
0.958362
0.958366
0.95837
0.958374
0.958378
0.958382
0.958386
0.95839
0.958394
0.958398
0.958402
0.958406
0.95841
0.958414
0.958418
0.958422
0.958426
0.95843
0.958434
0.958438
0.958442
0.958445
0.958449
0.958453
0.958457
0.958461
0.958465
0.958469
0.958473
0.958477
0.958481
0.958485
0.958489
0.958493
0.958497
0.9585
0.958504
0.958508
0.958512
0.958516
0.95852
0.958524
0.958528
0.958532
0.958536
0.95854
0.958543
0.958547
0.958551
0.958555
0.958559
0.958563
0.958567
0.958571
0.958575
0.958578
0.958582
0.958586
0.95859
0.958594
0.958598
0.958602
0.958606
0.958609
0.958613
0.958617
0.958621
0.958625
0.958629
0.958633
0.958636
0.95864
0.958644
0.958648
0.958652
0.958656
0.95866
0.958663
0.958667
0.958671
0.958675
0.958679
0.958683
0.958686
0.95869
0.958694
0.958698
0.958702
0.958706
0.958709
0.958713
0.958717
0.958721
0.958725
0.958729
0.958732
0.958736
0.95874
0.958744
0.958748
0.958751
0.958755
0.958759
0.958763
0.958767
0.95877
0.958774
0.958778
0.958782
0.958786
0.958789
0.958793
0.958797
0.958801
0.958805
0.958808
0.958812
0.958816
0.95882
0.958824
0.958827
0.958831
0.958835
0.958839
0.958842
0.958846
0.95885
0.958854
0.958857
0.958861
0.958865
0.958869
0.958873
0.958876
0.95888
0.958884
0.958888
0.958891
0.958895
0.958899
0.958903
0.958906
0.95891
0.958914
0.958918
0.958921
0.958925
0.958929
0.958932
0.958936
0.95894
0.958944
0.958947
0.958951
0.958955
0.958959
0.958962
0.958966
0.95897
0.958973
0.958977
0.958981
0.958985
0.958988
0.958992
0.958996
0.958999
0.959003
0.959007
0.959011
0.959014
0.959018
0.959022
0.959025
0.959029
0.959033
0.959036
0.95904
0.959044
0.959047
0.959051
0.959055
0.959058
0.959062
0.959066
0.95907
0.959073
0.959077
0.959081
0.959084
0.959088
0.959092
0.959095
0.959099
0.959103
0.959106
0.95911
0.959114
0.959117
0.959121
0.959125
0.959128
0.959132
0.959135
0.959139
0.959143
0.959146
0.95915
0.959154
0.959157
0.959161
0.959165
0.959168
0.959172
0.959176
0.959179
0.959183
0.959186
0.95919
0.959194
0.959197
0.959201
0.959205
0.959208
0.959212
0.959215
0.959219
0.959223
0.959226
0.95923
0.959233
0.959237
0.959241
0.959244
0.959248
0.959251
0.959255
0.959259
0.959262
0.959266
0.959269
0.959273
0.959277
0.95928
0.959284
0.959287
0.959291
0.959295
0.959298
0.959302
0.959305
0.959309
0.959312
0.959316
0.95932
0.959323
0.959327
0.95933
0.959334
0.959337
0.959341
0.959345
0.959348
0.959352
0.959355
0.959359
0.959362
0.959366
0.959369
0.959373
0.959377
0.95938
0.959384
0.959387
0.959391
0.959394
0.959398
0.959401
0.959405
0.959408
0.959412
0.959416
0.959419
0.959423
0.959426
0.95943
0.959433
0.959437
0.95944
0.959444
0.959447
0.959451
0.959454
0.959458
0.959461
0.959465
0.959468
0.959472
0.959475
0.959479
0.959482
0.959486
0.959489
0.959493
0.959496
0.9595
0.959503
0.959507
0.95951
0.959514
0.959517
0.959521
0.959524
0.959528
0.959531
0.959535
0.959538
0.959542
0.959545
0.959549
0.959552
0.959556
0.959559
0.959563
0.959566
0.95957
0.959573
0.959577
0.95958
0.959583
0.959587
0.95959
0.959594
0.959597
0.959601
0.959604
0.959608
0.959611
0.959615
0.959618
0.959621
0.959625
0.959628
0.959632
0.959635
0.959639
0.959642
0.959646
0.959649
0.959652
0.959656
0.959659
0.959663
0.959666
0.95967
0.959673
0.959676
0.95968
0.959683
0.959687
0.95969
0.959694
0.959697
0.9597
0.959704
0.959707
0.959711
0.959714
0.959717
0.959721
0.959724
0.959728
0.959731
0.959735
0.959738
0.959741
0.959745
0.959748
0.959752
0.959755
0.959758
0.959762
0.959765
0.959768
0.959772
0.959775
0.959779
0.959782
0.959785
0.959789
0.959792
0.959796
0.959799
0.959802
0.959806
0.959809
0.959812
0.959816
0.959819
0.959823
0.959826
0.959829
0.959833
0.959836
0.959839
0.959843
0.959846
0.959849
0.959853
0.959856
0.959859
0.959863
0.959866
0.95987
0.959873
0.959876
0.95988
0.959883
0.959886
0.95989
0.959893
0.959896
0.9599
0.959903
0.959906
0.95991
0.959913
0.959916
0.95992
0.959923
0.959926
0.95993
0.959933
0.959936
0.95994
0.959943
0.959946
0.959949
0.959953
0.959956
0.959959
0.959963
0.959966
0.959969
0.959973
0.959976
0.959979
0.959983
0.959986
0.959989
0.959992
0.959996
0.959999
0.960002
0.960006
0.960009
0.960012
0.960016
0.960019
0.960022
0.960025
0.960029
0.960032
0.960035
0.960039
0.960042
0.960045
0.960048
0.960052
0.960055
0.960058
0.960061
0.960065
0.960068
0.960071
0.960075
0.960078
0.960081
0.960084
0.960088
0.960091
0.960094
0.960097
0.960101
0.960104
0.960107
0.96011
0.960114
0.960117
0.96012
0.960123
0.960127
0.96013
0.960133
0.960136
0.96014
0.960143
0.960146
0.960149
0.960153
0.960156
0.960159
0.960162
0.960165
0.960169
0.960172
0.960175
0.960178
0.960182
0.960185
0.960188
0.960191
0.960194
0.960198
0.960201
0.960204
0.960207
0.960211
0.960214
0.960217
0.96022
0.960223
0.960227
0.96023
0.960233
0.960236
0.960239
0.960243
0.960246
0.960249
0.960252
0.960255
0.960259
0.960262
0.960265
0.960268
0.960271
0.960274
0.960278
0.960281
0.960284
0.960287
0.96029
0.960294
0.960297
0.9603
0.960303
0.960306
0.960309
0.960313
0.960316
0.960319
0.960322
0.960325
0.960328
0.960332
0.960335
0.960338
0.960341
0.960344
0.960347
0.960351
0.960354
0.960357
0.96036
0.960363
0.960366
0.960369
0.960373
0.960376
0.960379
0.960382
0.960385
0.960388
0.960391
0.960395
0.960398
0.960401
0.960404
0.960407
0.96041
0.960413
0.960417
0.96042
0.960423
0.960426
0.960429
0.960432
0.960435
0.960438
0.960442
0.960445
0.960448
0.960451
0.960454
0.960457
0.96046
0.960463
0.960466
0.96047
0.960473
0.960476
0.960479
0.960482
0.960485
0.960488
0.960491
0.960494
0.960497
0.960501
0.960504
0.960507
0.96051
0.960513
0.960516
0.960519
0.960522
0.960525
0.960528
0.960531
0.960535
0.960538
0.960541
0.960544
0.960547
0.96055
0.960553
0.960556
0.960559
0.960562
0.960565
0.960568
0.960571
0.960574
0.960578
0.960581
0.960584
0.960587
0.96059
0.960593
0.960596
0.960599
0.960602
0.960605
0.960608
0.960611
0.960614
0.960617
0.96062
0.960623
0.960626
0.960629
0.960633
0.960636
0.960639
0.960642
0.960645
0.960648
0.960651
0.960654
0.960657
0.96066
0.960663
0.960666
0.960669
0.960672
0.960675
0.960678
