0.001
0.0226179
0.0461331
0.0698116
0.0928454
0.114901
0.135889
0.155844
0.174852
0.19301
0.210418
0.227159
0.243308
0.258925
0.274057
0.288746
0.303023
0.316914
0.330443
0.343627
0.356481
0.369021
0.381258
0.393202
0.404864
0.416254
0.427379
0.438247
0.448867
0.459246
0.469391
0.479307
0.489002
0.498482
0.507752
0.516818
0.525685
0.53436
0.542846
0.551149
0.559273
0.567223
0.575003
0.582618
0.590072
0.597367
0.60451
0.611502
0.618348
0.625051
0.631615
0.638042
0.644336
0.6505
0.656538
0.662451
0.668243
0.673916
0.679473
0.684917
0.69025
0.695475
0.700594
0.705609
0.710522
0.715337
0.720054
0.724676
0.729205
0.733643
0.737992
0.742254
0.746431
0.750524
0.754535
0.758466
0.762318
0.766094
0.769794
0.773421
0.776976
0.78046
0.783875
0.787222
0.790502
0.793718
0.79687
0.799959
0.802987
0.805956
0.808865
0.811717
0.814513
0.817253
0.81994
0.822573
0.825154
0.827685
0.830165
0.832597
0.834981
0.837317
0.839608
0.841854
0.844055
0.846213
0.848329
0.850403
0.852436
0.854429
0.856383
0.858299
0.860177
0.862018
0.863823
0.865592
0.867327
0.869028
0.870695
0.872329
0.873932
0.875503
0.877043
0.878553
0.880033
0.881484
0.882907
0.884302
0.885669
0.88701
0.888324
0.889613
0.890876
0.892115
0.893329
0.89452
0.895687
0.896831
0.897953
0.899053
0.900131
0.901188
0.902225
0.903241
0.904237
0.905214
0.906171
0.90711
0.908031
0.908933
0.909818
0.910685
0.911535
0.912369
0.913187
0.913988
0.914774
0.915544
0.916299
0.91704
0.917766
0.918477
0.919175
0.919859
0.92053
0.921188
0.921832
0.922465
0.923084
0.923692
0.924288
0.924872
0.925444
0.926006
0.926556
0.927096
0.927625
0.928143
0.928652
0.929151
0.929639
0.930119
0.930589
0.931049
0.931501
0.931944
0.932378
0.932804
0.933221
0.93363
0.934031
0.934425
0.93481
0.935188
0.935559
0.935922
0.936279
0.936628
0.936971
0.937306
0.937636
0.937958
0.938275
0.938585
0.938889
0.939188
0.93948
0.939767
0.940048
0.940323
0.940593
0.940858
0.941118
0.941373
0.941622
0.941867
0.942107
0.942342
0.942573
0.942799
0.943021
0.943238
0.943451
0.94366
0.943865
0.944066
0.944263
0.944456
0.944645
0.944831
0.945013
0.945191
0.945366
0.945538
0.945706
0.945871
0.946033
0.946191
0.946346
0.946499
0.946648
0.946794
0.946938
0.947079
0.947217
0.947352
0.947485
0.947615
0.947742
0.947867
0.94799
0.94811
0.948228
0.948343
0.948457
0.948568
0.948676
0.948783
0.948888
0.94899
0.949091
0.94919
0.949286
0.949381
0.949474
0.949565
0.949655
0.949742
0.949828
0.949912
0.949995
0.950076
0.950155
0.950233
0.950309
0.950384
0.950457
0.950529
0.9506
0.950669
0.950737
0.950803
0.950868
0.950932
0.950995
0.951056
0.951116
0.951175
0.951233
0.95129
0.951345
0.9514
0.951453
0.951506
0.951557
0.951607
0.951657
0.951705
0.951753
0.951799
0.951845
0.95189
0.951933
0.951977
0.952019
0.95206
0.952101
0.95214
0.952179
0.952217
0.952255
0.952292
0.952328
0.952363
0.952398
0.952431
0.952465
0.952497
0.952529
0.952561
0.952591
0.952622
0.952651
0.95268
0.952709
0.952736
0.952764
0.95279
0.952817
0.952842
0.952868
0.952892
0.952917
0.95294
0.952964
0.952987
0.953009
0.953031
0.953052
0.953074
0.953094
0.953115
0.953135
0.953154
0.953173
0.953192
0.95321
0.953228
0.953246
0.953263
0.95328
0.953297
0.953313
0.953329
0.953345
0.95336
0.953376
0.95339
0.953405
0.953419
0.953433
0.953447
0.95346
0.953473
0.953486
0.953499
0.953511
0.953523
0.953535
0.953547
0.953558
0.95357
0.953581
0.953591
0.953602
0.953612
0.953622
0.953632
0.953642
0.953652
0.953661
0.95367
0.953679
0.953688
0.953697
0.953705
0.953714
0.953722
0.95373
0.953738
0.953746
0.953753
0.953761
0.953768
0.953775
0.953782
0.953789
0.953795
0.953802
0.953809
0.953815
0.953821
0.953827
0.953833
0.953839
0.953845
0.95385
0.953856
0.953861
0.953867
0.953872
0.953877
0.953882
0.953887
0.953891
0.953896
0.953901
0.953905
0.95391
0.953914
0.953918
0.953923
0.953927
0.953931
0.953935
0.953938
0.953942
0.953946
0.95395
0.953953
0.953957
0.95396
0.953963
0.953967
0.95397
0.953973
0.953976
0.953979
0.953982
0.953985
0.953988
0.953991
0.953994
0.953996
0.953999
0.954002
0.954004
0.954007
0.954009
0.954012
0.954014
0.954016
0.954018
0.954021
0.954023
0.954025
0.954027
0.954029
0.954031
0.954033
0.954035
0.954037
0.954039
0.954041
0.954042
0.954044
0.954046
0.954048
0.954049
0.954051
0.954052
0.954054
0.954056
0.954057
0.954058
0.95406
0.954061
0.954063
0.954064
0.954065
0.954067
0.954068
0.954069
0.95407
0.954072
0.954073
0.954074
0.954075
0.954076
0.954077
0.954078
0.954079
0.95408
0.954082
0.954082
0.954083
0.954084
0.954085
0.954086
0.954087
0.954088
0.954089
0.95409
0.954091
0.954091
0.954092
0.954093
0.954094
0.954094
0.954095
0.954096
0.954097
0.954097
0.954098
0.954099
0.954099
0.9541
0.954101
0.954101
0.954102
0.954102
0.954103
0.954104
0.954104
0.954105
0.954105
0.954106
0.954106
0.954107
0.954107
0.954108
0.954108
0.954109
0.954109
0.95411
0.95411
0.95411
0.954111
0.954111
0.954112
0.954112
0.954112
0.954113
0.954113
0.954114
0.954114
0.954114
0.954115
0.954115
0.954115
0.954116
0.954116
0.954116
0.954117
0.954117
0.954117
0.954117
0.954118
0.954118
0.954118
0.954119
0.954119
0.954119
0.954119
0.95412
0.95412
0.95412
0.95412
0.954121
0.954121
0.954121
0.954121
0.954121
0.954122
0.954122
0.954122
0.954122
0.954122
0.954123
0.954123
0.954123
0.954123
0.954123
0.954123
0.954124
0.954124
0.954124
0.954124
0.954124
0.954124
0.954125
0.954125
0.954125
0.954125
0.954125
0.954125
0.954125
0.954126
0.954126
0.954126
0.954126
0.954126
0.954126
0.954126
0.954126
0.954126
0.954127
0.954127
0.954127
0.954127
0.954127
0.954127
0.954127
0.954127
0.954127
0.954127
0.954128
0.954128
0.954128
0.954128
0.954128
0.954128
0.954128
0.954128
0.954128
0.954128
0.954128
0.954128
0.954128
0.954129
0.954129
0.954129
0.954129
0.954129
0.954129
0.954129
0.954129
0.954129
0.954129
0.954129
0.954129
0.954129
0.954129
0.954129
0.954129
0.954129
0.95413
0.95413
0.95413
0.95413
0.95413
0.95413
0.95413
0.95413
0.95413
0.95413
0.95413
0.95413
0.95413
0.95413
0.95413
0.95413
0.95413
0.95413
0.95413
0.95413
0.95413
0.95413
0.95413
0.95413
0.95413
0.954131
0.954131
0.954131
0.954131
0.954131
0.954131
0.954131
0.954131
0.954131
0.954131
0.954131
0.954131
0.954131
0.954131
0.954131
0.954131
0.954131
0.954131
0.954131
0.954131
0.954131
0.954131
0.954131
0.954131
0.954131
0.954131
0.954131
0.954131
0.954131
0.954131
0.954131
0.954131
0.954131
0.954131
0.954131
0.954131
0.954131
0.954131
0.954131
0.954131
0.954131
0.954131
0.954131
0.954131
0.954131
0.954131
0.954131
0.954131
0.954131
0.954131
0.954131
0.954131
0.954131
0.954131
0.954131
0.954131
0.954132
0.954132
0.954132
0.954132
0.954132
0.954132
0.954132
0.954132
0.954132
0.954132
0.954132
0.954132
0.954132
0.954132
0.954132
0.954132
0.954132
0.954132
0.954132
0.954132
0.954132
0.954132
0.954132
0.954132
0.954132
0.954132
0.954132
0.954132
0.954132
0.954132
0.954132
0.954132
0.954132
0.954132
0.954132
0.954132
0.954132
0.954132
0.954132
0.954132
0.954132
0.954132
0.954132
0.954132
0.954132
0.954132
0.954132
0.954132
0.954132
0.954132
0.954132
0.954132
0.954132
0.954132
0.954132
0.954132
0.954132
0.954132
0.954132
0.954132
0.954132
0.954132
0.954132
0.954132
0.954132
0.954132
0.954132
0.954132
0.954132
0.954132
0.954132
0.954132
0.954132
0.954132
0.954132
0.954132
0.954132
0.954132
0.954132
0.954132
0.954132
0.954132
0.954132
0.954132
0.954132
0.954132
0.954132
0.954132
0.954132
0.954132
0.954132
0.954132
0.954132
0.954132
0.954132
0.954132
0.954132
0.954132
0.954132
0.954132
0.954132
0.954132
0.954132
0.954132
0.954132
0.954132
0.954132
0.954132
0.954132
0.954132
0.954132
0.954132
0.954132
0.954132
0.954132
0.954132
0.954132
0.954132
0.954132
0.954132
0.954132
0.954132
0.954132
0.954132
0.954132
0.954132
0.954132
0.954132
0.954132
0.954132
0.954132
0.954132
0.954132
0.954132
0.954132
0.954132
0.954132
0.954132
0.954132
0.954132
0.954132
0.954132
0.954132
0.954132
0.954132
0.954132
0.954132
0.954132
0.954132
0.954132
0.954132
0.954132
0.954132
0.954132
0.954132
0.954132
0.954132
0.954132
0.954132
0.954132
0.954132
0.954132
0.954132
0.954132
0.954132
0.954132
0.954132
0.954132
0.954132
0.954132
0.954132
0.954132
0.954132
0.954132
0.954132
0.954132
0.954132
0.954132
0.954132
0.954132
0.954132
0.954132
0.954132
0.954132
0.954132
0.954132
0.954132
0.954132
0.954132
0.954132
0.954132
0.954132
0.954132
0.954132
0.954132
0.954132
0.954132
0.954132
0.954132
0.954132
0.954132
0.954132
0.954132
0.954132
0.954132
0.954132
0.954132
0.954132
0.954132
0.954132
0.954132
0.954132
0.954132
0.954132
0.954132
0.954132
0.954132
0.954132
0.954132
0.954132
0.954132
0.954132
0.954132
0.954132
0.954132
0.954132
0.954132
0.954132
0.954132
0.954132
0.954132
0.954132
0.954132
0.954132
0.954132
0.954132
0.954132
0.954132
0.954132
0.954132
0.954132
0.954132
0.954132
0.954132
0.954132
0.954132
0.954132
0.954132
0.954132
0.954132
0.954132
0.954132
0.954132
0.954132
0.954132
0.954132
0.954132
0.954132
0.954132
0.954132
0.954132
0.954132
0.954132
0.954132
0.954132
0.954132
0.954132
0.954132
0.954132
0.954132
0.954132
0.954132
0.954132
0.954132
0.954132
0.954132
0.954132
0.954132
0.954132
0.954132
0.954132
0.954132
0.954132
0.954132
0.954132
0.954132
0.954132
0.954132
0.954132
0.954132
0.954132
0.954132
0.954132
0.954132
0.954132
0.954132
0.954132
0.954132
0.954132
0.954132
0.954132
0.954132
0.954132
0.954132
0.954132
0.954132
0.954132
0.954132
0.954132
0.954132
0.954132
0.954132
0.954132
0.954132
0.954132
0.954132
0.954132
0.954132
0.954132
0.954132
0.954132
0.954132
0.954132
0.954132
0.954132
0.954132
0.954132
0.954132
0.954132
0.954132
0.954132
0.954132
0.954132
0.954132
0.954132
0.954132
0.954132
0.954132
0.954132
0.954132
0.954132
0.954132
0.954132
0.954132
0.954132
0.954132
0.954132
0.954132
0.954132
0.954132
0.954132
0.954132
0.954132
0.954132
0.954132
0.954132
0.954132
0.954132
0.954132
0.954132
0.954132
0.954132
0.954132
0.954132
0.954132
0.954132
0.954132
0.954132
0.954132
0.954132
0.954132
0.954132
0.954132
0.954132
0.954132
0.954132
0.954132
0.954132
0.954132
0.954132
0.954132
0.954132
0.954132
0.954132
0.954132
0.954132
0.954132
0.954132
0.954132
0.954132
0.954132
0.954132
0.954132
0.954132
0.954132
0.954132
0.954132
0.954132
0.954132
0.954132
0.954132
0.954132
0.954132
0.954132
0.954132
0.954132
0.954132
0.954132
0.954132
0.954132
0.954132
0.954132
0.954132
0.954132
0.954132
0.954132
0.954132
0.954132
0.954132
0.954132
0.954132
0.954132
0.954132
0.954132
0.954132
0.954132
0.954132
0.954132
0.954132
0.954132
0.954132
0.954132
0.954132
0.954132
0.954132
0.954132
0.954132
0.954132
0.954132
0.954132
0.954132
0.954132
0.954132
0.954132
0.954132
0.954132
0.954132
0.954132
0.954132
0.954132
0.954132
0.954132
0.954132
0.954132
0.954132
0.954132
0.954132
0.954132
0.954132
0.954132
0.954132
0.954132
0.954132
0.954132
0.954132
0.954132
0.954132
0.954132
0.954132
0.954132
0.954132
0.954132
0.954132
0.954132
0.954132
0.954132
0.954132
0.954132
0.954132
0.954132
0.954132
0.954132
0.954132
0.954132
0.954132
0.954132
0.954132
0.954132
0.954132
0.954132
0.954132
0.954132
0.954132
0.954132
0.954132
0.954132
0.954132
0.954132
0.954132
0.954132
0.954132
0.954132
0.954132
0.954132
0.954132
0.954132
0.954132
0.954132
0.954132
0.954132
0.954132
0.954132
0.954132
0.954132
0.954132
0.954132
0.954132
0.954132
0.954132
0.954132
0.954132
0.954132
0.954132
0.954132
0.954132
0.954132
0.954132
0.954132
0.954132
0.954132
0.954132
0.954132
0.954132
0.954132
0.954132
0.954132
0.954132
0.954132
0.954132
0.954132
0.954132
0.954132
0.954132
0.954132
0.954132
0.954132
0.954132
0.954132
0.954132
0.954132
0.954132
0.954132
0.954132
0.954132
0.954132
0.954132
0.954132
0.954132
0.954132
0.954132
0.954132
0.954132
0.954132
0.954132
0.954132
0.954132
0.954132
0.954132
0.954132
0.954132
0.954132
0.954132
0.954132
0.954132
0.954132
0.954132
0.954132
0.954132
0.954132
0.954132
0.954132
0.954132
0.954132
0.954132
0.954132
0.954132
0.954132
0.954132
0.954132
0.954132
0.954132
0.954132
0.954132
0.954132
0.954132
0.954132
0.954132
0.954132
0.954132
0.954132
0.954132
0.954132
0.954132
0.954132
0.954132
0.954132
0.954132
0.954132
0.954132
0.954132
0.954132
0.954132
0.954132
0.954132
0.954132
0.954132
0.954132
0.954132
0.954132
0.954132
0.954132
0.954132
0.954132
0.954132
0.954132
0.954132
0.954132
0.954132
0.954132
0.954132
0.954132
0.954132
0.954132
0.954132
0.954132
0.954132
0.954132
0.954132
0.954132
0.954132
0.954132
0.954132
0.954132
0.954132
0.954132
0.954132
0.954132
0.954132
0.954132
0.954132
0.954132
0.954132
0.954132
0.954132
0.954132
0.954132
0.954132
0.954132
0.954132
0.954132
0.954132
0.954132
0.954132
0.954132
0.954132
0.954132
0.954132
0.954132
0.954132
0.954132
0.954132
0.954132
0.954132
0.954132
0.954132
0.954132
0.954132
0.954132
0.954132
0.954132
0.954132
0.954132
0.954132
0.954132
0.954132
0.954132
0.954132
0.954132
0.954132
0.954132
0.954132
0.954132
0.954132
0.954132
0.954132
0.954132
0.954132
0.954132
0.954132
0.954132
0.954132
0.954132
0.954132
0.954132
0.954132
0.954132
0.954132
0.954132
0.954132
0.954132
0.954132
0.954132
0.954132
0.954132
0.954132
0.954132
0.954132
0.954132
0.954132
0.954132
0.954132
0.954132
0.954132
0.954132
0.954132
0.954132
0.954132
0.954132
0.954132
0.954132
0.954132
0.954132
0.954132
0.954132
0.954132
0.954132
0.954132
0.954132
0.954132
0.954132
0.954132
0.954132
0.954132
0.954132
0.954132
0.954132
0.954132
0.954132
0.954132
0.954132
0.954132
0.954132
0.954132
0.954132
0.954132
0.954132
0.954132
0.954132
0.954132
0.954132
0.954132
0.954132
0.954132
0.954132
0.954132
0.954132
0.954132
0.954132
0.954132
0.954132
0.954132
0.954132
0.954132
0.954132
0.954132
0.954132
0.954132
0.954132
0.954132
0.954132
0.954132
0.954132
0.954132
0.954132
0.954132
0.954132
0.954132
0.954132
0.954132
0.954132
0.954132
0.954132
0.954132
0.954132
0.954132
0.954132
0.954132
0.954132
0.954132
0.954132
0.954132
0.954132
0.954132
0.954132
0.954132
0.954132
0.954132
0.954132
0.954132
0.954132
0.954132
0.954132
0.954132
0.954132
0.954132
0.954132
0.954132
0.954132
0.954132
0.954132
0.954132
0.954132
0.954132
0.954132
0.954132
0.954132
0.954132
0.954132
0.954132
0.954132
0.954132
0.954132
0.954132
0.954132
0.954132
0.954132
0.954132
0.954132
0.954132
0.954132
0.954132
0.954132
0.954132
0.954132
0.954132
0.954132
0.954132
0.954132
0.954132
0.954132
0.954132
0.954132
0.954132
0.954132
0.954132
0.954132
0.954132
0.954132
0.954132
0.954132
0.954132
0.954132
0.954132
0.954132
0.954132
0.954132
0.954132
0.954132
0.954132
0.954132
0.954132
0.954132
0.954132
0.954132
0.954132
0.954132
0.954132
0.954132
0.954132
0.954132
0.954132
0.954132
0.954132
0.954132
0.954132
0.954132
0.954132
0.954132
0.954132
0.954132
0.954132
0.954132
0.954132
0.954132
0.954132
0.954132
0.954132
0.954132
0.954132
0.954132
0.954132
0.954132
0.954132
0.954132
0.954132
0.954132
0.954132
0.954132
0.954132
0.954132
0.954132
0.954132
0.954132
0.954132
0.954132
0.954132
0.954132
0.954132
0.954132
0.954132
0.954132
0.954132
0.954132
0.954132
0.954132
0.954132
0.954132
0.954132
0.954132
0.954132
0.954132
0.954132
0.954132
0.954132
0.954132
0.954132
0.954132
0.954132
0.954132
0.954132
0.954132
0.954132
0.954132
0.954132
0.954132
0.954132
0.954132
0.954132
0.954132
0.954132
0.954132
0.954132
0.954132
0.954132
0.954132
0.954132
0.954132
0.954132
0.954132
0.954132
0.954132
0.954132
0.954132
0.954132
0.954132
0.954132
0.954132
0.954132
0.954132
0.954132
0.954132
0.954132
0.954132
0.954132
0.954132
0.954132
0.954132
0.954132
0.954132
0.954132
0.954132
0.954132
0.954132
0.954132
0.954132
0.954132
0.954132
0.954132
0.954132
0.954132
0.954132
0.954132
0.954132
0.954132
0.954132
0.954132
0.954132
0.954132
0.954132
0.954132
0.954132
0.954132
0.954132
0.954132
0.954132
0.954132
0.954132
0.954132
0.954132
0.954132
0.954132
0.954132
0.954132
0.954132
0.954132
0.954132
0.954132
0.954132
0.954132
0.954132
0.954132
0.954132
0.954132
0.954132
0.954132
0.954132
0.954132
0.954132
0.954132
0.954132
0.954132
0.954132
0.954132
0.954132
0.954132
0.954132
0.954132
0.954132
0.954132
0.954132
0.954132
0.954132
0.954132
0.954132
0.954132
0.954132
0.954132
0.954132
0.954132
0.954132
0.954132
0.954132
0.954132
0.954132
0.954132
0.954132
0.954132
0.954132
0.954132
0.954132
0.954132
0.954132
0.954132
0.954132
0.954132
0.954132
0.954132
0.954132
0.954132
0.954132
0.954132
0.954132
0.954132
0.954132
0.954132
0.954132
0.954132
0.954132
0.954132
0.954132
0.954132
0.954132
0.954132
0.954132
0.954132
0.954132
0.954132
0.954132
0.954132
0.954132
0.954132
0.954132
0.954132
0.954132
0.954132
0.954132
0.954132
0.954132
0.954132
0.954132
0.954132
0.954132
0.954132
0.954132
0.954132
0.954132
0.954132
0.954132
0.954132
0.954132
0.954132
0.954132
0.954132
0.954132
0.954132
0.954132
0.954132
0.954132
0.954132
0.954132
0.954132
0.954132
0.954132
0.954132
0.954132
0.954132
0.954132
0.954132
0.954132
0.954132
0.954132
0.954132
0.954132
0.954132
0.954132
0.954132
0.954132
0.954132
0.954132
0.954132
0.954132
0.954132
0.954132
0.954132
0.954132
0.954132
0.954132
0.954132
0.954132
0.954132
0.954132
0.954132
0.954132
0.954132
0.954132
0.954132
0.954132
0.954132
0.954132
0.954132
0.954132
0.954132
0.954132
0.954132
0.954132
0.954132
0.954132
0.954132
0.954132
0.954132
0.954132
0.954132
0.954132
0.954132
0.954132
0.954132
0.954132
0.954132
0.954132
0.954132
0.954132
0.954132
0.954132
0.954132
0.954132
0.954132
0.954132
0.954132
0.954132
0.954132
0.954132
0.954132
0.954132
0.954132
0.954132
0.954132
0.954132
0.954132
0.954132
0.954132
0.954132
0.954132
0.954132
0.954132
0.954132
0.954132
0.954132
0.954132
0.954132
0.954132
0.954132
0.954132
0.954132
0.954132
0.954132
0.954132
0.954132
0.954132
0.954132
0.954132
0.954132
0.954132
0.954132
0.954132
0.954132
0.954132
0.954132
0.954132
0.954132
0.954132
0.954132
0.954132
0.954132
0.954132
0.954132
0.954132
0.954132
0.954132
0.954132
0.954132
0.954132
0.954132
0.954132
0.954132
0.954132
0.954132
0.954132
0.954132
0.954132
0.954132
0.954132
0.954132
0.954132
0.954132
0.954132
0.954132
0.954132
0.954132
0.954132
0.954132
0.954132
0.954132
0.954132
0.954132
0.954132
0.954132
0.954132
0.954132
0.954132
0.954132
0.954132
0.954132
0.954132
0.954132
0.954132
0.954132
0.954132
0.954132
0.954132
0.954132
0.954132
0.954132
0.954132
0.954132
0.954132
0.954132
0.954132
0.954132
0.954132
0.954132
0.954132
0.954132
0.954132
0.954132
0.954132
0.954132
0.954132
0.954132
0.954132
0.954132
0.954132
0.954132
0.954132
0.954132
0.954132
0.954132
0.954132
0.954132
0.954132
0.954132
0.954132
0.954132
0.954132
0.954132
0.954132
0.954132
0.954132
0.954132
0.954132
0.954132
0.954132
0.954132
0.954132
0.954132
0.954132
0.954132
0.954132
0.954132
0.954132
0.954132
0.954132
0.954132
0.954132
0.954132
0.954132
0.954132
0.954132
0.954132
0.954132
0.954132
0.954132
0.954132
0.954132
0.954132
0.954132
0.954132
0.954132
0.954132
0.954132
0.954132
0.954132
0.954132
0.954132
0.954132
0.954132
0.954132
0.954132
0.954132
0.954132
0.954132
0.954132
0.954132
0.954132
0.954132
0.954132
0.954132
0.954132
0.954132
0.954132
0.954132
0.954132
0.954132
0.954132
0.954132
0.954132
0.954132
0.954132
0.954132
0.954132
0.954132
0.954132
0.954132
0.954132
0.954132
0.954132
0.954132
0.954132
0.954132
0.954132
0.954132
0.954132
0.954132
0.954132
0.954132
0.954132
0.954132
0.954132
0.954132
0.954132
0.954132
0.954132
0.954132
0.954132
0.954132
0.954132
0.954132
0.954132
0.954132
0.954132
0.954132
0.954132
0.954132
0.954132
0.954132
0.954132
0.954132
0.954132
0.954132
0.954132
0.954132
0.954132
0.954132
0.954132
0.954132
0.954132
0.954132
0.954132
0.954132
0.954132
0.954132
0.954132
0.954132
0.954132
0.954132
0.954132
0.954132
0.954132
0.954132
0.954132
0.954132
0.954132
0.954132
0.954132
0.954132
0.954132
0.954132
0.954132
0.954132
0.954132
0.954132
0.954132
0.954132
0.954132
0.954132
0.954132
0.954132
0.954132
0.954132
0.954132
0.954132
0.954132
0.954132
0.954132
0.954132
0.954132
0.954132
0.954132
0.954132
0.954132
0.954132
0.954132
0.954132
0.954132
0.954132
0.954132
0.954132
0.954132
0.954132
0.954132
0.954132
0.954132
0.954132
0.954132
0.954132
0.954132
0.954132
0.954132
0.954132
0.954132
0.954132
0.954132
0.954132
0.954132
0.954132
0.954132
0.954132
0.954132
0.954132
0.954132
0.954132
0.954132
0.954132
0.954132
0.954132
0.954132
0.954132
0.954132
0.954132
0.954132
0.954132
0.954132
0.954132
0.954132
0.954132
0.954132
0.954132
0.954132
0.954132
0.954132
0.954132
0.954132
0.954132
0.954132
0.954132
0.954132
0.954132
0.954132
0.954132
0.954132
0.954132
0.954132
0.954132
0.954132
0.954132
0.954132
0.954132
0.954132
0.954132
0.954132
0.954132
0.954132
0.954132
0.954132
0.954132
0.954132
0.954132
0.954132
0.954132
0.954132
0.954132
0.954132
0.954132
0.954132
0.954132
0.954132
0.954132
0.954132
0.954132
0.954132
0.954132
0.954132
0.954132
0.954132
0.954132
0.954132
0.954132
0.954132
0.954132
0.954132
0.954132
0.954132
0.954132
0.954132
0.954132
0.954132
0.954132
0.954132
0.954132
0.954132
0.954132
0.954132
0.954132
0.954132
0.954132
0.954132
0.954132
0.954132
0.954132
0.954132
0.954132
0.954132
0.954132
0.954132
0.954132
0.954132
0.954132
0.954132
0.954132
0.954132
0.954132
0.954132
0.954132
0.954132
0.954132
0.954132
0.954132
0.954132
0.954132
0.954132
0.954132
0.954132
0.954132
0.954132
0.954132
0.954132
0.954132
0.954132
0.954132
0.954132
0.954132
0.954132
0.954132
0.954132
0.954132
0.954132
0.954132
0.954132
0.954132
0.954132
0.954132
0.954132
0.954132
0.954132
0.954132
0.954132
0.954132
0.954132
0.954132
0.954132
0.954132
0.954132
0.954132
0.954132
0.954132
0.954132
0.954132
0.954132
0.954132
0.954132
0.954132
0.954132
0.954132
0.954132
0.954132
0.954132
0.954132
0.954132
0.954132
0.954132
0.954132
0.954132
0.954132
0.954132
0.954132
0.954132
0.954132
0.954132
0.954132
0.954132
0.954132
0.954132
0.954132
0.954132
0.954132
0.954132
0.954132
0.954132
0.954132
0.954132
0.954132
0.954132
0.954132
0.954132
0.954132
0.954132
0.954132
0.954132
0.954132
0.954132
0.954132
0.954132
0.954132
0.954132
0.954132
0.954132
0.954132
0.954132
0.954132
0.954132
0.954132
0.954132
0.954132
0.954132
0.954132
0.954132
0.954132
0.954132
0.954132
0.954132
0.954132
0.954132
0.954132
0.954132
0.954132
0.954132
0.954132
0.954132
0.954132
0.954132
0.954132
0.954132
0.954132
0.954132
0.954132
0.954132
0.954132
0.954132
0.954132
0.954132
0.954132
0.954132
0.954132
0.954132
0.954132
0.954132
0.954132
0.954132
0.954132
0.954132
0.954132
0.954132
0.954132
0.954132
0.954132
0.954132
0.954132
0.954132
0.954132
0.954132
0.954132
0.954132
0.954132
0.954132
0.954132
0.954132
0.954132
0.954132
0.954132
0.954132
0.954132
0.954132
0.954132
0.954132
0.954132
0.954132
0.954132
0.954132
0.954132
0.954132
0.954132
0.954132
0.954132
0.954132
0.954132
0.954132
0.954132
0.954132
0.954132
0.954132
0.954132
0.954132
0.954132
0.954132
0.954132
0.954132
0.954132
0.954132
0.954132
0.954132
0.954132
0.954132
0.954132
0.954132
0.954132
0.954132
0.954132
0.954132
0.954132
0.954132
0.954132
0.954132
0.954132
0.954132
0.954132
0.954132
0.954132
0.954132
0.954132
0.954132
0.954132
0.954132
0.954132
0.954132
0.954132
0.954132
0.954132
0.954132
0.954132
0.954132
0.954132
0.954132
0.954132
0.954132
0.954132
0.954132
0.954132
0.954132
0.954132
0.954132
0.954132
0.954132
0.954132
0.954132
0.954132
0.954132
0.954132
0.954132
0.954132
0.954132
0.954132
0.954132
0.954132
0.954132
0.954132
0.954132
0.954132
0.954132
0.954132
0.954132
0.954132
0.954132
0.954132
0.954132
0.954132
0.954132
0.954132
0.954132
0.954132
0.954132
0.954132
0.954132
0.954132
0.954132
0.954132
0.954132
0.954132
0.954132
0.954132
0.954132
0.954132
0.954132
0.954132
0.954132
0.954132
0.954132
0.954132
0.954132
0.954132
0.954132
0.954132
0.954132
0.954132
0.954132
0.954132
0.954132
0.954132
0.954132
0.954132
0.954132
0.954132
0.954132
0.954132
0.954132
0.954132
0.954132
0.954132
0.954132
0.954132
0.954132
0.954132
0.954132
0.954132
0.954132
0.954132
0.954132
0.954132
0.954132
0.954132
0.954132
0.954132
0.954132
0.954132
0.954132
0.954132
0.954132
0.954132
0.954132
0.954132
0.954132
0.954132
0.954132
0.954132
0.954132
0.954132
0.954132
0.954132
0.954132
0.954132
0.954132
0.954132
0.954132
0.954132
0.954132
0.954132
0.954132
0.954132
0.954132
0.954132
0.954132
0.954132
0.954132
0.954132
0.954132
0.954132
0.954132
0.954132
0.954132
0.954132
0.954132
0.954132
0.954132
0.954132
0.954132
0.954132
0.954132
0.954132
0.954132
0.954132
0.954132
0.954132
0.954132
0.954132
0.954132
0.954132
0.954132
0.954132
0.954132
0.954132
0.954132
0.954132
0.954132
0.954132
0.954132
0.954132
0.954132
0.954132
0.954132
0.954132
0.954132
0.954132
0.954132
0.954132
0.954132
0.954132
0.954132
0.954132
0.954132
0.954132
0.954132
0.954132
0.954132
0.954132
0.954132
0.954132
0.954132
0.954132
0.954132
0.954132
0.954132
0.954132
0.954132
0.954132
0.954132
0.954132
0.954132
0.954132
0.954132
0.954132
0.954132
0.954132
0.954132
0.954132
0.954132
0.954132
0.954132
0.954132
0.954132
0.954132
0.954132
0.954132
0.954132
0.954132
0.954132
0.954132
0.954132
0.954132
0.954132
0.954132
0.954132
0.954132
0.954132
0.954132
0.954132
0.954132
0.954132
0.954132
0.954132
0.954132
0.954132
0.954132
0.954132
0.954132
0.954132
0.954132
0.954132
0.954132
0.954132
0.954132
0.954132
0.954132
0.954132
0.954132
0.954132
0.954132
0.954132
0.954132
0.954132
0.954132
0.954132
0.954132
0.954132
0.954132
0.954132
0.954132
0.954132
0.954132
0.954132
0.954132
0.954132
0.954132
0.954132
0.954132
0.954132
0.954132
0.954132
0.954132
0.954132
0.954132
0.954132
0.954132
0.954132
0.954132
0.954132
0.954132
0.954132
0.954132
0.954132
0.954132
0.954132
0.954132
0.954132
0.954132
0.954132
0.954132
0.954132
0.954132
0.954132
0.954132
0.954132
0.954132
0.954132
0.954132
0.954132
0.954132
0.954132
0.954132
0.954132
0.954132
0.954132
0.954132
0.954132
0.954132
0.954132
0.954132
0.954132
0.954132
0.954132
0.954132
0.954132
0.954132
0.954132
0.954132
0.954132
0.954132
0.954132
0.954132
0.954132
0.954132
0.954132
0.954132
0.954132
0.954132
0.954132
0.954132
0.954132
0.954132
0.954132
0.954132
0.954132
0.954132
0.954132
0.954132
0.954132
0.954132
0.954132
0.954132
0.954132
0.954132
0.954132
0.954132
0.954132
0.954132
0.954132
0.954132
0.954132
0.954132
0.954132
0.954132
0.954132
0.954132
0.954132
0.954132
0.954132
0.954132
0.954132
0.954132
0.954132
0.954132
0.954132
0.954132
0.954132
0.954132
0.954132
0.954132
0.954132
0.954132
0.954132
0.954132
0.954132
0.954132
0.954132
0.954132
0.954132
0.954132
0.954132
0.954132
0.954132
0.954132
0.954132
0.954132
0.954132
0.954132
0.954132
0.954132
0.954132
0.954132
0.954132
0.954132
0.954132
0.954132
0.954132
0.954132
0.954132
0.954132
0.954132
0.954132
0.954132
0.954132
0.954132
0.954132
0.954132
0.954132
0.954132
0.954132
0.954132
0.954132
0.954132
0.954132
0.954132
0.954132
0.954132
0.954132
0.954132
0.954132
0.954132
0.954132
0.954132
0.954132
0.954132
0.954132
0.954132
0.954132
0.954132
0.954132
0.954132
0.954132
0.954132
0.954132
0.954132
0.954132
0.954132
0.954132
0.954132
0.954132
0.954132
0.954132
0.954132
0.954132
0.954132
0.954132
0.954132
0.954132
0.954132
0.954132
0.954132
0.954132
0.954132
0.954132
0.954132
0.954132
0.954132
0.954132
0.954132
0.954132
0.954132
0.954132
0.954132
0.954132
0.954132
0.954132
0.954132
0.954132
0.954132
0.954132
0.954132
0.954132
0.954132
0.954132
0.954132
0.954132
0.954132
0.954132
0.954132
0.954132
0.954132
0.954132
0.954132
0.954132
0.954132
0.954132
0.954132
0.954132
0.954132
0.954132
0.954132
0.954132
0.954132
0.954132
0.954132
0.954132
0.954132
0.954132
0.954132
0.954132
0.954132
0.954132
0.954132
0.954132
0.954132
0.954132
0.954132
0.954132
0.954132
0.954132
0.954132
0.954132
0.954132
0.954132
0.954132
0.954132
0.954132
0.954132
0.954132
0.954132
0.954132
0.954132
0.954132
0.954132
0.954132
0.954132
0.954132
0.954132
0.954132
0.954132
0.954132
0.954132
0.954132
0.954132
0.954132
0.954132
0.954132
0.954132
0.954132
0.954132
0.954132
0.954132
0.954132
0.954132
0.954132
0.954132
0.954132
0.954132
0.954132
0.954132
0.954132
0.954132
0.954132
0.954132
0.954132
0.954132
0.954132
0.954132
0.954132
0.954132
0.954132
0.954132
0.954132
0.954132
0.954132
0.954132
0.954132
0.954132
0.954132
0.954132
0.954132
0.954132
0.954132
0.954132
0.954132
0.954132
0.954132
0.954132
0.954132
0.954132
0.954132
0.954132
0.954132
0.954132
0.954132
0.954132
0.954132
0.954132
0.954132
0.954132
0.954132
0.954132
0.954132
0.954132
0.954132
0.954132
0.954132
0.954132
0.954132
0.954132
0.954132
0.954132
0.954132
0.954132
0.954132
0.954132
0.954132
0.954132
0.954132
0.954132
0.954132
0.954132
0.954132
0.954132
0.954132
0.954132
0.954132
0.954132
0.954132
0.954132
0.954132
0.954132
0.954132
0.954132
0.954132
0.954132
0.954132
0.954132
0.954132
0.954132
0.954132
0.954132
0.954132
0.954132
0.954132
0.954132
0.954132
0.954132
0.954132
0.954132
0.954132
0.954132
0.954132
0.954132
0.954132
0.954132
0.954132
0.954132
0.954132
0.954132
0.954132
0.954132
0.954132
0.954132
0.954132
0.954132
0.954132
0.954132
0.954132
0.954132
0.954132
0.954132
0.954132
0.954132
0.954132
0.954132
0.954132
0.954132
0.954132
0.954132
0.954132
0.954132
0.954132
0.954132
0.954132
0.954132
0.954132
0.954132
0.954132
0.954132
0.954132
0.954132
0.954132
0.954132
0.954132
0.954132
0.954132
0.954132
0.954132
0.954132
0.954132
0.954132
0.954132
0.954132
0.954132
0.954132
0.954132
0.954132
0.954132
0.954132
0.954132
0.954132
0.954132
0.954132
0.954132
0.954132
0.954132
0.954132
0.954132
0.954132
0.954132
0.954132
0.954132
0.954132
0.954132
0.954132
0.954132
0.954132
0.954132
0.954132
0.954132
0.954132
0.954132
0.954132
0.954132
0.954132
0.954132
0.954132
0.954132
0.954132
0.954132
0.954132
0.954132
0.954132
0.954132
0.954132
0.954132
0.954132
0.954132
0.954132
0.954132
0.954132
0.954132
0.954132
0.954132
0.954132
0.954132
0.954132
0.954132
0.954132
0.954132
0.954132
0.954132
0.954132
0.954132
0.954132
0.954132
0.954132
0.954132
0.954132
0.954132
0.954132
0.954132
0.954132
0.954132
0.954132
0.954132
0.954132
0.954132
0.954132
0.954132
0.954132
0.954132
0.954132
0.954132
0.954132
0.954132
0.954132
0.954132
0.954132
0.954132
0.954132
0.954132
0.954132
0.954132
0.954132
0.954132
0.954132
0.954132
0.954132
0.954132
0.954132
0.954132
0.954132
0.954132
0.954132
0.954132
0.954132
0.954132
0.954132
0.954132
0.954132
0.954132
0.954132
0.954132
0.954132
0.954132
0.954132
0.954132
0.954132
0.954132
0.954132
0.954132
0.954132
0.954132
0.954132
0.954132
0.954132
0.954132
0.954132
0.954132
0.954132
0.954132
0.954132
0.954132
0.954132
0.954132
0.954132
0.954132
0.954132
0.954132
0.954132
0.954132
0.954132
0.954132
0.954132
0.954132
0.954132
0.954132
0.954132
0.954132
0.954132
0.954132
0.954132
0.954132
0.954132
0.954132
0.954132
0.954132
0.954132
0.954132
0.954132
0.954132
0.954132
0.954132
0.954132
0.954132
0.954132
0.954132
0.954132
0.954132
0.954132
0.954132
0.954132
0.954132
0.954132
0.954132
0.954132
0.954132
0.954132
0.954132
0.954132
0.954132
0.954132
0.954132
0.954132
0.954132
0.954132
0.954132
0.954132
0.954132
0.954132
0.954132
0.954132
0.954132
0.954132
0.954132
0.954132
0.954132
0.954132
0.954132
0.954132
0.954132
0.954132
0.954132
0.954132
0.954132
0.954132
0.954132
0.954132
0.954132
0.954132
0.954132
0.954132
0.954132
0.954132
0.954132
0.954132
0.954132
0.954132
0.954132
0.954132
0.954132
0.954132
0.954132
0.954132
0.954132
0.954132
0.954132
0.954132
0.954132
0.954132
0.954132
0.954132
0.954132
0.954132
0.954132
0.954132
0.954132
0.954132
0.954132
0.954132
0.954132
0.954132
0.954132
0.954132
0.954132
0.954132
0.954132
0.954132
0.954132
0.954132
0.954132
0.954132
0.954132
0.954132
0.954132
0.954132
0.954132
0.954132
0.954132
0.954132
0.954132
0.954132
0.954132
0.954132
0.954132
0.954132
0.954132
0.954132
0.954132
0.954132
0.954132
0.954132
0.954132
0.954132
0.954132
0.954132
0.954132
0.954132
0.954132
0.954132
0.954132
0.954132
0.954132
0.954132
0.954132
0.954132
0.954132
0.954132
0.954132
0.954132
0.954132
0.954132
0.954132
0.954132
0.954132
0.954132
0.954132
0.954132
0.954132
0.954132
0.954132
0.954132
0.954132
0.954132
0.954132
0.954132
0.954132
0.954132
0.954132
0.954132
0.954132
0.954132
0.954132
0.954132
0.954132
0.954132
0.954132
0.954132
0.954132
0.954132
0.954132
0.954132
0.954132
0.954132
0.954132
0.954132
0.954132
0.954132
0.954132
0.954132
0.954132
0.954132
0.954132
0.954132
0.954132
0.954132
0.954132
0.954132
0.954132
0.954132
0.954132
0.954132
0.954132
0.954132
0.954132
0.954132
0.954132
0.954132
0.954132
0.954132
0.954132
0.954132
0.954132
0.954132
0.954132
0.954132
0.954132
0.954132
0.954132
0.954132
0.954132
0.954132
0.954132
0.954132
0.954132
0.954132
0.954132
0.954132
0.954132
0.954132
0.954132
0.954132
0.954132
0.954132
0.954132
0.954132
0.954132
0.954132
0.954132
0.954132
0.954132
0.954132
0.954132
0.954132
0.954132
0.954132
0.954132
0.954132
0.954132
0.954132
0.954132
0.954132
0.954132
0.954132
0.954132
0.954132
0.954132
0.954132
0.954132
0.954132
0.954132
0.954132
0.954132
0.954132
0.954132
0.954132
0.954132
0.954132
0.954132
0.954132
0.954132
0.954132
0.954132
0.954132
0.954132
0.954132
0.954132
0.954132
0.954132
0.954132
0.954132
0.954132
0.954132
0.954132
0.954132
0.954132
0.954132
0.954132
0.954132
0.954132
0.954132
0.954132
0.954132
0.954132
0.954132
0.954132
0.954132
0.954132
0.954132
0.954132
0.954132
0.954132
0.954132
0.954132
0.954132
0.954132
0.954132
0.954132
0.954132
0.954132
0.954132
0.954132
0.954132
0.954132
0.954132
0.954132
0.954132
0.954132
0.954132
0.954132
0.954132
0.954132
0.954132
0.954132
0.954132
0.954132
0.954132
0.954132
0.954132
0.954132
0.954132
0.954132
0.954132
0.954132
0.954132
0.954132
0.954132
0.954132
0.954132
0.954132
0.954132
0.954132
0.954132
0.954132
0.954132
0.954132
0.954132
0.954132
0.954132
0.954132
0.954132
0.954132
0.954132
0.954132
0.954132
0.954132
0.954132
0.954132
0.954132
0.954132
0.954132
0.954132
0.954132
0.954132
0.954132
0.954132
0.954132
0.954132
0.954132
0.954132
0.954132
0.954132
0.954132
0.954132
0.954132
0.954132
0.954132
0.954132
0.954132
0.954132
0.954132
0.954132
0.954132
0.954132
0.954132
0.954132
0.954132
0.954132
0.954132
0.954132
0.954132
0.954132
0.954132
0.954132
0.954132
0.954132
0.954132
0.954132
0.954132
0.954132
0.954132
0.954132
0.954132
0.954132
0.954132
0.954132
0.954132
0.954132
0.954132
0.954132
0.954132
0.954132
0.954132
0.954132
0.954132
0.954132
0.954132
0.954132
0.954132
0.954132
0.954132
0.954132
0.954132
0.954132
0.954132
0.954132
0.954132
0.954132
0.954132
0.954132
0.954132
0.954132
0.954132
0.954132
0.954132
0.954132
0.954132
0.954132
0.954132
0.954132
0.954132
0.954132
0.954132
0.954132
0.954132
0.954132
0.954132
0.954132
0.954132
0.954132
0.954132
0.954132
0.954132
0.954132
0.954132
0.954132
0.954132
0.954132
0.954132
0.954132
0.954132
0.954132
0.954132
0.954132
0.954132
0.954132
0.954132
0.954132
0.954132
0.954132
0.954132
0.954132
0.954132
0.954132
0.954132
0.954132
0.954132
0.954132
0.954132
0.954132
0.954132
0.954132
0.954132
0.954132
0.954132
0.954132
0.954132
0.954132
0.954132
0.954132
0.954132
0.954132
0.954132
0.954132
0.954132
0.954132
0.954132
0.954132
0.954132
0.954132
0.954132
0.954132
0.954132
0.954132
0.954132
0.954132
0.954132
0.954132
0.954132
0.954132
0.954132
0.954132
0.954132
0.954132
0.954132
0.954132
0.954132
0.954132
0.954132
0.954132
0.954132
0.954132
0.954132
0.954132
0.954132
0.954132
0.954132
0.954132
0.954132
0.954132
0.954132
0.954132
0.954132
0.954132
0.954132
0.954132
0.954132
0.954132
0.954132
0.954132
0.954132
0.954132
0.954132
0.954132
0.954132
0.954132
0.954132
0.954132
0.954132
0.954132
0.954132
0.954132
0.954132
0.954132
0.954132
0.954132
0.954132
0.954132
0.954132
0.954132
0.954132
0.954132
0.954132
0.954132
0.954132
0.954132
0.954132
0.954132
0.954132
0.954132
0.954132
0.954132
0.954132
0.954132
0.954132
0.954132
0.954132
0.954132
0.954132
0.954132
0.954132
0.954132
0.954132
0.954132
0.954132
0.954132
0.954132
0.954132
0.954132
0.954132
0.954132
0.954132
0.954132
0.954132
0.954132
0.954132
0.954132
0.954132
0.954132
0.954132
0.954132
0.954132
0.954132
0.954132
0.954132
0.954132
0.954132
0.954132
0.954132
0.954132
0.954132
0.954132
0.954132
0.954132
0.954132
0.954132
0.954132
0.954132
0.954132
0.954132
0.954132
0.954132
0.954132
0.954132
0.954132
0.954132
0.954132
0.954132
0.954132
0.954132
0.954132
0.954132
0.954132
0.954132
0.954132
0.954132
0.954132
0.954132
0.954132
0.954132
0.954132
0.954132
0.954132
0.954132
0.954132
0.954132
0.954132
0.954132
0.954132
0.954132
0.954132
0.954132
0.954132
0.954132
0.954132
0.954132
0.954132
0.954132
0.954132
0.954132
0.954132
0.954132
0.954132
0.954132
0.954132
0.954132
0.954132
0.954132
0.954132
0.954132
0.954132
0.954132
0.954132
0.954132
0.954132
0.954132
0.954132
0.954132
0.954132
0.954132
0.954132
0.954132
0.954132
0.954132
0.954132
0.954132
0.954132
0.954132
0.954132
0.954132
0.954132
0.954132
0.954132
0.954132
0.954132
0.954132
0.954132
0.954132
0.954132
0.954132
0.954132
0.954132
0.954132
0.954132
0.954132
0.954132
0.954132
0.954132
0.954132
0.954132
0.954132
0.954132
0.954132
0.954132
0.954132
0.954132
0.954132
0.954132
0.954132
0.954132
0.954132
0.954132
0.954132
0.954132
0.954132
0.954132
0.954132
0.954132
0.954132
0.954132
0.954132
0.954132
0.954132
0.954132
0.954132
0.954132
0.954132
0.954132
0.954132
0.954132
0.954132
0.954132
0.954132
0.954132
0.954132
0.954132
0.954132
0.954132
0.954132
0.954132
0.954132
0.954132
0.954132
0.954132
0.954132
0.954132
0.954132
0.954132
0.954132
0.954132
0.954132
0.954132
0.954132
0.954132
0.954132
0.954132
0.954132
0.954132
0.954132
0.954132
0.954132
0.954132
0.954132
0.954132
0.954132
0.954132
0.954132
0.954132
0.954132
0.954132
0.954132
0.954132
0.954132
0.954132
0.954132
0.954132
0.954132
0.954132
0.954132
0.954132
0.954132
0.954132
0.954132
0.954132
0.954132
0.954132
0.954132
0.954132
0.954132
0.954132
0.954132
0.954132
0.954132
0.954132
0.954132
0.954132
0.954132
0.954132
0.954132
0.954132
0.954132
0.954132
0.954132
0.954132
0.954132
0.954132
0.954132
0.954132
0.954132
0.954132
0.954132
0.954132
0.954132
0.954132
0.954132
0.954132
0.954132
0.954132
0.954132
0.954132
0.954132
0.954132
0.954132
0.954132
0.954132
0.954132
0.954132
0.954132
0.954132
0.954132
0.954132
0.954132
0.954132
0.954132
0.954132
0.954132
0.954132
0.954132
0.954132
0.954132
0.954132
0.954132
0.954132
0.954132
0.954132
0.954132
0.954132
0.954132
0.954132
0.954132
0.954132
0.954132
0.954132
0.954132
0.954132
0.954132
0.954132
0.954132
0.954132
0.954132
0.954132
0.954132
0.954132
0.954132
0.954132
0.954132
0.954132
0.954132
0.954132
0.954132
0.954132
0.954132
0.954132
0.954132
0.954132
0.954132
0.954132
0.954132
0.954132
0.954132
0.954132
0.954132
0.954132
0.954132
0.954132
0.954132
0.954132
0.954132
0.954132
0.954132
0.954132
0.954132
0.954132
0.954132
0.954132
0.954132
0.954132
0.954132
0.954132
0.954132
0.954132
0.954132
0.954132
0.954132
0.954132
0.954132
0.954132
0.954132
0.954132
0.954132
0.954132
0.954132
0.954132
0.954132
0.954132
0.954132
0.954132
0.954132
0.954132
0.954132
0.954132
0.954132
0.954132
0.954132
0.954132
0.954132
0.954132
0.954132
0.954132
0.954132
0.954132
0.954132
0.954132
0.954132
0.954132
0.954132
0.954132
0.954132
0.954132
0.954132
0.954132
0.954132
0.954132
0.954132
0.954132
0.954132
0.954132
0.954132
0.954132
0.954132
0.954132
0.954132
0.954132
0.954132
0.954132
0.954132
0.954132
0.954132
0.954132
0.954132
0.954132
0.954132
0.954132
0.954132
0.954132
0.954132
0.954132
0.954132
0.954132
0.954132
0.954132
0.954132
0.954132
0.954132
0.954132
0.954132
0.954132
0.954132
0.954132
0.954132
0.954132
0.954132
0.954132
0.954132
0.954132
0.954132
0.954132
0.954132
0.954132
0.954132
0.954132
0.954132
0.954132
0.954132
0.954132
0.954132
0.954132
0.954132
0.954132
0.954132
0.954132
0.954132
0.954132
0.954132
0.954132
0.954132
0.954132
0.954132
0.954132
0.954132
0.954132
0.954132
0.954132
0.954132
0.954132
0.954132
0.954132
0.954132
0.954132
0.954132
0.954132
0.954132
0.954132
0.954132
0.954132
0.954132
0.954132
0.954132
0.954132
0.954132
0.954132
0.954132
0.954132
0.954132
0.954132
0.954132
0.954132
0.954132
0.954132
0.954132
0.954132
0.954132
0.954132
0.954132
0.954132
0.954132
0.954132
0.954132
0.954132
0.954132
0.954132
0.954132
0.954132
0.954132
0.954132
0.954132
0.954132
0.954132
0.954132
0.954132
0.954132
0.954132
0.954132
0.954132
0.954132
0.954132
0.954132
0.954132
0.954132
0.954132
0.954132
0.954132
0.954132
0.954132
0.954132
0.954132
0.954132
0.954132
0.954132
0.954132
0.954132
0.954132
0.954132
0.954132
0.954132
0.954132
0.954132
0.954132
0.954132
0.954132
0.954132
0.954132
0.954132
0.954132
0.954132
0.954132
0.954132
0.954132
0.954132
0.954132
0.954132
0.954132
0.954132
0.954132
0.954132
0.954132
0.954132
0.954132
0.954132
0.954132
0.954132
0.954132
0.954132
0.954132
0.954132
0.954132
0.954132
0.954132
0.954132
0.954132
0.954132
0.954132
0.954132
0.954132
0.954132
0.954132
0.954132
0.954132
0.954132
0.954132
0.954132
0.954132
0.954132
0.954132
0.954132
0.954132
0.954132
0.954132
0.954132
0.954132
0.954132
0.954132
0.954132
0.954132
0.954132
0.954132
0.954132
0.954132
0.954132
0.954132
0.954132
0.954132
0.954132
0.954132
0.954132
0.954132
0.954132
0.954132
0.954132
0.954132
0.954132
0.954132
0.954132
0.954132
0.954132
0.954132
0.954132
0.954132
0.954132
0.954132
0.954132
0.954132
0.954132
0.954132
0.954132
0.954132
0.954132
0.954132
0.954132
0.954132
0.954132
0.954132
0.954132
0.954132
0.954132
0.954132
0.954132
0.954132
0.954132
0.954132
0.954132
0.954132
0.954132
0.954132
0.954132
0.954132
0.954132
0.954132
0.954132
0.954132
0.954132
0.954132
0.954132
0.954132
0.954132
0.954132
0.954132
0.954132
0.954132
0.954132
0.954132
0.954132
0.954132
0.954132
0.954132
0.954132
0.954132
0.954132
0.954132
0.954132
0.954132
0.954132
0.954132
0.954132
0.954132
0.954132
0.954132
0.954132
0.954132
0.954132
0.954132
0.954132
0.954132
0.954132
0.954132
0.954132
0.954132
0.954132
0.954132
0.954132
0.954132
0.954132
0.954132
0.954132
0.954132
0.954132
0.954132
0.954132
0.954132
0.954132
0.954132
0.954132
0.954132
0.954132
0.954132
0.954132
0.954132
0.954132
0.954132
0.954132
0.954132
0.954132
0.954132
0.954132
0.954132
0.954132
0.954132
0.954132
0.954132
0.954132
0.954132
0.954132
0.954132
0.954132
0.954132
0.954132
0.954132
0.954132
0.954132
0.954132
0.954132
0.954132
0.954132
0.954132
0.954132
0.954132
0.954132
0.954132
0.954132
0.954132
0.954132
0.954132
0.954132
0.954132
0.954132
0.954132
0.954132
0.954132
0.954132
0.954132
0.954132
0.954132
0.954132
0.954132
0.954132
0.954132
0.954132
0.954132
0.954132
0.954132
0.954132
0.954132
0.954132
0.954132
0.954132
0.954132
0.954132
0.954132
0.954132
0.954132
0.954132
0.954132
0.954132
0.954132
0.954132
0.954132
0.954132
0.954132
0.954132
0.954132
0.954132
0.954132
0.954132
0.954132
0.954132
0.954132
0.954132
0.954132
0.954132
0.954132
0.954132
0.954132
0.954132
0.954132
0.954132
0.954132
0.954132
0.954132
0.954132
0.954132
0.954132
0.954132
0.954132
0.954132
0.954132
0.954132
0.954132
0.954132
0.954132
0.954132
0.954132
0.954132
0.954132
0.954132
0.954132
0.954132
0.954132
0.954132
0.954132
0.954132
0.954132
0.954132
0.954132
0.954132
0.954132
0.954132
0.954132
0.954132
0.954132
0.954132
0.954132
0.954132
0.954132
0.954132
0.954132
0.954132
0.954132
0.954132
0.954132
0.954132
0.954132
0.954132
0.954132
0.954132
0.954132
0.954132
0.954132
0.954132
0.954132
0.954132
0.954132
0.954132
0.954132
0.954132
0.954132
0.954132
0.954132
0.954132
0.954132
0.954132
0.954132
0.954132
0.954132
0.954132
0.954132
0.954132
0.954132
0.954132
0.954132
0.954132
0.954132
0.954132
0.954132
0.954132
0.954132
0.954132
0.954132
0.954132
0.954132
0.954132
0.954132
0.954132
0.954132
0.954132
0.954132
0.954132
0.954132
0.954132
0.954132
0.954132
0.954132
0.954132
0.954132
0.954132
0.954132
0.954132
0.954132
0.954132
0.954132
0.954132
0.954132
0.954132
0.954132
0.954132
0.954132
0.954132
0.954132
0.954132
0.954132
0.954132
0.954132
0.954132
0.954132
0.954132
0.954132
0.954132
0.954132
0.954132
0.954132
0.954132
0.954132
0.954132
0.954132
0.954132
0.954132
0.954132
0.954132
0.954132
0.954132
0.954132
0.954132
0.954132
0.954132
0.954132
0.954132
0.954132
0.954132
0.954132
0.954132
0.954132
0.954132
0.954132
0.954132
0.954132
0.954132
0.954132
0.954132
0.954132
0.954132
0.954132
0.954132
0.954132
0.954132
0.954132
0.954132
0.954132
0.954132
0.954132
0.954132
0.954132
0.954132
0.954132
0.954132
0.954132
0.954132
0.954132
0.954132
0.954132
0.954132
0.954132
0.954132
0.954132
0.954132
0.954132
0.954132
0.954132
0.954132
0.954132
0.954132
0.954132
0.954132
0.954132
0.954132
0.954132
0.954132
0.954132
0.954132
0.954132
0.954132
0.954132
0.954132
0.954132
0.954132
0.954132
0.954132
0.954132
0.954132
0.954132
0.954132
0.954132
0.954132
0.954132
0.954132
0.954132
0.954132
0.954132
0.954132
0.954132
0.954132
0.954132
0.954132
0.954132
0.954132
0.954132
0.954132
0.954132
0.954132
0.954132
0.954132
0.954132
0.954132
0.954132
0.954132
0.954132
0.954132
0.954132
0.954132
0.954132
0.954132
0.954132
0.954132
0.954132
0.954132
0.954132
0.954132
0.954132
0.954132
0.954132
0.954132
0.954132
0.954132
0.954132
0.954132
0.954132
0.954132
0.954132
0.954132
0.954132
0.954132
0.954132
0.954132
0.954132
0.954132
0.954132
0.954132
0.954132
0.954132
0.954132
0.954132
0.954132
0.954132
0.954132
0.954132
0.954132
0.954132
0.954132
0.954132
0.954132
0.954132
0.954132
0.954132
0.954132
0.954132
0.954132
0.954132
0.954132
0.954132
