0.00199501
0.00507771
0.00852815
0.0121477
0.0158534
0.0196038
0.0233745
0.0271502
0.0309201
0.0346769
0.0384155
0.0421322
0.0458246
0.049491
0.0531305
0.0567425
0.0603267
0.0638832
0.0674123
0.0709142
0.0743896
0.0778388
0.0812625
0.0846613
0.0880357
0.0913864
0.0947139
0.0980189
0.101302
0.104563
0.107804
0.111025
0.114225
0.117406
0.120568
0.123712
0.126838
0.129946
0.133036
0.13611
0.139167
0.142208
0.145232
0.148241
0.151235
0.154213
0.157176
0.160125
0.163059
0.165978
0.168884
0.171776
0.174653
0.177518
0.180369
0.183206
0.18603
0.188842
0.19164
0.194426
0.197199
0.19996
0.202708
0.205443
0.208167
0.210878
0.213578
0.216265
0.21894
0.221604
0.224256
0.226896
0.229525
0.232142
0.234748
0.237342
0.239926
0.242497
0.245058
0.247607
0.250146
0.252673
0.25519
0.257695
0.26019
0.262673
0.265146
0.267609
0.27006
0.272501
0.274932
0.277351
0.279761
0.28216
0.284548
0.286926
0.289294
0.291652
0.293999
0.296336
0.298663
0.30098
0.303287
0.305584
0.307871
0.310148
0.312415
0.314672
0.316919
0.319157
0.321385
0.323603
0.325811
0.32801
0.330199
0.332379
0.334549
0.33671
0.338861
0.341003
0.343136
0.345259
0.347374
0.349478
0.351574
0.353661
0.355738
0.357806
0.359866
0.361916
0.363957
0.36599
0.368013
0.370028
0.372034
0.374031
0.376019
0.377999
0.37997
0.381932
0.383886
0.385831
0.387768
0.389696
0.391616
0.393527
0.395431
0.397325
0.399212
0.40109
0.40296
0.404822
0.406675
0.408521
0.410358
0.412188
0.414009
0.415823
0.417628
0.419426
0.421216
0.422998
0.424772
0.426538
0.428297
0.430048
0.431792
0.433527
0.435255
0.436976
0.438689
0.440395
0.442093
0.443784
0.445467
0.447143
0.448812
0.450474
0.452128
0.453775
0.455415
0.457047
0.458673
0.460292
0.461903
0.463508
0.465105
0.466696
0.468279
0.469856
0.471426
0.472989
0.474545
0.476095
0.477637
0.479174
0.480703
0.482226
0.483742
0.485252
0.486755
0.488251
0.489741
0.491225
0.492702
0.494173
0.495637
0.497096
0.498547
0.499993
0.501432
0.502865
0.504292
0.505713
0.507128
0.508536
0.509939
0.511335
0.512725
0.51411
0.515488
0.516861
0.518227
0.519588
0.520943
0.522292
0.523635
0.524973
0.526305
0.527631
0.528951
0.530266
0.531575
0.532878
0.534176
0.535469
0.536755
0.538037
0.539313
0.540583
0.541848
0.543108
0.544362
0.545611
0.546854
0.548092
0.549325
0.550553
0.551775
0.552993
0.554205
0.555412
0.556613
0.55781
0.559002
0.560188
0.56137
0.562546
0.563718
0.564884
0.566046
0.567203
0.568355
0.569502
0.570644
0.571781
0.572913
0.574041
0.575164
0.576282
0.577396
0.578505
0.579609
0.580708
0.581803
0.582893
0.583979
0.58506
0.586137
0.587209
0.588276
0.589339
0.590398
0.591452
0.592502
0.593547
0.594588
0.595625
0.596657
0.597685
0.598709
0.599728
0.600743
0.601754
0.602761
0.603763
0.604761
0.605756
0.606746
0.607732
0.608713
0.609691
0.610665
0.611634
0.6126
0.613562
0.614519
0.615473
0.616422
0.617368
0.61831
0.619248
0.620182
0.621112
0.622039
0.622961
0.62388
0.624795
0.625706
0.626613
0.627517
0.628417
0.629313
0.630206
0.631095
0.63198
0.632861
0.633739
0.634614
0.635484
0.636352
0.637215
0.638075
0.638932
0.639785
0.640635
0.641481
0.642323
0.643163
0.643999
0.644831
0.64566
0.646486
0.647308
0.648127
0.648942
0.649754
0.650563
0.651369
0.652171
0.652971
0.653766
0.654559
0.655348
0.656135
0.656918
0.657698
0.658474
0.659248
0.660018
0.660786
0.66155
0.662311
0.663069
0.663824
0.664576
0.665325
0.666071
0.666814
0.667554
0.668291
0.669025
0.669756
0.670484
0.671209
0.671931
0.672651
0.673367
0.674081
0.674792
0.675499
0.676205
0.676907
0.677606
0.678303
0.678997
0.679688
0.680376
0.681062
0.681745
0.682425
0.683102
0.683777
0.684449
0.685118
0.685785
0.686449
0.687111
0.687769
0.688426
0.689079
0.68973
0.690379
0.691024
0.691668
0.692308
0.692947
0.693582
0.694216
0.694846
0.695474
0.6961
0.696723
0.697344
0.697963
0.698578
0.699192
0.699803
0.700412
0.701018
0.701622
0.702223
0.702823
0.703419
0.704014
0.704606
0.705196
0.705783
0.706369
0.706951
0.707532
0.70811
0.708687
0.70926
0.709832
0.710402
0.710969
0.711534
0.712096
0.712657
0.713215
0.713772
0.714326
0.714878
0.715427
0.715975
0.716521
0.717064
0.717605
0.718145
0.718682
0.719217
0.71975
0.720281
0.720809
0.721336
0.721861
0.722384
0.722904
0.723423
0.72394
0.724455
0.724967
0.725478
0.725987
0.726494
0.726999
0.727502
0.728003
0.728502
0.728999
0.729495
0.729988
0.730479
0.730969
0.731457
0.731943
0.732427
0.732909
0.733389
0.733868
0.734345
0.734819
0.735292
0.735764
0.736233
0.736701
0.737167
0.737631
0.738093
0.738554
0.739013
0.73947
0.739925
0.740379
0.740831
0.741281
0.74173
0.742177
0.742622
0.743065
0.743507
0.743947
0.744386
0.744822
0.745258
0.745691
0.746123
0.746553
0.746982
0.747409
0.747834
0.748258
0.74868
0.749101
0.74952
0.749938
0.750353
0.750768
0.751181
0.751592
0.752002
0.75241
0.752817
0.753222
0.753625
0.754028
0.754428
0.754827
0.755225
0.755621
0.756016
0.756409
0.756801
0.757191
0.75758
0.757968
0.758354
0.758738
0.759121
0.759503
0.759883
0.760262
0.76064
0.761016
0.761391
0.761764
0.762136
0.762506
0.762876
0.763243
0.76361
0.763975
0.764339
0.764701
0.765062
0.765422
0.765781
0.766138
0.766494
0.766848
0.767201
0.767553
0.767904
0.768253
0.768602
0.768948
0.769294
0.769638
0.769981
0.770323
0.770664
0.771003
0.771341
0.771678
0.772013
0.772348
0.772681
0.773013
0.773344
0.773673
0.774002
0.774329
0.774655
0.774979
0.775303
0.775626
0.775947
0.776267
0.776586
0.776904
0.77722
0.777536
0.77785
0.778163
0.778476
0.778787
0.779096
0.779405
0.779713
0.780019
0.780325
0.780629
0.780932
0.781235
0.781536
0.781836
0.782135
0.782433
0.782729
0.783025
0.78332
0.783613
0.783906
0.784197
0.784488
0.784777
0.785066
0.785353
0.78564
0.785925
0.786209
0.786493
0.786775
0.787056
0.787337
0.787616
0.787894
0.788172
0.788448
0.788724
0.788998
0.789271
0.789544
0.789816
0.790086
0.790356
0.790624
0.790892
0.791159
0.791425
0.79169
0.791954
0.792217
0.792479
0.79274
0.793
0.79326
0.793518
0.793776
0.794033
0.794288
0.794543
0.794797
0.79505
0.795303
0.795554
0.795804
0.796054
0.796303
0.796551
0.796798
0.797044
0.797289
0.797534
0.797777
0.79802
0.798262
0.798503
0.798743
0.798983
0.799221
0.799459
0.799696
0.799932
0.800167
0.800402
0.800635
0.800868
0.8011
0.801332
0.801562
0.801792
0.802021
0.802249
0.802476
0.802703
0.802929
0.803154
0.803378
0.803601
0.803824
0.804046
0.804267
0.804488
0.804708
0.804927
0.805145
0.805362
0.805579
0.805795
0.80601
0.806225
0.806439
0.806652
0.806864
0.807076
0.807287
0.807497
0.807706
0.807915
0.808123
0.80833
0.808537
0.808743
0.808948
0.809153
0.809357
0.80956
0.809763
0.809965
0.810166
0.810366
0.810566
0.810765
0.810964
0.811162
0.811359
0.811556
0.811751
0.811947
0.812141
0.812335
0.812528
0.812721
0.812913
0.813104
0.813295
0.813485
0.813675
0.813864
0.814052
0.814239
0.814426
0.814613
0.814798
0.814984
0.815168
0.815352
0.815535
0.815718
0.8159
0.816082
0.816263
0.816443
0.816623
0.816802
0.81698
0.817158
0.817336
0.817512
0.817689
0.817864
0.818039
0.818214
0.818388
0.818561
0.818734
0.818906
0.819078
0.819249
0.81942
0.81959
0.819759
0.819928
0.820096
0.820264
0.820432
0.820598
0.820765
0.82093
0.821095
0.82126
0.821424
0.821588
0.821751
0.821913
0.822075
0.822237
0.822398
0.822558
0.822718
0.822877
0.823036
0.823195
0.823352
0.82351
0.823667
0.823823
0.823979
0.824134
0.824289
0.824444
0.824598
0.824751
0.824904
0.825056
0.825208
0.82536
0.825511
0.825661
0.825812
0.825961
0.82611
0.826259
0.826407
0.826555
0.826702
0.826849
0.826995
0.827141
0.827287
0.827431
0.827576
0.82772
0.827864
0.828007
0.82815
0.828292
0.828434
0.828575
0.828716
0.828857
0.828997
0.829136
0.829276
0.829414
0.829553
0.829691
0.829828
0.829965
0.830102
0.830238
0.830374
0.830509
0.830644
0.830779
0.830913
0.831047
0.83118
0.831313
0.831446
0.831578
0.831709
0.831841
0.831972
0.832102
0.832232
0.832362
0.832491
0.83262
0.832749
0.832877
0.833005
0.833132
0.833259
0.833386
0.833512
0.833638
0.833763
0.833888
0.834013
0.834137
0.834261
0.834385
0.834508
0.834631
0.834754
0.834876
0.834998
0.835119
0.83524
0.835361
0.835481
0.835601
0.835721
0.83584
0.835959
0.836077
0.836195
0.836313
0.836431
0.836548
0.836665
0.836781
0.836897
0.837013
0.837128
0.837244
0.837358
0.837473
0.837587
0.837701
0.837814
0.837927
0.83804
0.838152
0.838264
0.838376
0.838488
0.838599
0.838709
0.83882
0.83893
0.83904
0.839149
0.839259
0.839368
0.839476
0.839584
0.839692
0.8398
0.839907
0.840014
0.840121
0.840227
0.840334
0.840439
0.840545
0.84065
0.840755
0.84086
0.840964
0.841068
0.841172
0.841275
0.841378
0.841481
0.841583
0.841686
0.841788
0.841889
0.841991
0.842092
0.842193
0.842293
0.842393
0.842493
0.842593
0.842692
0.842791
0.84289
0.842989
0.843087
0.843185
0.843283
0.84338
0.843478
0.843575
0.843671
0.843768
0.843864
0.84396
0.844055
0.84415
0.844246
0.84434
0.844435
0.844529
0.844623
0.844717
0.84481
0.844904
0.844997
0.845089
0.845182
0.845274
0.845366
0.845458
0.845549
0.845641
0.845732
0.845822
0.845913
0.846003
0.846093
0.846183
0.846272
0.846362
0.846451
0.846539
0.846628
0.846716
0.846804
0.846892
0.84698
0.847067
0.847154
0.847241
0.847328
0.847414
0.847501
0.847587
0.847672
0.847758
0.847843
0.847928
0.848013
0.848098
0.848182
0.848266
0.84835
0.848434
0.848518
0.848601
0.848684
0.848767
0.84885
0.848932
0.849014
0.849096
0.849178
0.84926
0.849341
0.849422
0.849503
0.849584
0.849664
0.849745
0.849825
0.849905
0.849984
0.850064
0.850143
0.850222
0.850301
0.85038
0.850458
0.850536
0.850615
0.850692
0.85077
0.850848
0.850925
0.851002
0.851079
0.851155
0.851232
0.851308
0.851384
0.85146
0.851536
0.851612
0.851687
0.851762
0.851837
0.851912
0.851986
0.852061
0.852135
0.852209
0.852283
0.852357
0.85243
0.852503
0.852577
0.85265
0.852722
0.852795
0.852867
0.85294
0.853012
0.853083
0.853155
0.853227
0.853298
0.853369
0.85344
0.853511
0.853582
0.853652
0.853722
0.853793
0.853862
0.853932
0.854002
0.854071
0.854141
0.85421
0.854279
0.854348
0.854416
0.854485
0.854553
0.854621
0.854689
0.854757
0.854824
0.854892
0.854959
0.855026
0.855093
0.85516
0.855227
0.855293
0.85536
0.855426
0.855492
0.855558
0.855624
0.855689
0.855755
0.85582
0.855885
0.85595
0.856015
0.85608
0.856144
0.856208
0.856273
0.856337
0.856401
0.856464
0.856528
0.856592
0.856655
0.856718
0.856781
0.856844
0.856907
0.856969
0.857032
0.857094
0.857156
0.857218
0.85728
0.857342
0.857404
0.857465
0.857526
0.857588
0.857649
0.85771
0.85777
0.857831
0.857892
0.857952
0.858012
0.858072
0.858132
0.858192
0.858252
0.858311
0.858371
0.85843
0.858489
0.858548
0.858607
0.858666
0.858725
0.858783
0.858842
0.8589
0.858958
0.859016
0.859074
0.859132
0.859189
0.859247
0.859304
0.859361
0.859419
0.859476
0.859532
0.859589
0.859646
0.859702
0.859759
0.859815
0.859871
0.859927
0.859983
0.860039
0.860095
0.86015
0.860205
0.860261
0.860316
0.860371
0.860426
0.860481
0.860536
0.86059
0.860645
0.860699
0.860753
0.860807
0.860862
0.860915
0.860969
0.861023
0.861077
0.86113
0.861183
0.861237
0.86129
0.861343
0.861396
0.861449
0.861501
0.861554
0.861606
0.861659
0.861711
0.861763
0.861815
0.861867
0.861919
0.861971
0.862022
0.862074
0.862125
0.862177
0.862228
0.862279
0.86233
0.862381
0.862432
0.862482
0.862533
0.862583
0.862634
0.862684
0.862734
0.862784
0.862834
0.862884
0.862934
0.862984
0.863033
0.863083
0.863132
0.863182
0.863231
0.86328
0.863329
0.863378
0.863427
0.863475
0.863524
0.863573
0.863621
0.863669
0.863718
0.863766
0.863814
0.863862
0.86391
0.863958
0.864005
0.864053
0.8641
0.864148
0.864195
0.864242
0.864289
0.864337
0.864384
0.86443
0.864477
0.864524
0.864571
0.864617
0.864663
0.86471
0.864756
0.864802
0.864848
0.864894
0.86494
0.864986
0.865032
0.865078
0.865123
0.865169
0.865214
0.865259
0.865305
0.86535
0.865395
0.86544
0.865485
0.86553
0.865574
0.865619
0.865664
0.865708
0.865752
0.865797
0.865841
0.865885
0.865929
0.865973
0.866017
0.866061
0.866105
0.866149
0.866192
0.866236
0.866279
0.866323
0.866366
0.866409
0.866452
0.866495
0.866538
0.866581
0.866624
0.866667
0.86671
0.866752
0.866795
0.866837
0.86688
0.866922
0.866964
0.867007
0.867049
0.867091
0.867133
0.867175
0.867216
0.867258
0.8673
0.867341
0.867383
0.867424
0.867466
0.867507
0.867548
0.867589
0.867631
0.867672
0.867713
0.867753
0.867794
0.867835
0.867876
0.867916
0.867957
0.867997
0.868038
0.868078
0.868118
0.868159
0.868199
0.868239
0.868279
0.868319
0.868359
0.868398
0.868438
0.868478
0.868517
0.868557
0.868596
0.868636
0.868675
0.868715
0.868754
0.868793
0.868832
0.868871
0.86891
0.868949
0.868988
0.869027
0.869065
0.869104
0.869142
0.869181
0.869219
0.869258
0.869296
0.869335
0.869373
0.869411
0.869449
0.869487
0.869525
0.869563
0.869601
0.869639
0.869676
0.869714
0.869752
0.869789
0.869827
0.869864
0.869902
0.869939
0.869976
0.870013
0.87005
0.870088
0.870125
0.870162
0.870199
0.870235
0.870272
0.870309
0.870346
0.870382
0.870419
0.870455
0.870492
0.870528
0.870565
0.870601
0.870637
0.870673
0.87071
0.870746
0.870782
0.870818
0.870854
0.870889
0.870925
0.870961
0.870997
0.871032
0.871068
0.871104
0.871139
0.871175
0.87121
0.871245
0.871281
0.871316
0.871351
0.871386
0.871421
0.871456
0.871491
0.871526
0.871561
0.871596
0.871631
0.871665
0.8717
0.871735
0.871769
0.871804
0.871838
0.871873
0.871907
0.871941
0.871976
0.87201
0.872044
0.872078
0.872112
0.872146
0.87218
0.872214
0.872248
0.872282
0.872316
0.87235
0.872383
0.872417
0.872451
0.872484
0.872518
0.872551
0.872585
0.872618
0.872651
0.872685
0.872718
0.872751
0.872784
0.872817
0.87285
0.872883
0.872916
0.872949
0.872982
0.873015
0.873048
0.87308
0.873113
0.873146
0.873178
0.873211
0.873244
0.873276
0.873308
0.873341
0.873373
0.873405
0.873438
0.87347
0.873502
0.873534
0.873566
0.873598
0.87363
0.873662
0.873694
0.873726
0.873758
0.87379
0.873822
0.873853
0.873885
0.873917
0.873948
0.87398
0.874011
0.874043
0.874074
0.874105
0.874137
0.874168
0.874199
0.874231
0.874262
0.874293
0.874324
0.874355
0.874386
0.874417
0.874448
0.874479
0.87451
0.874541
0.874571
0.874602
0.874633
0.874664
0.874694
0.874725
0.874755
0.874786
0.874816
0.874847
0.874877
0.874908
0.874938
0.874968
0.874998
0.875029
0.875059
0.875089
0.875119
0.875149
0.875179
0.875209
0.875239
0.875269
0.875299
0.875329
0.875359
0.875388
0.875418
0.875448
0.875477
0.875507
0.875537
0.875566
0.875596
0.875625
0.875655
0.875684
0.875714
0.875743
0.875772
0.875801
0.875831
0.87586
0.875889
0.875918
0.875947
0.875976
0.876005
0.876034
0.876063
0.876092
0.876121
0.87615
0.876179
0.876208
0.876237
0.876265
0.876294
0.876323
0.876351
0.87638
0.876408
0.876437
0.876466
0.876494
0.876522
0.876551
0.876579
0.876608
0.876636
0.876664
0.876692
0.876721
0.876749
0.876777
0.876805
0.876833
0.876861
0.876889
0.876917
0.876945
0.876973
0.877001
0.877029
0.877057
0.877084
0.877112
0.87714
0.877168
0.877195
0.877223
0.877251
0.877278
0.877306
0.877333
0.877361
0.877388
0.877416
0.877443
0.877471
0.877498
0.877525
0.877552
0.87758
0.877607
0.877634
0.877661
0.877689
0.877716
0.877743
0.87777
0.877797
0.877824
0.877851
0.877878
0.877905
0.877931
0.877958
0.877985
0.878012
0.878039
0.878065
0.878092
0.878119
0.878146
0.878172
0.878199
0.878225
0.878252
0.878278
0.878305
0.878331
0.878358
0.878384
0.878411
0.878437
0.878463
0.87849
0.878516
0.878542
0.878568
0.878594
0.878621
0.878647
0.878673
0.878699
0.878725
0.878751
0.878777
0.878803
0.878829
0.878855
0.878881
0.878907
0.878933
0.878958
0.878984
0.87901
0.879036
0.879061
0.879087
0.879113
0.879138
0.879164
0.87919
0.879215
0.879241
0.879266
0.879292
0.879317
0.879343
0.879368
0.879393
0.879419
0.879444
0.879469
0.879495
0.87952
0.879545
0.87957
0.879596
0.879621
0.879646
0.879671
0.879696
0.879721
0.879746
0.879771
0.879796
0.879821
0.879846
0.879871
0.879896
0.879921
0.879946
0.879971
0.879995
0.88002
0.880045
0.88007
0.880094
0.880119
0.880144
0.880168
0.880193
0.880217
0.880242
0.880267
0.880291
0.880316
0.88034
0.880365
0.880389
0.880413
0.880438
0.880462
0.880487
0.880511
0.880535
0.880559
0.880584
0.880608
0.880632
0.880656
0.88068
0.880705
0.880729
0.880753
0.880777
0.880801
0.880825
0.880849
0.880873
0.880897
0.880921
0.880945
0.880969
0.880993
0.881016
0.88104
0.881064
0.881088
0.881112
0.881135
0.881159
0.881183
0.881207
0.88123
0.881254
0.881277
0.881301
0.881325
0.881348
0.881372
0.881395
0.881419
0.881442
0.881466
0.881489
0.881513
0.881536
0.881559
0.881583
0.881606
0.881629
0.881653
0.881676
0.881699
0.881722
0.881746
0.881769
0.881792
0.881815
0.881838
0.881861
0.881884
0.881907
0.881931
0.881954
0.881977
0.882
0.882023
0.882046
0.882068
0.882091
0.882114
0.882137
0.88216
0.882183
0.882206
0.882228
0.882251
0.882274
0.882297
0.882319
0.882342
0.882365
0.882387
0.88241
0.882433
0.882455
0.882478
0.882501
0.882523
0.882546
0.882568
0.882591
0.882613
0.882636
0.882658
0.88268
0.882703
0.882725
0.882748
0.88277
0.882792
0.882815
0.882837
0.882859
0.882881
0.882904
0.882926
0.882948
0.88297
0.882992
0.883014
0.883037
0.883059
0.883081
0.883103
0.883125
0.883147
0.883169
0.883191
0.883213
0.883235
0.883257
0.883279
0.883301
0.883323
0.883345
0.883366
0.883388
0.88341
0.883432
0.883454
0.883475
0.883497
0.883519
0.883541
0.883562
0.883584
0.883606
0.883627
0.883649
0.883671
0.883692
0.883714
0.883735
0.883757
0.883778
0.8838
0.883821
0.883843
0.883864
0.883886
0.883907
0.883929
0.88395
0.883972
0.883993
0.884014
0.884036
0.884057
0.884078
0.8841
0.884121
0.884142
0.884163
0.884184
0.884206
0.884227
0.884248
0.884269
0.88429
0.884311
0.884333
0.884354
0.884375
0.884396
0.884417
0.884438
0.884459
0.88448
0.884501
0.884522
0.884543
0.884564
0.884585
0.884606
0.884626
0.884647
0.884668
0.884689
0.88471
0.884731
0.884751
0.884772
0.884793
0.884814
0.884834
0.884855
0.884876
0.884897
0.884917
0.884938
0.884958
0.884979
0.885
0.88502
0.885041
0.885061
0.885082
0.885103
0.885123
0.885144
0.885164
0.885184
0.885205
0.885225
0.885246
0.885266
0.885287
0.885307
0.885327
0.885348
0.885368
0.885388
0.885409
0.885429
0.885449
0.88547
0.88549
0.88551
0.88553
0.88555
0.885571
0.885591
0.885611
0.885631
0.885651
0.885671
0.885692
0.885712
0.885732
0.885752
0.885772
0.885792
0.885812
0.885832
0.885852
0.885872
0.885892
0.885912
0.885932
0.885952
0.885971
0.885991
0.886011
0.886031
0.886051
0.886071
0.886091
0.88611
0.88613
0.88615
0.88617
0.88619
0.886209
0.886229
0.886249
0.886268
0.886288
0.886308
0.886327
0.886347
0.886367
0.886386
0.886406
0.886426
0.886445
0.886465
0.886484
0.886504
0.886523
0.886543
0.886562
0.886582
0.886601
0.886621
0.88664
0.88666
0.886679
0.886698
0.886718
0.886737
0.886756
0.886776
0.886795
0.886815
0.886834
0.886853
0.886872
0.886892
0.886911
0.88693
0.886949
0.886969
0.886988
0.887007
0.887026
0.887045
0.887065
0.887084
0.887103
0.887122
0.887141
0.88716
0.887179
0.887198
0.887217
0.887236
0.887255
0.887274
0.887293
0.887312
0.887331
0.88735
0.887369
0.887388
0.887407
0.887426
0.887445
0.887464
0.887483
0.887502
0.88752
0.887539
0.887558
0.887577
0.887596
0.887614
0.887633
0.887652
0.887671
0.88769
0.887708
0.887727
0.887746
0.887764
0.887783
0.887802
0.88782
0.887839
0.887858
0.887876
0.887895
0.887913
0.887932
0.887951
0.887969
0.887988
0.888006
0.888025
0.888043
0.888062
0.88808
0.888099
0.888117
0.888136
0.888154
0.888172
0.888191
0.888209
0.888228
0.888246
0.888264
0.888283
0.888301
0.888319
0.888338
0.888356
0.888374
0.888393
0.888411
0.888429
0.888447
0.888466
0.888484
0.888502
0.88852
0.888539
0.888557
0.888575
0.888593
0.888611
0.888629
0.888647
0.888666
0.888684
0.888702
0.88872
0.888738
0.888756
0.888774
0.888792
0.88881
0.888828
0.888846
0.888864
0.888882
0.8889
0.888918
0.888936
0.888954
0.888972
0.88899
0.889008
0.889025
0.889043
0.889061
0.889079
0.889097
0.889115
0.889133
0.88915
0.889168
0.889186
0.889204
0.889222
0.889239
0.889257
0.889275
0.889292
0.88931
0.889328
0.889346
0.889363
0.889381
0.889399
0.889416
0.889434
0.889451
0.889469
0.889487
0.889504
0.889522
0.889539
0.889557
0.889575
0.889592
0.88961
0.889627
0.889645
0.889662
0.88968
0.889697
0.889715
0.889732
0.889749
0.889767
0.889784
0.889802
0.889819
0.889837
0.889854
0.889871
0.889889
0.889906
0.889923
0.889941
0.889958
0.889975
0.889993
0.89001
0.890027
0.890044
0.890062
0.890079
0.890096
0.890113
0.890131
0.890148
0.890165
0.890182
0.890199
0.890216
0.890234
0.890251
0.890268
0.890285
0.890302
0.890319
0.890336
0.890353
0.890371
0.890388
0.890405
0.890422
0.890439
0.890456
0.890473
0.89049
0.890507
0.890524
0.890541
0.890558
0.890575
0.890592
0.890608
0.890625
0.890642
0.890659
0.890676
0.890693
0.89071
0.890727
0.890744
0.89076
0.890777
0.890794
0.890811
0.890828
0.890844
0.890861
0.890878
0.890895
0.890912
0.890928
0.890945
0.890962
0.890978
0.890995
0.891012
0.891029
0.891045
0.891062
0.891079
0.891095
0.891112
0.891128
0.891145
0.891162
0.891178
0.891195
0.891211
0.891228
0.891245
0.891261
0.891278
0.891294
0.891311
0.891327
0.891344
0.89136
0.891377
0.891393
0.89141
0.891426
0.891443
0.891459
0.891475
0.891492
0.891508
0.891525
0.891541
0.891557
0.891574
0.89159
0.891607
0.891623
0.891639
0.891656
0.891672
0.891688
0.891704
0.891721
0.891737
0.891753
0.89177
0.891786
0.891802
0.891818
0.891835
0.891851
0.891867
0.891883
0.891899
0.891915
0.891932
0.891948
0.891964
0.89198
0.891996
0.892012
0.892028
0.892045
0.892061
0.892077
0.892093
0.892109
0.892125
0.892141
0.892157
0.892173
0.892189
0.892205
0.892221
0.892237
0.892253
0.892269
0.892285
0.892301
0.892317
0.892333
0.892349
0.892365
0.892381
0.892397
0.892413
0.892428
0.892444
0.89246
0.892476
0.892492
0.892508
0.892524
0.892539
0.892555
0.892571
0.892587
0.892603
0.892618
0.892634
0.89265
0.892666
0.892682
0.892697
0.892713
0.892729
0.892744
0.89276
0.892776
0.892792
0.892807
0.892823
0.892839
0.892854
0.89287
0.892885
0.892901
0.892917
0.892932
0.892948
0.892964
0.892979
0.892995
0.89301
0.893026
0.893041
0.893057
0.893072
0.893088
0.893104
0.893119
0.893135
0.89315
0.893166
0.893181
0.893196
0.893212
0.893227
0.893243
0.893258
0.893274
0.893289
0.893305
0.89332
0.893335
0.893351
0.893366
0.893381
0.893397
0.893412
0.893428
0.893443
0.893458
0.893473
0.893489
0.893504
0.893519
0.893535
0.89355
0.893565
0.89358
0.893596
0.893611
0.893626
0.893641
0.893657
0.893672
0.893687
0.893702
0.893717
0.893733
0.893748
0.893763
0.893778
0.893793
0.893808
0.893824
0.893839
0.893854
0.893869
0.893884
0.893899
0.893914
0.893929
0.893944
0.893959
0.893974
0.893989
0.894004
0.89402
0.894035
0.89405
0.894065
0.89408
0.894095
0.89411
0.894124
0.894139
0.894154
0.894169
0.894184
0.894199
0.894214
0.894229
0.894244
0.894259
0.894274
0.894289
0.894303
0.894318
0.894333
0.894348
0.894363
0.894378
0.894393
0.894407
0.894422
0.894437
0.894452
0.894467
0.894481
0.894496
0.894511
0.894526
0.89454
0.894555
0.89457
0.894585
0.894599
0.894614
0.894629
0.894643
0.894658
0.894673
0.894688
0.894702
0.894717
0.894731
0.894746
0.894761
0.894775
0.89479
0.894805
0.894819
0.894834
0.894848
0.894863
0.894878
0.894892
0.894907
0.894921
0.894936
0.89495
0.894965
0.894979
0.894994
0.895008
0.895023
0.895037
0.895052
0.895066
0.895081
0.895095
0.89511
0.895124
0.895139
0.895153
0.895167
0.895182
0.895196
0.895211
0.895225
0.895239
0.895254
0.895268
0.895283
0.895297
0.895311
0.895326
0.89534
0.895354
0.895369
0.895383
0.895397
0.895411
0.895426
0.89544
0.895454
0.895469
0.895483
0.895497
0.895511
0.895526
0.89554
0.895554
0.895568
0.895582
0.895597
0.895611
0.895625
0.895639
0.895653
0.895668
0.895682
0.895696
0.89571
0.895724
0.895738
0.895752
0.895766
0.895781
0.895795
0.895809
0.895823
0.895837
0.895851
0.895865
0.895879
0.895893
0.895907
0.895921
0.895935
0.895949
0.895963
0.895977
0.895991
0.896005
0.896019
0.896033
0.896047
0.896061
0.896075
0.896089
0.896103
0.896117
0.896131
0.896145
0.896159
0.896173
0.896187
0.8962
0.896214
0.896228
0.896242
0.896256
0.89627
0.896284
0.896297
0.896311
0.896325
0.896339
0.896353
0.896367
0.89638
0.896394
0.896408
0.896422
0.896436
0.896449
0.896463
0.896477
0.896491
0.896504
0.896518
0.896532
0.896545
0.896559
0.896573
0.896587
0.8966
0.896614
0.896628
0.896641
0.896655
0.896669
0.896682
0.896696
0.89671
0.896723
0.896737
0.89675
0.896764
0.896778
0.896791
0.896805
0.896818
0.896832
0.896846
0.896859
0.896873
0.896886
0.8969
0.896913
0.896927
0.89694
0.896954
0.896967
0.896981
0.896994
0.897008
0.897021
0.897035
0.897048
0.897062
0.897075
0.897089
0.897102
0.897115
0.897129
0.897142
0.897156
0.897169
0.897183
0.897196
0.897209
0.897223
0.897236
0.897249
0.897263
0.897276
0.897289
0.897303
0.897316
0.897329
0.897343
0.897356
0.897369
0.897383
0.897396
0.897409
0.897423
0.897436
0.897449
0.897462
0.897476
0.897489
0.897502
0.897515
0.897529
0.897542
0.897555
0.897568
0.897581
0.897595
0.897608
0.897621
0.897634
0.897647
0.89766
0.897674
0.897687
0.8977
0.897713
0.897726
0.897739
0.897752
0.897766
0.897779
0.897792
0.897805
0.897818
0.897831
0.897844
0.897857
0.89787
0.897883
0.897896
0.897909
0.897922
0.897935
0.897948
0.897961
0.897974
0.897987
0.898
0.898013
0.898026
0.898039
0.898052
0.898065
0.898078
0.898091
0.898104
0.898117
0.89813
0.898143
0.898156
0.898169
0.898182
0.898195
0.898207
0.89822
0.898233
0.898246
0.898259
0.898272
0.898285
0.898298
0.89831
0.898323
0.898336
0.898349
0.898362
0.898375
0.898387
0.8984
0.898413
0.898426
0.898438
0.898451
0.898464
0.898477
0.89849
0.898502
0.898515
0.898528
0.898541
0.898553
0.898566
0.898579
0.898591
0.898604
0.898617
0.898629
0.898642
0.898655
0.898667
0.89868
0.898693
0.898705
0.898718
0.898731
0.898743
0.898756
0.898769
0.898781
0.898794
0.898806
0.898819
0.898832
0.898844
0.898857
0.898869
0.898882
0.898895
0.898907
0.89892
0.898932
0.898945
0.898957
0.89897
0.898982
0.898995
0.899007
0.89902
0.899032
0.899045
0.899057
0.89907
0.899082
0.899095
0.899107
0.89912
0.899132
0.899144
0.899157
0.899169
0.899182
0.899194
0.899207
0.899219
0.899231
0.899244
0.899256
0.899268
0.899281
0.899293
0.899306
0.899318
0.89933
0.899343
0.899355
0.899367
0.89938
0.899392
0.899404
0.899417
0.899429
0.899441
0.899453
0.899466
0.899478
0.89949
0.899503
0.899515
0.899527
0.899539
0.899552
0.899564
0.899576
0.899588
0.899601
0.899613
0.899625
0.899637
0.899649
0.899662
0.899674
0.899686
0.899698
0.89971
0.899722
0.899735
0.899747
0.899759
0.899771
0.899783
0.899795
0.899807
0.89982
0.899832
0.899844
0.899856
0.899868
0.89988
0.899892
0.899904
0.899916
0.899928
0.89994
0.899952
0.899964
0.899976
0.899989
0.900001
0.900013
0.900025
0.900037
0.900049
0.900061
0.900073
0.900085
0.900097
0.900109
0.900121
0.900133
0.900144
0.900156
0.900168
0.90018
0.900192
0.900204
0.900216
0.900228
0.90024
0.900252
0.900264
0.900276
0.900288
0.900299
0.900311
0.900323
0.900335
0.900347
0.900359
0.900371
0.900383
0.900394
0.900406
0.900418
0.90043
0.900442
0.900454
0.900465
0.900477
0.900489
0.900501
0.900513
0.900524
0.900536
0.900548
0.90056
0.900571
0.900583
0.900595
0.900607
0.900618
0.90063
0.900642
0.900654
0.900665
0.900677
0.900689
0.9007
0.900712
0.900724
0.900735
0.900747
0.900759
0.90077
0.900782
0.900794
0.900805
0.900817
0.900829
0.90084
0.900852
0.900864
0.900875
0.900887
0.900898
0.90091
0.900922
0.900933
0.900945
0.900956
0.900968
0.90098
0.900991
0.901003
0.901014
0.901026
0.901037
0.901049
0.90106
0.901072
0.901083
0.901095
0.901106
0.901118
0.901129
0.901141
0.901152
0.901164
0.901175
0.901187
0.901198
0.90121
0.901221
0.901233
0.901244
0.901256
0.901267
0.901278
0.90129
0.901301
0.901313
0.901324
0.901336
0.901347
0.901358
0.90137
0.901381
0.901393
0.901404
0.901415
0.901427
0.901438
0.901449
0.901461
0.901472
0.901483
0.901495
0.901506
0.901517
0.901529
0.90154
0.901551
0.901563
0.901574
0.901585
0.901596
0.901608
0.901619
0.90163
0.901641
0.901653
0.901664
0.901675
0.901686
0.901698
0.901709
0.90172
0.901731
0.901743
0.901754
0.901765
0.901776
0.901787
0.901799
0.90181
0.901821
0.901832
0.901843
0.901854
0.901866
0.901877
0.901888
0.901899
0.90191
0.901921
0.901932
0.901944
0.901955
0.901966
0.901977
0.901988
0.901999
0.90201
0.902021
0.902032
0.902043
0.902055
0.902066
0.902077
0.902088
0.902099
0.90211
0.902121
0.902132
0.902143
0.902154
0.902165
0.902176
0.902187
0.902198
0.902209
0.90222
0.902231
0.902242
0.902253
0.902264
0.902275
0.902286
0.902297
0.902308
0.902319
0.90233
0.902341
0.902352
0.902362
0.902373
0.902384
0.902395
0.902406
0.902417
0.902428
0.902439
0.90245
0.902461
0.902471
0.902482
0.902493
0.902504
0.902515
0.902526
0.902537
0.902548
0.902558
0.902569
0.90258
0.902591
0.902602
0.902612
0.902623
0.902634
0.902645
0.902656
0.902666
0.902677
0.902688
0.902699
0.90271
0.90272
0.902731
0.902742
0.902753
0.902763
0.902774
0.902785
0.902796
0.902806
0.902817
0.902828
0.902838
0.902849
0.90286
0.902871
0.902881
0.902892
0.902903
0.902913
0.902924
0.902935
0.902945
0.902956
0.902967
0.902977
0.902988
0.902999
0.903009
0.90302
0.90303
0.903041
0.903052
0.903062
0.903073
0.903084
0.903094
0.903105
0.903115
0.903126
0.903136
0.903147
0.903158
0.903168
0.903179
0.903189
0.9032
0.90321
0.903221
0.903231
0.903242
0.903252
0.903263
0.903274
0.903284
0.903295
0.903305
0.903316
0.903326
0.903337
0.903347
0.903357
0.903368
0.903378
0.903389
0.903399
0.90341
0.90342
0.903431
0.903441
0.903452
0.903462
0.903472
0.903483
0.903493
0.903504
0.903514
0.903524
0.903535
0.903545
0.903556
0.903566
0.903576
0.903587
0.903597
0.903607
0.903618
0.903628
0.903639
0.903649
0.903659
0.90367
0.90368
0.90369
0.903701
0.903711
0.903721
0.903732
0.903742
0.903752
0.903762
0.903773
0.903783
0.903793
0.903804
0.903814
0.903824
0.903834
0.903845
0.903855
0.903865
0.903875
0.903886
0.903896
0.903906
0.903916
0.903926
0.903937
0.903947
0.903957
0.903967
0.903978
0.903988
0.903998
0.904008
0.904018
0.904028
0.904039
0.904049
0.904059
0.904069
0.904079
0.904089
0.9041
0.90411
0.90412
0.90413
0.90414
0.90415
0.90416
0.90417
0.904181
0.904191
0.904201
0.904211
0.904221
0.904231
0.904241
0.904251
0.904261
0.904271
0.904281
0.904291
0.904301
0.904312
0.904322
0.904332
0.904342
0.904352
0.904362
0.904372
0.904382
0.904392
0.904402
0.904412
0.904422
0.904432
0.904442
0.904452
0.904462
0.904472
0.904482
0.904492
0.904502
0.904512
0.904521
0.904531
0.904541
0.904551
0.904561
0.904571
0.904581
0.904591
0.904601
0.904611
0.904621
0.904631
0.904641
0.904651
0.90466
0.90467
0.90468
0.90469
0.9047
0.90471
0.90472
0.90473
0.904739
0.904749
0.904759
0.904769
0.904779
0.904789
0.904798
0.904808
0.904818
0.904828
0.904838
0.904848
0.904857
0.904867
0.904877
0.904887
0.904897
0.904906
0.904916
0.904926
0.904936
0.904945
0.904955
0.904965
0.904975
0.904984
0.904994
0.905004
0.905014
0.905023
0.905033
0.905043
0.905053
0.905062
0.905072
0.905082
0.905091
0.905101
0.905111
0.90512
0.90513
0.90514
0.90515
0.905159
0.905169
0.905179
0.905188
0.905198
0.905207
0.905217
0.905227
0.905236
0.905246
0.905256
0.905265
0.905275
0.905285
0.905294
0.905304
0.905313
0.905323
0.905333
0.905342
0.905352
0.905361
0.905371
0.90538
0.90539
0.9054
0.905409
0.905419
0.905428
0.905438
0.905447
0.905457
0.905466
0.905476
0.905486
0.905495
0.905505
0.905514
0.905524
0.905533
0.905543
0.905552
0.905562
0.905571
0.905581
0.90559
0.9056
0.905609
0.905618
0.905628
0.905637
0.905647
0.905656
0.905666
0.905675
0.905685
0.905694
0.905704
0.905713
0.905722
0.905732
0.905741
0.905751
0.90576
0.905769
0.905779
0.905788
0.905798
0.905807
0.905816
0.905826
0.905835
0.905845
0.905854
0.905863
0.905873
0.905882
0.905891
0.905901
0.90591
0.905919
0.905929
0.905938
0.905947
0.905957
0.905966
0.905975
0.905985
0.905994
0.906003
0.906012
0.906022
0.906031
0.90604
0.90605
0.906059
0.906068
0.906077
0.906087
0.906096
0.906105
0.906114
0.906124
0.906133
0.906142
0.906151
0.906161
0.90617
0.906179
0.906188
0.906198
0.906207
0.906216
0.906225
0.906234
0.906244
0.906253
0.906262
0.906271
0.90628
0.90629
0.906299
0.906308
0.906317
0.906326
0.906335
0.906345
0.906354
0.906363
0.906372
0.906381
0.90639
0.906399
0.906408
0.906418
0.906427
0.906436
0.906445
0.906454
0.906463
0.906472
0.906481
0.90649
0.9065
0.906509
0.906518
0.906527
0.906536
0.906545
0.906554
0.906563
0.906572
0.906581
0.90659
0.906599
0.906608
0.906617
0.906626
0.906635
0.906644
0.906653
0.906662
0.906671
0.90668
0.906689
0.906698
0.906707
0.906716
0.906725
0.906734
0.906743
0.906752
0.906761
0.90677
0.906779
0.906788
0.906797
0.906806
0.906815
0.906824
0.906833
0.906842
0.906851
0.90686
0.906869
0.906878
0.906887
0.906895
0.906904
0.906913
0.906922
0.906931
0.90694
0.906949
0.906958
0.906967
0.906975
0.906984
0.906993
0.907002
0.907011
0.90702
0.907029
0.907038
0.907046
0.907055
0.907064
0.907073
0.907082
0.907091
0.907099
0.907108
0.907117
0.907126
0.907135
0.907143
0.907152
0.907161
0.90717
0.907179
0.907187
0.907196
0.907205
0.907214
0.907223
0.907231
0.90724
0.907249
0.907258
0.907266
0.907275
0.907284
0.907293
0.907301
0.90731
0.907319
0.907328
0.907336
0.907345
0.907354
0.907362
0.907371
0.90738
0.907389
0.907397
0.907406
0.907415
0.907423
0.907432
0.907441
0.907449
0.907458
0.907467
0.907475
0.907484
0.907493
0.907501
0.90751
0.907519
0.907527
0.907536
0.907545
0.907553
0.907562
0.90757
0.907579
0.907588
0.907596
0.907605
0.907613
0.907622
0.907631
0.907639
0.907648
0.907656
0.907665
0.907674
0.907682
0.907691
0.907699
0.907708
0.907716
0.907725
0.907734
0.907742
0.907751
0.907759
0.907768
0.907776
0.907785
0.907793
0.907802
0.90781
0.907819
0.907827
0.907836
0.907844
0.907853
0.907861
0.90787
0.907878
0.907887
0.907895
0.907904
0.907912
0.907921
0.907929
0.907938
0.907946
0.907955
0.907963
0.907972
0.90798
0.907989
0.907997
0.908005
0.908014
0.908022
0.908031
0.908039
0.908048
0.908056
0.908064
0.908073
0.908081
0.90809
0.908098
0.908106
0.908115
0.908123
0.908132
0.90814
0.908148
0.908157
0.908165
0.908173
0.908182
0.90819
0.908199
0.908207
0.908215
0.908224
0.908232
0.90824
0.908249
0.908257
0.908265
0.908274
0.908282
0.90829
0.908299
0.908307
0.908315
0.908323
0.908332
0.90834
0.908348
0.908357
0.908365
0.908373
0.908381
0.90839
0.908398
0.908406
0.908415
0.908423
0.908431
0.908439
0.908448
0.908456
0.908464
0.908472
0.908481
0.908489
0.908497
0.908505
0.908513
0.908522
0.90853
0.908538
0.908546
0.908555
0.908563
0.908571
0.908579
0.908587
0.908595
0.908604
0.908612
0.90862
0.908628
0.908636
0.908645
0.908653
0.908661
0.908669
0.908677
0.908685
0.908693
0.908702
0.90871
0.908718
0.908726
0.908734
0.908742
0.90875
0.908759
0.908767
0.908775
0.908783
0.908791
0.908799
0.908807
0.908815
0.908823
0.908831
0.90884
0.908848
0.908856
0.908864
0.908872
0.90888
0.908888
0.908896
0.908904
0.908912
0.90892
0.908928
0.908936
0.908944
0.908952
0.90896
0.908968
0.908976
0.908984
0.908993
0.909001
0.909009
0.909017
0.909025
0.909033
0.909041
0.909049
0.909057
0.909065
0.909073
0.909081
0.909088
0.909096
0.909104
0.909112
0.90912
0.909128
0.909136
0.909144
0.909152
0.90916
0.909168
0.909176
0.909184
0.909192
0.9092
0.909208
0.909216
0.909224
0.909232
0.909239
0.909247
0.909255
0.909263
0.909271
0.909279
0.909287
0.909295
0.909303
0.909311
0.909318
0.909326
0.909334
0.909342
0.90935
0.909358
0.909366
0.909374
0.909381
0.909389
0.909397
0.909405
0.909413
0.909421
0.909429
0.909436
0.909444
0.909452
0.90946
0.909468
0.909475
0.909483
0.909491
0.909499
0.909507
0.909515
0.909522
0.90953
0.909538
0.909546
0.909553
0.909561
0.909569
0.909577
0.909585
0.909592
0.9096
0.909608
0.909616
0.909623
0.909631
0.909639
0.909647
0.909654
0.909662
0.90967
0.909678
0.909685
0.909693
0.909701
0.909709
0.909716
0.909724
0.909732
0.909739
0.909747
0.909755
0.909762
0.90977
0.909778
0.909786
0.909793
0.909801
0.909809
0.909816
0.909824
0.909832
0.909839
0.909847
0.909855
0.909862
0.90987
0.909878
0.909885
0.909893
0.909901
0.909908
0.909916
0.909923
0.909931
0.909939
0.909946
0.909954
0.909962
0.909969
0.909977
0.909984
0.909992
0.91
0.910007
0.910015
0.910022
0.91003
0.910038
0.910045
0.910053
0.91006
0.910068
0.910075
0.910083
0.910091
0.910098
0.910106
0.910113
0.910121
0.910128
0.910136
0.910143
0.910151
0.910158
0.910166
0.910174
0.910181
0.910189
0.910196
0.910204
0.910211
0.910219
0.910226
0.910234
0.910241
0.910249
0.910256
0.910264
0.910271
0.910279
0.910286
0.910294
0.910301
0.910309
0.910316
0.910323
0.910331
0.910338
0.910346
0.910353
0.910361
0.910368
0.910376
0.910383
0.910391
0.910398
0.910405
0.910413
0.91042
0.910428
0.910435
0.910442
0.91045
0.910457
0.910465
0.910472
0.91048
0.910487
0.910494
0.910502
0.910509
0.910517
0.910524
0.910531
0.910539
0.910546
0.910553
0.910561
0.910568
0.910575
0.910583
0.91059
0.910598
0.910605
0.910612
0.91062
0.910627
0.910634
0.910642
0.910649
0.910656
0.910664
0.910671
0.910678
0.910686
0.910693
0.9107
0.910707
0.910715
0.910722
0.910729
0.910737
0.910744
0.910751
0.910759
0.910766
0.910773
0.91078
0.910788
0.910795
0.910802
0.91081
0.910817
0.910824
0.910831
0.910839
0.910846
0.910853
0.91086
0.910868
0.910875
0.910882
0.910889
0.910896
0.910904
0.910911
0.910918
0.910925
0.910933
0.91094
0.910947
0.910954
0.910961
0.910969
0.910976
0.910983
0.91099
0.910997
0.911005
0.911012
0.911019
0.911026
0.911033
0.91104
0.911048
0.911055
0.911062
0.911069
0.911076
0.911083
0.911091
0.911098
0.911105
0.911112
0.911119
0.911126
0.911133
0.911141
0.911148
0.911155
0.911162
0.911169
0.911176
0.911183
0.91119
0.911198
0.911205
0.911212
0.911219
0.911226
0.911233
0.91124
0.911247
0.911254
0.911261
0.911268
0.911275
0.911283
0.91129
0.911297
0.911304
0.911311
0.911318
0.911325
0.911332
0.911339
0.911346
0.911353
0.91136
0.911367
0.911374
0.911381
0.911388
0.911395
0.911402
0.911409
0.911416
0.911423
0.91143
0.911437
0.911444
0.911451
0.911458
0.911465
0.911472
0.911479
0.911486
0.911493
0.9115
0.911507
0.911514
0.911521
0.911528
0.911535
0.911542
0.911549
0.911556
0.911563
0.91157
0.911577
0.911584
0.911591
0.911598
0.911605
0.911612
0.911619
0.911626
0.911633
0.911639
0.911646
0.911653
0.91166
0.911667
0.911674
0.911681
0.911688
0.911695
0.911702
0.911709
0.911716
0.911722
0.911729
0.911736
0.911743
0.91175
0.911757
0.911764
0.911771
0.911777
0.911784
0.911791
0.911798
0.911805
0.911812
0.911819
0.911825
0.911832
0.911839
0.911846
0.911853
0.91186
0.911867
0.911873
0.91188
0.911887
0.911894
0.911901
0.911907
0.911914
0.911921
0.911928
0.911935
0.911942
0.911948
0.911955
0.911962
0.911969
0.911976
0.911982
0.911989
0.911996
0.912003
0.912009
0.912016
0.912023
0.91203
0.912037
0.912043
0.91205
0.912057
0.912064
0.91207
0.912077
0.912084
0.912091
0.912097
0.912104
0.912111
0.912118
0.912124
0.912131
0.912138
0.912144
0.912151
0.912158
0.912165
0.912171
0.912178
0.912185
0.912191
0.912198
0.912205
0.912212
0.912218
0.912225
0.912232
0.912238
0.912245
0.912252
0.912258
0.912265
0.912272
0.912278
0.912285
0.912292
0.912298
0.912305
0.912312
0.912318
0.912325
0.912332
0.912338
0.912345
0.912352
0.912358
0.912365
0.912371
0.912378
0.912385
0.912391
0.912398
0.912405
0.912411
0.912418
0.912424
0.912431
0.912438
0.912444
0.912451
0.912457
0.912464
0.912471
0.912477
0.912484
0.91249
0.912497
0.912504
0.91251
0.912517
0.912523
0.91253
0.912536
0.912543
0.91255
0.912556
0.912563
0.912569
0.912576
0.912582
0.912589
0.912595
0.912602
0.912608
0.912615
0.912621
0.912628
0.912635
0.912641
0.912648
0.912654
0.912661
0.912667
0.912674
0.91268
0.912687
0.912693
0.9127
0.912706
0.912713
0.912719
0.912726
0.912732
0.912739
0.912745
0.912752
0.912758
0.912765
0.912771
0.912777
0.912784
0.91279
0.912797
0.912803
0.91281
0.912816
0.912823
0.912829
0.912836
0.912842
0.912848
0.912855
0.912861
0.912868
0.912874
0.912881
0.912887
0.912893
0.9129
0.912906
0.912913
0.912919
0.912926
0.912932
0.912938
0.912945
0.912951
0.912958
0.912964
0.91297
0.912977
0.912983
0.91299
0.912996
0.913002
0.913009
0.913015
0.913021
0.913028
0.913034
0.913041
0.913047
0.913053
0.91306
0.913066
0.913072
0.913079
0.913085
0.913091
0.913098
0.913104
0.91311
0.913117
0.913123
0.913129
0.913136
0.913142
0.913148
0.913155
0.913161
0.913167
0.913174
0.91318
0.913186
0.913193
0.913199
0.913205
0.913211
0.913218
0.913224
0.91323
0.913237
0.913243
0.913249
0.913255
0.913262
0.913268
0.913274
0.913281
0.913287
0.913293
0.913299
0.913306
0.913312
0.913318
0.913324
0.913331
0.913337
0.913343
0.913349
0.913356
0.913362
0.913368
0.913374
0.91338
0.913387
0.913393
0.913399
0.913405
0.913412
0.913418
0.913424
0.91343
0.913436
0.913443
0.913449
0.913455
0.913461
0.913467
0.913474
0.91348
0.913486
0.913492
0.913498
0.913505
0.913511
0.913517
0.913523
0.913529
0.913535
0.913542
0.913548
0.913554
0.91356
0.913566
0.913572
0.913579
0.913585
0.913591
0.913597
0.913603
0.913609
0.913615
0.913622
0.913628
0.913634
0.91364
0.913646
0.913652
0.913658
0.913664
0.913671
0.913677
0.913683
0.913689
0.913695
0.913701
0.913707
0.913713
0.913719
0.913725
0.913732
0.913738
0.913744
0.91375
0.913756
0.913762
0.913768
0.913774
0.91378
0.913786
0.913792
0.913798
0.913804
0.91381
0.913817
0.913823
0.913829
0.913835
0.913841
0.913847
0.913853
0.913859
0.913865
0.913871
0.913877
0.913883
0.913889
0.913895
0.913901
0.913907
0.913913
0.913919
0.913925
0.913931
0.913937
0.913943
0.913949
0.913955
0.913961
0.913967
0.913973
0.913979
0.913985
0.913991
0.913997
0.914003
0.914009
0.914015
0.914021
0.914027
0.914033
0.914039
0.914045
0.914051
0.914057
0.914063
0.914069
0.914075
0.914081
0.914087
0.914093
0.914099
0.914105
0.91411
0.914116
0.914122
0.914128
0.914134
0.91414
0.914146
0.914152
0.914158
0.914164
0.91417
0.914176
0.914182
0.914187
0.914193
0.914199
0.914205
0.914211
0.914217
0.914223
0.914229
0.914235
0.914241
0.914246
0.914252
0.914258
0.914264
0.91427
0.914276
0.914282
0.914288
0.914294
0.914299
0.914305
0.914311
0.914317
0.914323
0.914329
0.914335
0.91434
0.914346
0.914352
0.914358
0.914364
0.91437
0.914375
0.914381
0.914387
0.914393
0.914399
0.914405
0.91441
0.914416
0.914422
0.914428
0.914434
0.91444
0.914445
0.914451
0.914457
0.914463
0.914469
0.914474
0.91448
0.914486
0.914492
0.914498
0.914503
0.914509
0.914515
0.914521
0.914526
0.914532
0.914538
0.914544
0.91455
0.914555
0.914561
0.914567
0.914573
0.914578
0.914584
0.91459
0.914596
0.914601
0.914607
0.914613
0.914619
0.914624
0.91463
0.914636
0.914642
0.914647
0.914653
0.914659
0.914664
0.91467
0.914676
0.914682
0.914687
0.914693
0.914699
0.914704
0.91471
0.914716
0.914722
0.914727
0.914733
0.914739
0.914744
0.91475
0.914756
0.914761
0.914767
0.914773
0.914779
0.914784
0.91479
0.914796
0.914801
0.914807
0.914813
0.914818
0.914824
0.91483
0.914835
0.914841
0.914847
0.914852
0.914858
0.914863
0.914869
0.914875
0.91488
0.914886
0.914892
0.914897
0.914903
0.914909
0.914914
0.91492
0.914925
0.914931
0.914937
0.914942
0.914948
0.914954
0.914959
0.914965
0.91497
0.914976
0.914982
0.914987
0.914993
0.914998
0.915004
0.91501
0.915015
0.915021
0.915026
0.915032
0.915037
0.915043
0.915049
0.915054
0.91506
0.915065
0.915071
0.915076
0.915082
0.915088
0.915093
0.915099
0.915104
0.91511
0.915115
0.915121
0.915126
0.915132
0.915138
0.915143
0.915149
0.915154
0.91516
0.915165
0.915171
0.915176
0.915182
0.915187
0.915193
0.915198
0.915204
0.915209
0.915215
0.91522
0.915226
0.915231
0.915237
0.915242
0.915248
0.915253
0.915259
0.915264
0.91527
0.915275
0.915281
0.915286
0.915292
0.915297
0.915303
0.915308
0.915314
0.915319
0.915325
0.91533
0.915336
0.915341
0.915347
0.915352
0.915358
0.915363
0.915368
0.915374
0.915379
0.915385
0.91539
0.915396
0.915401
0.915407
0.915412
0.915417
0.915423
0.915428
0.915434
0.915439
0.915445
0.91545
0.915455
0.915461
0.915466
0.915472
0.915477
0.915482
0.915488
0.915493
0.915499
0.915504
0.915509
0.915515
0.91552
0.915526
0.915531
0.915536
0.915542
0.915547
0.915553
0.915558
0.915563
0.915569
0.915574
0.915579
0.915585
0.91559
0.915596
0.915601
0.915606
0.915612
0.915617
0.915622
0.915628
0.915633
0.915638
0.915644
0.915649
0.915654
0.91566
0.915665
0.91567
0.915676
0.915681
0.915686
0.915692
0.915697
0.915702
0.915708
0.915713
0.915718
0.915724
0.915729
0.915734
0.91574
0.915745
0.91575
0.915756
0.915761
0.915766
0.915772
0.915777
0.915782
0.915787
0.915793
0.915798
0.915803
0.915809
0.915814
0.915819
0.915824
0.91583
0.915835
0.91584
0.915845
0.915851
0.915856
0.915861
0.915867
0.915872
0.915877
0.915882
0.915888
0.915893
0.915898
0.915903
0.915909
0.915914
0.915919
0.915924
0.91593
0.915935
0.91594
0.915945
0.91595
0.915956
0.915961
0.915966
0.915971
0.915977
0.915982
0.915987
0.915992
0.915997
0.916003
0.916008
0.916013
0.916018
0.916023
0.916029
0.916034
0.916039
0.916044
0.916049
0.916055
0.91606
0.916065
0.91607
0.916075
0.916081
0.916086
0.916091
0.916096
0.916101
0.916106
0.916112
0.916117
0.916122
0.916127
0.916132
0.916137
0.916143
0.916148
0.916153
0.916158
0.916163
0.916168
0.916173
0.916179
0.916184
0.916189
0.916194
0.916199
0.916204
0.916209
0.916215
0.91622
0.916225
0.91623
0.916235
0.91624
0.916245
0.91625
0.916256
0.916261
0.916266
0.916271
0.916276
0.916281
0.916286
0.916291
0.916296
0.916301
0.916307
0.916312
0.916317
0.916322
0.916327
0.916332
0.916337
0.916342
0.916347
0.916352
0.916357
0.916363
0.916368
0.916373
0.916378
0.916383
0.916388
0.916393
0.916398
0.916403
0.916408
0.916413
0.916418
0.916423
0.916428
0.916433
0.916438
0.916443
0.916448
0.916454
0.916459
0.916464
