0.001
0.00536041
0.0104615
0.0156925
0.020793
0.0256581
0.0302544
0.0345819
0.0386561
0.0424986
0.046133
0.0495825
0.0528687
0.056011
0.0590269
0.0619316
0.0647385
0.067459
0.0701031
0.0726796
0.0751959
0.0776585
0.080073
0.0824444
0.084777
0.0870745
0.0893402
0.0915769
0.0937874
0.0959738
0.0981381
0.100282
0.102408
0.104516
0.106608
0.108685
0.110749
0.112799
0.114838
0.116865
0.118881
0.120888
0.122885
0.124872
0.126852
0.128823
0.130786
0.132742
0.134691
0.136632
0.138567
0.140496
0.142419
0.144335
0.146246
0.148151
0.15005
0.151944
0.153833
0.155716
0.157595
0.159468
0.161336
0.1632
0.165059
0.166913
0.168762
0.170607
0.172448
0.174284
0.176115
0.177942
0.179765
0.181583
0.183397
0.185207
0.187012
0.188813
0.190611
0.192403
0.194192
0.195977
0.197757
0.199534
0.201306
0.203075
0.204839
0.206599
0.208356
0.210108
0.211856
0.213601
0.215341
0.217077
0.21881
0.220539
0.222263
0.223984
0.225701
0.227414
0.229124
0.230829
0.232531
0.234229
0.235923
0.237613
0.239299
0.240982
0.242661
0.244336
0.246007
0.247675
0.249338
0.250999
0.252655
0.254308
0.255957
0.257602
0.259244
0.260882
0.262516
0.264147
0.265774
0.267397
0.269017
0.270633
0.272245
0.273854
0.275459
0.277061
0.278659
0.280254
0.281845
0.283432
0.285016
0.286597
0.288173
0.289747
0.291317
0.292883
0.294446
0.296005
0.297561
0.299113
0.300662
0.302208
0.30375
0.305288
0.306823
0.308355
0.309883
0.311408
0.31293
0.314448
0.315963
0.317474
0.318982
0.320487
0.321988
0.323486
0.32498
0.326472
0.327959
0.329444
0.330925
0.332403
0.333878
0.335349
0.336818
0.338282
0.339744
0.341202
0.342657
0.344109
0.345558
0.347003
0.348445
0.349884
0.35132
0.352753
0.354182
0.355608
0.357031
0.358451
0.359868
0.361281
0.362692
0.364099
0.365503
0.366904
0.368302
0.369697
0.371088
0.372477
0.373862
0.375245
0.376624
0.378
0.379373
0.380743
0.38211
0.383474
0.384835
0.386193
0.387548
0.3889
0.390249
0.391595
0.392938
0.394278
0.395615
0.396949
0.39828
0.399608
0.400933
0.402255
0.403574
0.40489
0.406204
0.407514
0.408822
0.410126
0.411428
0.412727
0.414023
0.415316
0.416606
0.417893
0.419178
0.420459
0.421738
0.423014
0.424287
0.425557
0.426825
0.428089
0.429351
0.43061
0.431866
0.433119
0.43437
0.435618
0.436863
0.438105
0.439345
0.440581
0.441815
0.443047
0.444275
0.445501
0.446724
0.447944
0.449162
0.450377
0.451589
0.452799
0.454006
0.45521
0.456411
0.45761
0.458806
0.46
0.461191
0.462379
0.463564
0.464747
0.465928
0.467105
0.46828
0.469453
0.470623
0.47179
0.472955
0.474117
0.475276
0.476433
0.477587
0.478739
0.479888
0.481035
0.482179
0.483321
0.48446
0.485596
0.48673
0.487862
0.488991
0.490117
0.491241
0.492363
0.493482
0.494598
0.495712
0.496824
0.497933
0.49904
0.500144
0.501245
0.502345
0.503442
0.504536
0.505628
0.506717
0.507805
0.508889
0.509972
0.511051
0.512129
0.513204
0.514277
0.515347
0.516415
0.517481
0.518544
0.519605
0.520663
0.521719
0.522773
0.523825
0.524874
0.525921
0.526965
0.528007
0.529047
0.530085
0.53112
0.532153
0.533184
0.534212
0.535238
0.536262
0.537283
0.538303
0.53932
0.540334
0.541347
0.542357
0.543365
0.544371
0.545374
0.546376
0.547375
0.548372
0.549366
0.550359
0.551349
0.552337
0.553323
0.554307
0.555288
0.556268
0.557245
0.55822
0.559192
0.560163
0.561132
0.562098
0.563062
0.564024
0.564984
0.565942
0.566898
0.567851
0.568803
0.569752
0.570699
0.571644
0.572587
0.573528
0.574467
0.575404
0.576339
0.577271
0.578202
0.57913
0.580057
0.580981
0.581903
0.582824
0.583742
0.584658
0.585572
0.586484
0.587395
0.588303
0.589209
0.590113
0.591015
0.591915
0.592813
0.593709
0.594603
0.595495
0.596385
0.597274
0.59816
0.599044
0.599926
0.600806
0.601685
0.602561
0.603436
0.604308
0.605179
0.606047
0.606914
0.607779
0.608642
0.609503
0.610362
0.611219
0.612074
0.612928
0.613779
0.614629
0.615476
0.616322
0.617166
0.618008
0.618848
0.619687
0.620523
0.621358
0.62219
0.623021
0.62385
0.624678
0.625503
0.626327
0.627148
0.627968
0.628786
0.629603
0.630417
0.63123
0.632041
0.63285
0.633657
0.634463
0.635266
0.636068
0.636868
0.637667
0.638463
0.639258
0.640051
0.640842
0.641632
0.64242
0.643206
0.64399
0.644773
0.645554
0.646333
0.64711
0.647886
0.64866
0.649432
0.650202
0.650971
0.651738
0.652504
0.653267
0.654029
0.65479
0.655548
0.656305
0.657061
0.657814
0.658566
0.659316
0.660065
0.660812
0.661557
0.662301
0.663043
0.663783
0.664522
0.665259
0.665994
0.666728
0.66746
0.668191
0.66892
0.669647
0.670373
0.671097
0.671819
0.67254
0.673259
0.673977
0.674693
0.675407
0.67612
0.676832
0.677541
0.67825
0.678956
0.679661
0.680365
0.681067
0.681767
0.682466
0.683163
0.683859
0.684553
0.685246
0.685937
0.686626
0.687314
0.688001
0.688686
0.689369
0.690051
0.690732
0.691411
0.692088
0.692764
0.693438
0.694111
0.694783
0.695453
0.696121
0.696788
0.697454
0.698118
0.69878
0.699441
0.700101
0.700759
0.701416
0.702071
0.702725
0.703377
0.704028
0.704678
0.705326
0.705972
0.706617
0.707261
0.707903
0.708544
0.709184
0.709822
0.710458
0.711093
0.711727
0.71236
0.712991
0.71362
0.714248
0.714875
0.715501
0.716125
0.716747
0.717369
0.717988
0.718607
0.719224
0.71984
0.720454
0.721067
0.721679
0.722289
0.722898
0.723506
0.724112
0.724717
0.725321
0.725923
0.726524
0.727123
0.727722
0.728319
0.728914
0.729508
0.730101
0.730693
0.731283
0.731872
0.73246
0.733047
0.733632
0.734215
0.734798
0.735379
0.735959
0.736538
0.737115
0.737691
0.738266
0.73884
0.739412
0.739983
0.740553
0.741121
0.741688
0.742254
0.742819
0.743383
0.743945
0.744506
0.745065
0.745624
0.746181
0.746737
0.747292
0.747846
0.748398
0.748949
0.749499
0.750047
0.750595
0.751141
0.751686
0.75223
0.752772
0.753314
0.753854
0.754393
0.754931
0.755467
0.756003
0.756537
0.75707
0.757602
0.758133
0.758662
0.759191
0.759718
0.760244
0.760769
0.761292
0.761815
0.762336
0.762856
0.763375
0.763893
0.76441
0.764926
0.76544
0.765953
0.766465
0.766976
0.767486
0.767995
0.768503
0.769009
0.769515
0.770019
0.770522
0.771024
0.771525
0.772025
0.772524
0.773021
0.773518
0.774013
0.774507
0.775001
0.775493
0.775984
0.776474
0.776963
0.77745
0.777937
0.778423
0.778907
0.779391
0.779873
0.780354
0.780835
0.781314
0.781792
0.782269
0.782745
0.78322
0.783694
0.784167
0.784638
0.785109
0.785579
0.786048
0.786515
0.786982
0.787447
0.787912
0.788375
0.788838
0.789299
0.78976
0.790219
0.790678
0.791135
0.791591
0.792047
0.792501
0.792954
0.793407
0.793858
0.794308
0.794757
0.795206
0.795653
0.796099
0.796545
0.796989
0.797433
0.797875
0.798316
0.798757
0.799196
0.799635
0.800072
0.800509
0.800944
0.801379
0.801813
0.802245
0.802677
0.803108
0.803538
0.803966
0.804394
0.804821
0.805247
0.805672
0.806096
0.80652
0.806942
0.807363
0.807784
0.808203
0.808622
0.809039
0.809456
0.809872
0.810286
0.8107
0.811113
0.811525
0.811936
0.812347
0.812756
0.813164
0.813572
0.813979
0.814384
0.814789
0.815193
0.815596
0.815998
0.816399
0.8168
0.817199
0.817598
0.817995
0.818392
0.818788
0.819183
0.819577
0.819971
0.820363
0.820755
0.821145
0.821535
0.821924
0.822312
0.8227
0.823086
0.823471
0.823856
0.82424
0.824623
0.825005
0.825386
0.825767
0.826146
0.826525
0.826903
0.82728
0.827656
0.828032
0.828406
0.82878
0.829153
0.829525
0.829896
0.830267
0.830636
0.831005
0.831373
0.83174
0.832106
0.832472
0.832837
0.833201
0.833564
0.833926
0.834287
0.834648
0.835008
0.835367
0.835725
0.836083
0.83644
0.836796
0.837151
0.837505
0.837859
0.838211
0.838563
0.838915
0.839265
0.839615
0.839964
0.840312
0.840659
0.841006
0.841351
0.841696
0.842041
0.842384
0.842727
0.843069
0.84341
0.843751
0.84409
0.844429
0.844768
0.845105
0.845442
0.845778
0.846113
0.846447
0.846781
0.847114
0.847446
0.847778
0.848109
0.848439
0.848768
0.849097
0.849425
0.849752
0.850078
0.850404
0.850729
0.851053
0.851376
0.851699
0.852021
0.852343
0.852663
0.852983
0.853303
0.853621
0.853939
0.854256
0.854573
0.854888
0.855203
0.855518
0.855831
0.856144
0.856457
0.856768
0.857079
0.857389
0.857699
0.858007
0.858315
0.858623
0.85893
0.859236
0.859541
0.859846
0.86015
0.860453
0.860756
0.861058
0.861359
0.86166
0.86196
0.862259
0.862558
0.862856
0.863153
0.86345
0.863746
0.864042
0.864336
0.86463
0.864924
0.865217
0.865509
0.8658
0.866091
0.866381
0.866671
0.86696
0.867248
0.867536
0.867823
0.868109
0.868395
0.86868
0.868964
0.869248
0.869531
0.869814
0.870096
0.870377
0.870658
0.870938
0.871217
0.871496
0.871774
0.872052
0.872329
0.872605
0.872881
0.873156
0.873431
0.873705
0.873978
0.874251
0.874523
0.874794
0.875065
0.875336
0.875605
0.875874
0.876143
0.876411
0.876678
0.876945
0.877211
0.877476
0.877741
0.878006
0.87827
0.878533
0.878795
0.879057
0.879319
0.87958
0.87984
0.8801
0.880359
0.880617
0.880875
0.881133
0.88139
0.881646
0.881902
0.882157
0.882411
0.882665
0.882919
0.883172
0.883424
0.883676
0.883927
0.884178
0.884428
0.884677
0.884926
0.885175
0.885423
0.88567
0.885917
0.886163
0.886409
0.886654
0.886899
0.887143
0.887386
0.887629
0.887872
0.888114
0.888355
0.888596
0.888836
0.889076
0.889315
0.889554
0.889792
0.89003
0.890267
0.890503
0.89074
0.890975
0.89121
0.891445
0.891679
0.891912
0.892145
0.892377
0.892609
0.892841
0.893072
0.893302
0.893532
0.893761
0.89399
0.894219
0.894446
0.894674
0.894901
0.895127
0.895353
0.895578
0.895803
0.896027
0.896251
0.896474
0.896697
0.89692
0.897141
0.897363
0.897584
0.897804
0.898024
0.898243
0.898462
0.898681
0.898899
0.899116
0.899333
0.89955
0.899766
0.899981
0.900196
0.900411
0.900625
0.900839
0.901052
0.901265
0.901477
0.901689
0.9019
0.902111
0.902321
0.902531
0.90274
0.902949
0.903158
0.903366
0.903573
0.90378
0.903987
0.904193
0.904399
0.904604
0.904809
0.905014
0.905217
0.905421
0.905624
0.905826
0.906029
0.90623
0.906431
0.906632
0.906833
0.907032
0.907232
0.907431
0.907629
0.907828
0.908025
0.908222
0.908419
0.908616
0.908812
0.909007
0.909202
0.909397
0.909591
0.909785
0.909978
0.910171
0.910363
0.910556
0.910747
0.910938
0.911129
0.91132
0.911509
0.911699
0.911888
0.912077
0.912265
0.912453
0.91264
0.912827
0.913014
0.9132
0.913386
0.913571
0.913756
0.913941
0.914125
0.914309
0.914492
0.914675
0.914857
0.915039
0.915221
0.915402
0.915583
0.915764
0.915944
0.916123
0.916303
0.916482
0.91666
0.916838
0.917016
0.917193
0.91737
0.917547
0.917723
0.917899
0.918074
0.918249
0.918423
0.918598
0.918771
0.918945
0.919118
0.919291
0.919463
0.919635
0.919806
0.919977
0.920148
0.920318
0.920488
0.920658
0.920827
0.920996
0.921165
0.921333
0.921501
0.921668
0.921835
0.922002
0.922168
0.922334
0.922499
0.922664
0.922829
0.922994
0.923158
0.923321
0.923485
0.923648
0.92381
0.923973
0.924134
0.924296
0.924457
0.924618
0.924778
0.924938
0.925098
0.925258
0.925417
0.925575
0.925734
0.925892
0.926049
0.926207
0.926364
0.92652
0.926676
0.926832
0.926988
0.927143
0.927298
0.927452
0.927607
0.92776
0.927914
0.928067
0.92822
0.928372
0.928525
0.928676
0.928828
0.928979
0.92913
0.92928
0.92943
0.92958
0.92973
0.929879
0.930027
0.930176
0.930324
0.930472
0.930619
0.930767
0.930913
0.93106
0.931206
0.931352
0.931497
0.931643
0.931788
0.931932
0.932076
0.93222
0.932364
0.932507
0.93265
0.932793
0.932935
0.933077
0.933219
0.93336
0.933501
0.933642
0.933783
0.933923
0.934063
0.934202
0.934341
0.93448
0.934619
0.934757
0.934895
0.935033
0.93517
0.935307
0.935444
0.93558
0.935717
0.935852
0.935988
0.936123
0.936258
0.936393
0.936527
0.936661
0.936795
0.936929
0.937062
0.937195
0.937327
0.937459
0.937591
0.937723
0.937855
0.937986
0.938116
0.938247
0.938377
0.938507
0.938637
0.938766
0.938895
0.939024
0.939153
0.939281
0.939409
0.939537
0.939664
0.939791
0.939918
0.940044
0.940171
0.940297
0.940422
0.940548
0.940673
0.940798
0.940922
0.941047
0.941171
0.941295
0.941418
0.941541
0.941664
0.941787
0.941909
0.942031
0.942153
0.942275
0.942396
0.942517
0.942638
0.942759
0.942879
0.942999
0.943119
0.943238
0.943357
0.943476
0.943595
0.943713
0.943831
0.943949
0.944067
0.944184
0.944301
0.944418
0.944535
0.944651
0.944767
0.944883
0.944998
0.945114
0.945229
0.945343
0.945458
0.945572
0.945686
0.9458
0.945913
0.946027
0.94614
0.946252
0.946365
0.946477
0.946589
0.946701
0.946812
0.946924
0.947035
0.947146
0.947256
0.947366
0.947476
0.947586
0.947696
0.947805
0.947914
0.948023
0.948131
0.94824
0.948348
0.948456
0.948563
0.948671
0.948778
0.948885
0.948991
0.949098
0.949204
0.94931
0.949416
0.949521
0.949627
0.949732
0.949836
0.949941
0.950045
0.950149
0.950253
0.950357
0.95046
0.950563
0.950666
0.950769
0.950872
0.950974
0.951076
0.951178
0.951279
0.951381
0.951482
0.951583
0.951683
0.951784
0.951884
0.951984
0.952084
0.952183
0.952283
0.952382
0.952481
0.95258
0.952678
0.952776
0.952874
0.952972
0.95307
0.953167
0.953264
0.953361
0.953458
0.953555
0.953651
0.953747
0.953843
0.953939
0.954034
0.954129
0.954224
0.954319
0.954414
0.954508
0.954602
0.954696
0.95479
0.954884
0.954977
0.95507
0.955163
0.955256
0.955349
0.955441
0.955533
0.955625
0.955717
0.955808
0.9559
0.955991
0.956082
0.956172
0.956263
0.956353
0.956443
0.956533
0.956623
0.956712
0.956802
0.956891
0.95698
0.957068
0.957157
0.957245
0.957333
0.957421
0.957509
0.957597
0.957684
0.957771
0.957858
0.957945
0.958032
0.958118
0.958204
0.95829
0.958376
0.958462
0.958547
0.958632
0.958717
0.958802
0.958887
0.958971
0.959056
0.95914
0.959224
0.959308
0.959391
0.959474
0.959558
0.959641
0.959724
0.959806
0.959889
0.959971
0.960053
0.960135
0.960217
0.960298
0.96038
0.960461
0.960542
0.960623
0.960703
0.960784
0.960864
0.960944
0.961024
0.961104
0.961183
0.961263
0.961342
0.961421
0.9615
0.961579
0.961657
0.961736
0.961814
0.961892
0.96197
0.962047
0.962125
0.962202
0.962279
0.962356
0.962433
0.96251
0.962586
0.962662
0.962739
0.962814
0.96289
0.962966
0.963041
0.963117
0.963192
0.963267
0.963341
0.963416
0.963491
0.963565
0.963639
0.963713
0.963787
0.96386
0.963934
0.964007
0.96408
0.964153
0.964226
0.964299
0.964371
0.964444
0.964516
0.964588
0.96466
0.964731
0.964803
0.964874
0.964946
0.965017
0.965088
0.965158
0.965229
0.965299
0.96537
0.96544
0.96551
0.96558
0.965649
0.965719
0.965788
0.965857
0.965926
0.965995
0.966064
0.966132
0.966201
0.966269
0.966337
0.966405
0.966473
0.966541
0.966608
0.966676
0.966743
0.96681
0.966877
0.966944
0.96701
0.967077
0.967143
0.967209
0.967276
0.967341
0.967407
0.967473
0.967538
0.967604
0.967669
0.967734
0.967799
0.967863
0.967928
0.967992
0.968057
0.968121
0.968185
0.968249
0.968313
0.968376
0.96844
0.968503
0.968566
0.968629
0.968692
0.968755
0.968817
0.96888
0.968942
0.969005
0.969067
0.969129
0.96919
0.969252
0.969314
0.969375
0.969436
0.969497
0.969558
0.969619
0.96968
0.96974
0.969801
0.969861
0.969921
0.969981
0.970041
0.970101
0.970161
0.97022
0.97028
0.970339
0.970398
0.970457
0.970516
0.970574
0.970633
0.970691
0.97075
0.970808
0.970866
0.970924
0.970982
0.97104
0.971097
0.971155
0.971212
0.971269
0.971326
0.971383
0.97144
0.971496
0.971553
0.971609
0.971666
0.971722
0.971778
0.971834
0.97189
0.971945
0.972001
0.972056
0.972112
0.972167
0.972222
0.972277
0.972332
0.972386
0.972441
0.972495
0.97255
0.972604
0.972658
0.972712
0.972766
0.972819
0.972873
0.972927
0.97298
0.973033
0.973086
0.973139
0.973192
0.973245
0.973298
0.97335
0.973403
0.973455
0.973507
0.973559
0.973611
0.973663
0.973715
0.973767
0.973818
0.973869
0.973921
0.973972
0.974023
0.974074
0.974125
0.974175
0.974226
0.974277
0.974327
0.974377
0.974427
0.974477
0.974527
0.974577
0.974627
0.974677
0.974726
0.974775
0.974825
0.974874
0.974923
0.974972
0.975021
0.975069
0.975118
0.975167
0.975215
0.975263
0.975312
0.97536
0.975408
0.975455
0.975503
0.975551
0.975598
0.975646
0.975693
0.975741
0.975788
0.975835
0.975882
0.975928
0.975975
0.976022
0.976068
0.976115
0.976161
0.976207
0.976253
0.976299
0.976345
0.976391
0.976437
0.976482
0.976528
0.976573
0.976618
0.976664
0.976709
0.976754
0.976799
0.976843
0.976888
0.976933
0.976977
0.977022
0.977066
0.97711
0.977154
0.977198
0.977242
0.977286
0.97733
0.977373
0.977417
0.97746
0.977504
0.977547
0.97759
0.977633
0.977676
0.977719
0.977762
0.977804
0.977847
0.977889
0.977932
0.977974
0.978016
0.978058
0.9781
0.978142
0.978184
0.978226
0.978267
0.978309
0.97835
0.978392
0.978433
0.978474
0.978515
0.978556
0.978597
0.978638
0.978678
0.978719
0.97876
0.9788
0.97884
0.978881
0.978921
0.978961
0.979001
0.979041
0.979081
0.97912
0.97916
0.9792
0.979239
0.979278
0.979318
0.979357
0.979396
0.979435
0.979474
0.979513
0.979552
0.97959
0.979629
0.979668
0.979706
0.979744
0.979783
0.979821
0.979859
0.979897
0.979935
0.979973
0.98001
0.980048
0.980086
0.980123
0.980161
0.980198
0.980235
0.980272
0.980309
0.980346
0.980383
0.98042
0.980457
0.980494
0.98053
0.980567
0.980603
0.98064
0.980676
0.980712
0.980748
0.980784
0.98082
0.980856
0.980892
0.980928
0.980963
0.980999
0.981034
0.98107
0.981105
0.98114
0.981175
0.981211
0.981246
0.98128
0.981315
0.98135
0.981385
0.981419
0.981454
0.981488
0.981523
0.981557
0.981591
0.981626
0.98166
0.981694
0.981728
0.981762
0.981795
0.981829
0.981863
0.981896
0.98193
0.981963
0.981996
0.98203
0.982063
0.982096
0.982129
0.982162
0.982195
0.982228
0.982261
0.982293
0.982326
0.982358
0.982391
0.982423
0.982456
0.982488
0.98252
0.982552
0.982584
0.982616
0.982648
0.98268
0.982712
0.982743
0.982775
0.982807
0.982838
0.982869
0.982901
0.982932
0.982963
0.982994
0.983025
0.983056
0.983087
0.983118
0.983149
0.98318
0.98321
0.983241
0.983271
0.983302
0.983332
0.983363
0.983393
0.983423
0.983453
0.983483
0.983513
0.983543
0.983573
0.983603
0.983632
0.983662
0.983692
0.983721
0.983751
0.98378
0.983809
0.983838
0.983868
0.983897
0.983926
0.983955
0.983984
0.984013
0.984041
0.98407
0.984099
0.984127
0.984156
0.984184
0.984213
0.984241
0.98427
0.984298
0.984326
0.984354
0.984382
0.98441
0.984438
0.984466
0.984494
0.984521
0.984549
0.984577
0.984604
0.984632
0.984659
0.984687
0.984714
0.984741
0.984768
0.984795
0.984822
0.984849
0.984876
0.984903
0.98493
0.984957
0.984984
0.98501
0.985037
0.985063
0.98509
0.985116
0.985143
0.985169
0.985195
0.985221
0.985247
0.985274
0.9853
0.985325
0.985351
0.985377
0.985403
0.985429
0.985454
0.98548
0.985506
0.985531
0.985556
0.985582
0.985607
0.985632
0.985658
0.985683
0.985708
0.985733
0.985758
0.985783
0.985808
0.985833
0.985857
0.985882
0.985907
0.985931
0.985956
0.98598
0.986005
0.986029
0.986053
0.986078
0.986102
0.986126
0.98615
0.986174
0.986198
0.986222
0.986246
0.98627
0.986294
0.986318
0.986341
0.986365
0.986389
0.986412
0.986436
0.986459
0.986482
0.986506
0.986529
0.986552
0.986575
0.986598
0.986622
0.986645
0.986668
0.98669
0.986713
0.986736
0.986759
0.986782
0.986804
0.986827
0.986849
0.986872
0.986894
0.986917
0.986939
0.986962
0.986984
0.987006
0.987028
0.98705
0.987072
0.987094
0.987116
0.987138
0.98716
0.987182
0.987204
0.987225
0.987247
0.987269
0.98729
0.987312
0.987333
0.987355
0.987376
0.987398
0.987419
0.98744
0.987461
0.987482
0.987504
0.987525
0.987546
0.987567
0.987588
0.987608
0.987629
0.98765
0.987671
0.987692
0.987712
0.987733
0.987753
0.987774
0.987794
0.987815
0.987835
0.987855
0.987876
0.987896
0.987916
0.987936
0.987956
0.987976
0.987996
0.988016
0.988036
0.988056
0.988076
0.988096
0.988116
0.988135
0.988155
0.988175
0.988194
0.988214
0.988233
0.988253
0.988272
0.988291
0.988311
0.98833
0.988349
0.988368
0.988388
0.988407
0.988426
0.988445
0.988464
0.988483
0.988502
0.98852
0.988539
0.988558
0.988577
0.988595
0.988614
0.988633
0.988651
0.98867
0.988688
0.988707
0.988725
0.988743
0.988762
0.98878
0.988798
0.988816
0.988835
0.988853
0.988871
0.988889
0.988907
0.988925
0.988943
0.988961
0.988978
0.988996
0.989014
0.989032
0.989049
0.989067
0.989085
0.989102
0.98912
0.989137
0.989155
0.989172
0.989189
0.989207
0.989224
0.989241
0.989258
0.989276
0.989293
0.98931
0.989327
0.989344
0.989361
0.989378
0.989395
0.989412
0.989428
0.989445
0.989462
0.989479
0.989495
0.989512
0.989529
0.989545
0.989562
0.989578
0.989595
0.989611
0.989628
0.989644
0.98966
0.989677
0.989693
0.989709
0.989725
0.989741
0.989757
0.989773
0.989789
0.989805
0.989821
0.989837
0.989853
0.989869
0.989885
0.989901
0.989916
0.989932
0.989948
0.989964
0.989979
0.989995
0.99001
0.990026
0.990041
0.990057
0.990072
0.990087
0.990103
0.990118
0.990133
0.990149
0.990164
0.990179
0.990194
0.990209
0.990224
0.990239
0.990254
0.990269
0.990284
0.990299
0.990314
0.990329
0.990344
0.990358
0.990373
0.990388
0.990402
0.990417
0.990432
0.990446
0.990461
0.990475
0.99049
0.990504
0.990519
0.990533
0.990547
0.990562
0.990576
0.99059
0.990604
0.990619
0.990633
0.990647
0.990661
0.990675
0.990689
0.990703
0.990717
0.990731
0.990745
0.990759
0.990773
0.990786
0.9908
0.990814
0.990828
0.990841
0.990855
0.990869
0.990882
0.990896
0.990909
0.990923
0.990936
0.99095
0.990963
0.990977
0.99099
0.991003
0.991017
0.99103
0.991043
0.991056
0.99107
0.991083
0.991096
0.991109
0.991122
0.991135
0.991148
0.991161
0.991174
0.991187
0.9912
0.991213
0.991226
0.991238
0.991251
0.991264
0.991277
0.991289
0.991302
0.991315
0.991327
0.99134
0.991353
0.991365
0.991378
0.99139
0.991402
0.991415
0.991427
0.99144
0.991452
0.991464
0.991477
0.991489
0.991501
0.991513
0.991525
0.991538
0.99155
0.991562
0.991574
0.991586
0.991598
0.99161
0.991622
0.991634
0.991646
0.991658
0.991669
0.991681
0.991693
0.991705
0.991717
0.991728
0.99174
0.991752
0.991763
0.991775
0.991787
0.991798
0.99181
0.991821
0.991833
0.991844
0.991856
0.991867
0.991878
0.99189
0.991901
0.991912
0.991924
0.991935
0.991946
0.991957
0.991969
0.99198
0.991991
0.992002
0.992013
0.992024
0.992035
0.992046
0.992057
0.992068
0.992079
0.99209
0.992101
0.992112
0.992123
0.992134
0.992144
0.992155
0.992166
0.992177
0.992187
0.992198
0.992209
0.992219
0.99223
0.992241
0.992251
0.992262
0.992272
0.992283
0.992293
0.992304
0.992314
0.992324
0.992335
0.992345
0.992355
0.992366
0.992376
0.992386
0.992397
0.992407
0.992417
0.992427
0.992437
0.992447
0.992458
0.992468
0.992478
0.992488
0.992498
0.992508
0.992518
0.992528
0.992538
0.992547
0.992557
0.992567
0.992577
0.992587
0.992597
0.992606
0.992616
0.992626
0.992636
0.992645
0.992655
0.992665
0.992674
0.992684
0.992693
0.992703
0.992713
0.992722
0.992732
0.992741
0.99275
0.99276
0.992769
0.992779
0.992788
0.992797
0.992807
0.992816
0.992825
0.992835
0.992844
0.992853
0.992862
0.992871
0.992881
0.99289
0.992899
0.992908
0.992917
0.992926
0.992935
0.992944
0.992953
0.992962
0.992971
0.99298
0.992989
0.992998
0.993007
0.993016
0.993025
0.993033
0.993042
0.993051
0.99306
0.993068
0.993077
0.993086
0.993095
0.993103
0.993112
0.993121
0.993129
0.993138
0.993146
0.993155
0.993163
0.993172
0.99318
0.993189
0.993197
0.993206
0.993214
0.993223
0.993231
0.993239
0.993248
0.993256
0.993264
0.993273
0.993281
0.993289
0.993297
0.993306
0.993314
0.993322
0.99333
0.993338
0.993347
0.993355
0.993363
0.993371
0.993379
0.993387
0.993395
0.993403
0.993411
0.993419
0.993427
0.993435
0.993443
0.993451
0.993458
0.993466
0.993474
0.993482
0.99349
0.993498
0.993505
0.993513
0.993521
0.993529
0.993536
0.993544
0.993552
0.993559
0.993567
0.993575
0.993582
0.99359
0.993597
0.993605
0.993612
0.99362
0.993627
0.993635
0.993642
0.99365
0.993657
0.993665
0.993672
0.99368
0.993687
0.993694
0.993702
0.993709
0.993716
0.993724
0.993731
0.993738
0.993745
0.993753
0.99376
0.993767
0.993774
0.993781
0.993788
0.993796
0.993803
0.99381
0.993817
0.993824
0.993831
0.993838
0.993845
0.993852
0.993859
0.993866
0.993873
0.99388
0.993887
0.993894
0.993901
0.993908
0.993914
0.993921
0.993928
0.993935
0.993942
0.993949
0.993955
0.993962
0.993969
0.993976
0.993982
0.993989
0.993996
0.994002
0.994009
0.994016
0.994022
0.994029
0.994036
0.994042
0.994049
0.994055
0.994062
0.994068
0.994075
0.994081
0.994088
0.994094
0.994101
0.994107
0.994114
0.99412
0.994126
0.994133
0.994139
0.994145
0.994152
0.994158
0.994164
0.994171
0.994177
0.994183
0.99419
0.994196
0.994202
0.994208
0.994214
0.994221
0.994227
0.994233
0.994239
0.994245
0.994251
0.994258
0.994264
0.99427
0.994276
0.994282
0.994288
0.994294
0.9943
0.994306
0.994312
0.994318
0.994324
0.99433
0.994336
0.994342
0.994347
0.994353
0.994359
0.994365
0.994371
0.994377
0.994383
0.994388
0.994394
0.9944
0.994406
0.994412
0.994417
0.994423
0.994429
0.994435
0.99444
0.994446
0.994452
0.994457
0.994463
0.994469
0.994474
0.99448
0.994485
0.994491
0.994497
0.994502
0.994508
0.994513
0.994519
0.994524
0.99453
0.994535
0.994541
0.994546
0.994552
0.994557
0.994562
0.994568
0.994573
0.994579
0.994584
0.994589
0.994595
0.9946
0.994605
0.994611
0.994616
0.994621
0.994627
0.994632
0.994637
0.994642
0.994648
0.994653
0.994658
0.994663
0.994669
0.994674
0.994679
0.994684
0.994689
0.994694
0.994699
0.994705
0.99471
0.994715
0.99472
0.994725
0.99473
0.994735
0.99474
0.994745
0.99475
0.994755
0.99476
0.994765
0.99477
0.994775
0.99478
0.994785
0.99479
0.994795
0.9948
0.994804
0.994809
0.994814
0.994819
0.994824
0.994829
0.994834
0.994838
0.994843
0.994848
0.994853
0.994858
0.994862
0.994867
0.994872
0.994877
0.994881
0.994886
0.994891
0.994895
0.9949
0.994905
0.994909
0.994914
0.994919
0.994923
0.994928
0.994933
0.994937
0.994942
0.994946
0.994951
0.994955
0.99496
0.994964
0.994969
0.994974
0.994978
0.994983
0.994987
0.994991
0.994996
0.995
0.995005
0.995009
0.995014
0.995018
0.995023
0.995027
0.995031
0.995036
0.99504
0.995044
0.995049
0.995053
0.995057
0.995062
0.995066
0.99507
0.995075
0.995079
0.995083
0.995087
0.995092
0.995096
0.9951
0.995104
0.995109
0.995113
0.995117
0.995121
0.995125
0.99513
0.995134
0.995138
0.995142
0.995146
0.99515
0.995154
0.995159
0.995163
0.995167
0.995171
0.995175
0.995179
0.995183
0.995187
0.995191
0.995195
0.995199
0.995203
0.995207
0.995211
0.995215
0.995219
0.995223
0.995227
0.995231
0.995235
0.995239
0.995243
0.995247
0.99525
0.995254
0.995258
0.995262
0.995266
0.99527
0.995274
0.995277
0.995281
0.995285
0.995289
0.995293
0.995297
0.9953
0.995304
0.995308
0.995312
0.995315
0.995319
0.995323
0.995327
0.99533
0.995334
0.995338
0.995341
0.995345
0.995349
0.995353
0.995356
0.99536
0.995363
0.995367
0.995371
0.995374
0.995378
0.995382
0.995385
0.995389
0.995392
0.995396
0.9954
0.995403
0.995407
0.99541
0.995414
0.995417
0.995421
0.995424
0.995428
0.995431
0.995435
0.995438
0.995442
0.995445
0.995449
0.995452
0.995456
0.995459
0.995462
0.995466
0.995469
0.995473
0.995476
0.995479
0.995483
0.995486
0.99549
0.995493
0.995496
0.9955
0.995503
0.995506
0.99551
0.995513
0.995516
0.99552
0.995523
0.995526
0.995529
0.995533
0.995536
0.995539
0.995543
0.995546
0.995549
0.995552
0.995555
0.995559
0.995562
0.995565
0.995568
0.995571
0.995575
0.995578
0.995581
0.995584
0.995587
0.99559
0.995594
0.995597
0.9956
0.995603
0.995606
0.995609
0.995612
0.995615
0.995618
0.995621
0.995625
0.995628
0.995631
0.995634
0.995637
0.99564
0.995643
0.995646
0.995649
0.995652
0.995655
0.995658
0.995661
0.995664
0.995667
0.99567
0.995673
0.995676
0.995679
0.995682
0.995685
0.995687
0.99569
0.995693
0.995696
0.995699
0.995702
0.995705
0.995708
0.995711
0.995714
0.995716
0.995719
0.995722
0.995725
0.995728
0.995731
0.995733
0.995736
0.995739
0.995742
0.995745
0.995747
0.99575
0.995753
0.995756
0.995759
0.995761
0.995764
0.995767
0.99577
0.995772
0.995775
0.995778
0.995781
0.995783
0.995786
0.995789
0.995791
0.995794
0.995797
0.995799
0.995802
0.995805
0.995807
0.99581
0.995813
0.995815
0.995818
0.995821
0.995823
0.995826
0.995829
0.995831
0.995834
0.995836
0.995839
0.995842
0.995844
0.995847
0.995849
0.995852
0.995854
0.995857
0.995859
0.995862
0.995865
0.995867
0.99587
0.995872
0.995875
0.995877
0.99588
0.995882
0.995885
0.995887
0.99589
0.995892
0.995895
0.995897
0.995899
0.995902
0.995904
0.995907
0.995909
0.995912
0.995914
0.995917
0.995919
0.995921
0.995924
0.995926
0.995929
0.995931
0.995933
0.995936
0.995938
0.99594
0.995943
0.995945
0.995948
0.99595
0.995952
0.995955
0.995957
0.995959
0.995962
0.995964
0.995966
0.995968
0.995971
0.995973
0.995975
0.995978
0.99598
0.995982
0.995984
0.995987
0.995989
0.995991
0.995993
0.995996
0.995998
0.996
0.996002
0.996005
0.996007
0.996009
0.996011
0.996013
0.996016
0.996018
0.99602
0.996022
0.996024
0.996027
0.996029
0.996031
0.996033
0.996035
0.996037
0.99604
0.996042
0.996044
0.996046
0.996048
0.99605
0.996052
0.996054
0.996057
0.996059
0.996061
0.996063
0.996065
0.996067
0.996069
0.996071
0.996073
0.996075
0.996077
0.996079
0.996082
0.996084
0.996086
0.996088
0.99609
0.996092
0.996094
0.996096
0.996098
0.9961
0.996102
0.996104
0.996106
0.996108
0.99611
0.996112
0.996114
0.996116
0.996118
0.99612
0.996122
0.996124
0.996126
0.996128
0.996129
0.996131
0.996133
0.996135
0.996137
0.996139
0.996141
0.996143
0.996145
0.996147
0.996149
0.996151
0.996153
0.996154
0.996156
0.996158
0.99616
0.996162
0.996164
0.996166
0.996168
0.996169
0.996171
0.996173
0.996175
0.996177
0.996179
0.99618
0.996182
0.996184
0.996186
0.996188
0.99619
0.996191
0.996193
0.996195
0.996197
0.996199
0.9962
0.996202
0.996204
0.996206
0.996207
0.996209
0.996211
0.996213
0.996215
0.996216
0.996218
0.99622
0.996222
0.996223
0.996225
0.996227
0.996228
0.99623
0.996232
0.996234
0.996235
0.996237
0.996239
0.99624
0.996242
0.996244
0.996246
0.996247
0.996249
0.996251
0.996252
0.996254
0.996256
0.996257
0.996259
0.996261
0.996262
0.996264
0.996266
0.996267
0.996269
0.99627
0.996272
0.996274
0.996275
0.996277
0.996279
0.99628
0.996282
0.996283
0.996285
0.996287
0.996288
0.99629
0.996291
0.996293
0.996295
0.996296
0.996298
0.996299
0.996301
0.996302
0.996304
0.996305
0.996307
0.996309
0.99631
0.996312
0.996313
0.996315
0.996316
0.996318
0.996319
0.996321
0.996322
0.996324
0.996325
0.996327
0.996328
0.99633
0.996331
0.996333
0.996334
0.996336
0.996337
0.996339
0.99634
0.996342
0.996343
0.996345
0.996346
0.996348
0.996349
0.996351
0.996352
0.996353
0.996355
0.996356
0.996358
0.996359
0.996361
0.996362
0.996364
0.996365
0.996366
0.996368
0.996369
0.996371
0.996372
0.996373
0.996375
0.996376
0.996378
0.996379
0.99638
0.996382
0.996383
0.996385
0.996386
0.996387
0.996389
0.99639
0.996391
0.996393
0.996394
0.996396
0.996397
0.996398
0.9964
0.996401
0.996402
0.996404
0.996405
0.996406
0.996408
0.996409
0.99641
0.996412
0.996413
0.996414
0.996416
0.996417
0.996418
0.996419
0.996421
0.996422
0.996423
0.996425
0.996426
0.996427
0.996428
0.99643
0.996431
0.996432
0.996434
0.996435
0.996436
0.996437
0.996439
0.99644
0.996441
0.996442
0.996444
0.996445
0.996446
0.996447
0.996449
0.99645
0.996451
0.996452
0.996454
0.996455
0.996456
0.996457
0.996458
0.99646
0.996461
0.996462
0.996463
0.996464
0.996466
0.996467
0.996468
0.996469
0.99647
0.996472
0.996473
0.996474
0.996475
0.996476
0.996478
0.996479
0.99648
0.996481
0.996482
0.996483
0.996485
0.996486
0.996487
0.996488
0.996489
0.99649
0.996491
0.996493
0.996494
0.996495
0.996496
0.996497
0.996498
0.996499
0.9965
0.996502
0.996503
0.996504
0.996505
0.996506
0.996507
0.996508
0.996509
0.99651
0.996512
0.996513
0.996514
0.996515
0.996516
0.996517
0.996518
0.996519
0.99652
0.996521
0.996522
0.996523
0.996525
0.996526
0.996527
0.996528
0.996529
0.99653
0.996531
0.996532
0.996533
0.996534
0.996535
0.996536
0.996537
0.996538
0.996539
0.99654
0.996541
0.996542
0.996543
0.996544
0.996545
0.996546
0.996547
0.996549
0.99655
0.996551
0.996552
0.996553
0.996554
0.996555
0.996556
0.996557
0.996558
0.996559
0.99656
0.996561
0.996562
0.996562
0.996563
0.996564
0.996565
0.996566
0.996567
0.996568
0.996569
0.99657
0.996571
0.996572
0.996573
0.996574
0.996575
0.996576
0.996577
0.996578
0.996579
0.99658
0.996581
0.996582
0.996583
0.996584
0.996585
0.996586
0.996586
0.996587
0.996588
0.996589
0.99659
0.996591
0.996592
0.996593
0.996594
0.996595
0.996596
0.996597
0.996597
0.996598
0.996599
0.9966
0.996601
0.996602
0.996603
0.996604
0.996605
0.996606
0.996606
0.996607
0.996608
0.996609
0.99661
0.996611
0.996612
0.996613
0.996613
0.996614
0.996615
0.996616
0.996617
0.996618
0.996619
0.99662
0.99662
0.996621
0.996622
0.996623
0.996624
0.996625
0.996625
0.996626
0.996627
0.996628
0.996629
0.99663
0.99663
0.996631
0.996632
0.996633
0.996634
0.996635
0.996635
0.996636
0.996637
0.996638
0.996639
0.99664
0.99664
0.996641
0.996642
0.996643
0.996644
0.996644
0.996645
0.996646
0.996647
0.996648
0.996648
0.996649
0.99665
0.996651
0.996652
0.996652
0.996653
0.996654
0.996655
0.996655
0.996656
0.996657
0.996658
0.996659
0.996659
0.99666
0.996661
0.996662
0.996662
0.996663
0.996664
0.996665
0.996665
0.996666
0.996667
0.996668
0.996668
0.996669
0.99667
0.996671
0.996671
0.996672
0.996673
0.996674
0.996674
0.996675
0.996676
0.996677
0.996677
0.996678
0.996679
0.996679
0.99668
0.996681
0.996682
0.996682
0.996683
0.996684
0.996685
0.996685
0.996686
0.996687
0.996687
0.996688
0.996689
0.996689
0.99669
0.996691
0.996692
0.996692
0.996693
0.996694
0.996694
0.996695
0.996696
0.996696
0.996697
0.996698
0.996698
0.996699
0.9967
0.996701
0.996701
0.996702
0.996703
0.996703
0.996704
0.996705
0.996705
0.996706
0.996707
0.996707
0.996708
0.996709
0.996709
0.99671
0.996711
0.996711
0.996712
0.996712
0.996713
0.996714
0.996714
0.996715
0.996716
0.996716
0.996717
0.996718
0.996718
0.996719
0.99672
0.99672
0.996721
0.996721
0.996722
0.996723
0.996723
0.996724
0.996725
0.996725
0.996726
0.996726
0.996727
0.996728
0.996728
0.996729
0.99673
0.99673
0.996731
0.996731
0.996732
0.996733
0.996733
0.996734
0.996734
0.996735
0.996736
0.996736
0.996737
0.996737
0.996738
0.996739
0.996739
0.99674
0.99674
0.996741
0.996742
0.996742
0.996743
0.996743
0.996744
0.996744
0.996745
0.996746
0.996746
0.996747
0.996747
0.996748
0.996748
0.996749
0.99675
0.99675
0.996751
0.996751
0.996752
0.996752
0.996753
0.996754
0.996754
0.996755
0.996755
0.996756
0.996756
0.996757
0.996757
0.996758
0.996759
0.996759
0.99676
0.99676
0.996761
0.996761
0.996762
0.996762
0.996763
0.996763
0.996764
0.996765
0.996765
0.996766
0.996766
0.996767
0.996767
0.996768
0.996768
0.996769
0.996769
0.99677
0.99677
0.996771
0.996771
0.996772
0.996772
0.996773
0.996773
0.996774
0.996775
0.996775
0.996776
0.996776
0.996777
0.996777
0.996778
0.996778
0.996779
0.996779
0.99678
0.99678
0.996781
0.996781
0.996782
0.996782
0.996783
0.996783
0.996784
0.996784
0.996785
0.996785
0.996786
0.996786
0.996787
0.996787
0.996787
0.996788
0.996788
0.996789
0.996789
0.99679
0.99679
0.996791
0.996791
0.996792
0.996792
0.996793
0.996793
0.996794
0.996794
0.996795
0.996795
0.996796
0.996796
0.996797
0.996797
0.996797
0.996798
0.996798
0.996799
0.996799
0.9968
0.9968
0.996801
0.996801
0.996802
0.996802
0.996802
0.996803
0.996803
0.996804
0.996804
0.996805
0.996805
0.996806
0.996806
0.996806
0.996807
0.996807
0.996808
0.996808
0.996809
0.996809
0.99681
0.99681
0.99681
0.996811
0.996811
0.996812
0.996812
0.996813
0.996813
0.996813
0.996814
0.996814
0.996815
0.996815
0.996816
0.996816
0.996816
0.996817
0.996817
0.996818
0.996818
0.996819
0.996819
0.996819
0.99682
0.99682
0.996821
0.996821
0.996821
0.996822
0.996822
0.996823
0.996823
0.996823
0.996824
0.996824
0.996825
0.996825
0.996825
0.996826
0.996826
0.996827
0.996827
0.996827
0.996828
0.996828
0.996829
0.996829
0.996829
0.99683
0.99683
0.996831
0.996831
0.996831
0.996832
0.996832
0.996833
0.996833
0.996833
0.996834
0.996834
0.996834
0.996835
0.996835
0.996836
0.996836
0.996836
0.996837
0.996837
0.996837
0.996838
0.996838
0.996839
0.996839
0.996839
0.99684
0.99684
0.99684
0.996841
0.996841
0.996842
0.996842
0.996842
0.996843
0.996843
0.996843
0.996844
0.996844
0.996844
0.996845
0.996845
0.996845
0.996846
0.996846
0.996847
0.996847
0.996847
0.996848
0.996848
0.996848
0.996849
0.996849
0.996849
0.99685
0.99685
0.99685
0.996851
0.996851
0.996851
0.996852
0.996852
0.996852
0.996853
0.996853
0.996853
0.996854
0.996854
0.996854
0.996855
0.996855
0.996855
0.996856
0.996856
0.996856
0.996857
0.996857
0.996857
0.996858
0.996858
0.996858
0.996859
0.996859
0.996859
0.99686
0.99686
0.99686
0.996861
0.996861
0.996861
0.996862
0.996862
0.996862
0.996863
0.996863
0.996863
0.996864
0.996864
0.996864
0.996865
0.996865
0.996865
0.996865
0.996866
0.996866
0.996866
0.996867
0.996867
0.996867
0.996868
0.996868
0.996868
0.996869
0.996869
0.996869
0.996869
0.99687
0.99687
0.99687
0.996871
0.996871
0.996871
0.996872
0.996872
0.996872
0.996872
0.996873
0.996873
0.996873
0.996874
0.996874
0.996874
0.996875
0.996875
0.996875
0.996875
0.996876
0.996876
0.996876
0.996877
0.996877
0.996877
0.996877
0.996878
0.996878
0.996878
0.996879
0.996879
0.996879
0.996879
0.99688
0.99688
0.99688
0.996881
0.996881
0.996881
0.996881
0.996882
0.996882
0.996882
0.996882
0.996883
0.996883
0.996883
0.996884
0.996884
0.996884
0.996884
0.996885
0.996885
0.996885
0.996885
0.996886
0.996886
0.996886
0.996887
0.996887
0.996887
0.996887
0.996888
0.996888
0.996888
0.996888
0.996889
0.996889
0.996889
0.996889
0.99689
0.99689
0.99689
0.99689
0.996891
0.996891
0.996891
0.996891
0.996892
0.996892
0.996892
0.996892
0.996893
0.996893
0.996893
0.996893
0.996894
0.996894
0.996894
0.996894
0.996895
0.996895
0.996895
0.996895
0.996896
0.996896
0.996896
0.996896
0.996897
0.996897
0.996897
0.996897
0.996898
0.996898
0.996898
0.996898
0.996899
0.996899
0.996899
0.996899
0.9969
0.9969
0.9969
0.9969
0.9969
0.996901
0.996901
0.996901
0.996901
0.996902
0.996902
0.996902
0.996902
0.996903
0.996903
0.996903
0.996903
0.996903
0.996904
0.996904
0.996904
0.996904
0.996905
0.996905
0.996905
0.996905
0.996906
0.996906
0.996906
0.996906
0.996906
0.996907
0.996907
0.996907
0.996907
0.996907
0.996908
0.996908
0.996908
0.996908
0.996909
0.996909
0.996909
0.996909
0.996909
0.99691
0.99691
0.99691
0.99691
0.996911
0.996911
0.996911
0.996911
0.996911
0.996912
0.996912
0.996912
0.996912
0.996912
0.996913
0.996913
0.996913
0.996913
0.996913
0.996914
0.996914
0.996914
0.996914
0.996914
0.996915
0.996915
0.996915
0.996915
0.996915
0.996916
0.996916
0.996916
0.996916
0.996916
0.996917
0.996917
0.996917
0.996917
0.996917
0.996918
0.996918
0.996918
0.996918
0.996918
0.996919
0.996919
0.996919
0.996919
0.996919
0.99692
0.99692
0.99692
0.99692
0.99692
0.996921
0.996921
0.996921
0.996921
0.996921
0.996921
0.996922
0.996922
0.996922
0.996922
0.996922
0.996923
0.996923
0.996923
0.996923
0.996923
0.996924
0.996924
0.996924
0.996924
0.996924
0.996924
0.996925
0.996925
0.996925
0.996925
0.996925
0.996926
0.996926
0.996926
0.996926
0.996926
0.996926
0.996927
0.996927
0.996927
0.996927
0.996927
0.996927
0.996928
0.996928
0.996928
0.996928
0.996928
0.996928
0.996929
0.996929
0.996929
0.996929
0.996929
0.99693
0.99693
0.99693
0.99693
0.99693
0.99693
0.996931
0.996931
0.996931
0.996931
0.996931
0.996931
0.996932
0.996932
0.996932
0.996932
0.996932
0.996932
0.996933
0.996933
0.996933
0.996933
0.996933
0.996933
0.996933
0.996934
0.996934
0.996934
0.996934
0.996934
0.996934
0.996935
0.996935
0.996935
0.996935
0.996935
0.996935
0.996936
0.996936
0.996936
0.996936
0.996936
0.996936
0.996936
0.996937
0.996937
0.996937
0.996937
0.996937
0.996937
0.996938
0.996938
0.996938
0.996938
0.996938
0.996938
0.996938
0.996939
0.996939
0.996939
0.996939
0.996939
0.996939
0.996939
0.99694
0.99694
0.99694
0.99694
0.99694
0.99694
0.996941
0.996941
0.996941
0.996941
0.996941
0.996941
0.996941
0.996942
0.996942
0.996942
0.996942
0.996942
0.996942
0.996942
0.996943
0.996943
0.996943
0.996943
0.996943
0.996943
0.996943
0.996943
0.996944
0.996944
0.996944
0.996944
0.996944
0.996944
0.996944
0.996945
0.996945
0.996945
0.996945
0.996945
0.996945
0.996945
0.996946
0.996946
0.996946
0.996946
0.996946
0.996946
0.996946
0.996946
0.996947
0.996947
0.996947
0.996947
0.996947
0.996947
0.996947
0.996948
0.996948
0.996948
0.996948
0.996948
0.996948
0.996948
0.996948
0.996949
0.996949
0.996949
0.996949
0.996949
0.996949
0.996949
0.996949
0.99695
0.99695
0.99695
0.99695
0.99695
0.99695
0.99695
0.99695
0.996951
0.996951
0.996951
0.996951
0.996951
0.996951
0.996951
0.996951
0.996952
0.996952
0.996952
0.996952
0.996952
0.996952
0.996952
0.996952
0.996952
0.996953
0.996953
0.996953
0.996953
0.996953
0.996953
0.996953
0.996953
0.996954
0.996954
0.996954
0.996954
0.996954
0.996954
0.996954
0.996954
0.996954
0.996955
0.996955
0.996955
0.996955
0.996955
0.996955
0.996955
0.996955
0.996955
0.996956
0.996956
0.996956
0.996956
0.996956
0.996956
0.996956
0.996956
0.996956
0.996957
0.996957
0.996957
0.996957
0.996957
0.996957
0.996957
0.996957
0.996957
0.996958
0.996958
0.996958
0.996958
0.996958
0.996958
0.996958
0.996958
0.996958
0.996959
0.996959
0.996959
0.996959
0.996959
0.996959
0.996959
0.996959
0.996959
0.996959
0.99696
0.99696
0.99696
0.99696
0.99696
0.99696
0.99696
0.99696
0.99696
0.99696
0.996961
0.996961
0.996961
0.996961
0.996961
0.996961
0.996961
0.996961
0.996961
0.996961
0.996962
0.996962
0.996962
0.996962
0.996962
0.996962
0.996962
0.996962
0.996962
0.996962
0.996963
0.996963
0.996963
0.996963
0.996963
0.996963
0.996963
0.996963
0.996963
0.996963
0.996964
0.996964
0.996964
0.996964
0.996964
0.996964
0.996964
0.996964
0.996964
0.996964
0.996964
0.996965
0.996965
0.996965
0.996965
0.996965
0.996965
0.996965
0.996965
0.996965
0.996965
0.996965
0.996966
0.996966
0.996966
0.996966
0.996966
0.996966
0.996966
0.996966
0.996966
0.996966
0.996966
0.996967
0.996967
0.996967
0.996967
0.996967
0.996967
0.996967
0.996967
0.996967
0.996967
0.996967
0.996967
0.996968
0.996968
0.996968
0.996968
0.996968
0.996968
0.996968
0.996968
0.996968
0.996968
0.996968
0.996968
0.996969
0.996969
0.996969
0.996969
0.996969
0.996969
0.996969
0.996969
0.996969
0.996969
0.996969
0.996969
0.99697
0.99697
0.99697
0.99697
0.99697
0.99697
0.99697
0.99697
0.99697
0.99697
0.99697
0.99697
0.996971
0.996971
0.996971
0.996971
0.996971
0.996971
0.996971
0.996971
0.996971
0.996971
0.996971
0.996971
0.996971
0.996972
0.996972
0.996972
0.996972
0.996972
0.996972
0.996972
0.996972
0.996972
0.996972
0.996972
0.996972
0.996972
0.996972
0.996973
0.996973
0.996973
0.996973
0.996973
0.996973
0.996973
0.996973
0.996973
0.996973
0.996973
0.996973
0.996973
0.996974
0.996974
0.996974
0.996974
0.996974
0.996974
0.996974
0.996974
0.996974
0.996974
0.996974
0.996974
0.996974
0.996974
0.996975
0.996975
0.996975
0.996975
0.996975
0.996975
0.996975
0.996975
0.996975
0.996975
0.996975
0.996975
0.996975
0.996975
0.996975
0.996976
0.996976
0.996976
0.996976
0.996976
0.996976
0.996976
0.996976
0.996976
0.996976
0.996976
0.996976
0.996976
0.996976
0.996976
0.996977
0.996977
0.996977
0.996977
0.996977
0.996977
0.996977
0.996977
0.996977
0.996977
0.996977
0.996977
0.996977
0.996977
0.996977
0.996978
0.996978
0.996978
0.996978
0.996978
0.996978
0.996978
0.996978
0.996978
0.996978
0.996978
0.996978
0.996978
0.996978
0.996978
0.996978
0.996978
0.996979
0.996979
0.996979
0.996979
0.996979
0.996979
0.996979
0.996979
0.996979
0.996979
0.996979
0.996979
0.996979
0.996979
0.996979
0.996979
0.99698
0.99698
0.99698
0.99698
0.99698
0.99698
0.99698
0.99698
0.99698
0.99698
0.99698
0.99698
0.99698
0.99698
0.99698
0.99698
0.99698
0.99698
0.996981
0.996981
0.996981
0.996981
0.996981
0.996981
0.996981
0.996981
0.996981
0.996981
0.996981
0.996981
0.996981
0.996981
0.996981
0.996981
0.996981
0.996981
0.996982
0.996982
0.996982
0.996982
0.996982
0.996982
0.996982
0.996982
0.996982
0.996982
0.996982
0.996982
0.996982
0.996982
0.996982
0.996982
0.996982
0.996982
0.996983
0.996983
0.996983
0.996983
0.996983
0.996983
0.996983
0.996983
0.996983
0.996983
0.996983
0.996983
0.996983
0.996983
0.996983
0.996983
0.996983
0.996983
0.996983
0.996983
0.996984
0.996984
0.996984
0.996984
0.996984
0.996984
0.996984
0.996984
0.996984
0.996984
0.996984
0.996984
0.996984
0.996984
0.996984
0.996984
0.996984
0.996984
0.996984
0.996984
0.996985
0.996985
0.996985
0.996985
0.996985
0.996985
0.996985
0.996985
0.996985
0.996985
0.996985
0.996985
0.996985
0.996985
0.996985
0.996985
0.996985
0.996985
0.996985
0.996985
0.996985
0.996985
0.996986
0.996986
0.996986
0.996986
0.996986
0.996986
0.996986
0.996986
0.996986
0.996986
0.996986
0.996986
0.996986
0.996986
0.996986
0.996986
0.996986
0.996986
0.996986
0.996986
0.996986
0.996986
0.996987
0.996987
0.996987
0.996987
0.996987
0.996987
0.996987
0.996987
0.996987
0.996987
0.996987
0.996987
0.996987
0.996987
0.996987
0.996987
0.996987
0.996987
0.996987
0.996987
0.996987
0.996987
0.996987
0.996987
0.996988
0.996988
0.996988
0.996988
0.996988
0.996988
0.996988
0.996988
0.996988
0.996988
0.996988
0.996988
0.996988
0.996988
0.996988
0.996988
0.996988
0.996988
0.996988
0.996988
0.996988
0.996988
0.996988
0.996988
0.996988
0.996989
0.996989
0.996989
0.996989
0.996989
0.996989
0.996989
0.996989
0.996989
0.996989
0.996989
0.996989
0.996989
0.996989
0.996989
0.996989
0.996989
0.996989
0.996989
0.996989
0.996989
0.996989
0.996989
0.996989
0.996989
0.996989
0.996989
0.99699
0.99699
0.99699
0.99699
0.99699
0.99699
0.99699
0.99699
0.99699
0.99699
0.99699
0.99699
0.99699
0.99699
0.99699
0.99699
0.99699
0.99699
0.99699
0.99699
0.99699
0.99699
0.99699
0.99699
0.99699
0.99699
0.99699
0.99699
0.996991
0.996991
0.996991
0.996991
0.996991
0.996991
0.996991
0.996991
0.996991
0.996991
0.996991
0.996991
0.996991
0.996991
0.996991
0.996991
0.996991
0.996991
0.996991
0.996991
0.996991
0.996991
0.996991
0.996991
0.996991
0.996991
0.996991
0.996991
