1e-06
0.00181344
0.00477565
0.00818573
0.0117248
0.015252
0.0187098
0.0220791
0.0253589
0.0285556
0.0316786
0.0347374
0.037741
0.0406974
0.0436135
0.046495
0.0493465
0.052172
0.0549745
0.0577567
0.0605206
0.0632678
0.0659997
0.0687173
0.0714216
0.0741131
0.0767925
0.0794602
0.0821166
0.0847621
0.0873968
0.0900209
0.0926348
0.0952384
0.0978319
0.100416
0.102989
0.105553
0.108107
0.110652
0.113187
0.115712
0.118228
0.120735
0.123232
0.12572
0.128199
0.130668
0.133128
0.135579
0.138021
0.140453
0.142877
0.145291
0.147697
0.150093
0.152481
0.15486
0.15723
0.159591
0.161943
0.164287
0.166621
0.168947
0.171265
0.173573
0.175874
0.178165
0.180448
0.182723
0.184989
0.187246
0.189495
0.191736
0.193969
0.196193
0.198409
0.200616
0.202815
0.205007
0.20719
0.209364
0.211531
0.21369
0.21584
0.217983
0.220117
0.222244
0.224362
0.226473
0.228576
0.230671
0.232758
0.234838
0.236909
0.238973
0.24103
0.243078
0.245119
0.247152
0.249178
0.251196
0.253207
0.25521
0.257205
0.259194
0.261174
0.263148
0.265114
0.267072
0.269024
0.270968
0.272904
0.274834
0.276756
0.278671
0.280579
0.28248
0.284374
0.286261
0.28814
0.290013
0.291879
0.293737
0.295589
0.297434
0.299272
0.301103
0.302927
0.304745
0.306555
0.308359
0.310156
0.311947
0.31373
0.315507
0.317278
0.319041
0.320799
0.322549
0.324293
0.326031
0.327762
0.329486
0.331205
0.332916
0.334622
0.336321
0.338013
0.339699
0.341379
0.343053
0.34472
0.346382
0.348037
0.349685
0.351328
0.352964
0.354595
0.356219
0.357837
0.359449
0.361055
0.362655
0.36425
0.365838
0.36742
0.368996
0.370566
0.372131
0.37369
0.375242
0.376789
0.378331
0.379866
0.381396
0.38292
0.384438
0.385951
0.387458
0.388959
0.390455
0.391945
0.393429
0.394908
0.396382
0.39785
0.399312
0.400769
0.40222
0.403666
0.405107
0.406542
0.407972
0.409397
0.410816
0.41223
0.413638
0.415042
0.41644
0.417833
0.41922
0.420603
0.42198
0.423352
0.424719
0.426081
0.427437
0.428789
0.430136
0.431477
0.432814
0.434145
0.435472
0.436793
0.43811
0.439422
0.440728
0.44203
0.443327
0.444619
0.445907
0.447189
0.448467
0.44974
0.451008
0.452271
0.45353
0.454784
0.456033
0.457277
0.458517
0.459753
0.460983
0.462209
0.463431
0.464647
0.46586
0.467067
0.468271
0.469469
0.470663
0.471853
0.473038
0.474219
0.475396
0.476568
0.477735
0.478898
0.480057
0.481212
0.482362
0.483508
0.484649
0.485787
0.48692
0.488049
0.489173
0.490293
0.49141
0.492522
0.493629
0.494733
0.495833
0.496928
0.498019
0.499106
0.50019
0.501269
0.502344
0.503415
0.504482
0.505545
0.506604
0.507659
0.50871
0.509757
0.5108
0.511839
0.512875
0.513906
0.514934
0.515957
0.516977
0.517993
0.519006
0.520014
0.521019
0.52202
0.523017
0.524011
0.525
0.525986
0.526969
0.527947
0.528922
0.529894
0.530861
0.531825
0.532786
0.533743
0.534696
0.535646
0.536592
0.537534
0.538473
0.539409
0.540341
0.541269
0.542194
0.543116
0.544034
0.544948
0.54586
0.546767
0.547672
0.548573
0.54947
0.550365
0.551256
0.552143
0.553027
0.553908
0.554786
0.55566
0.556531
0.557399
0.558263
0.559125
0.559983
0.560837
0.561689
0.562537
0.563383
0.564225
0.565064
0.565899
0.566732
0.567561
0.568388
0.569211
0.570031
0.570848
0.571662
0.572473
0.573281
0.574086
0.574888
0.575687
0.576483
0.577276
0.578066
0.578852
0.579636
0.580418
0.581196
0.581971
0.582743
0.583513
0.584279
0.585043
0.585803
0.586561
0.587316
0.588069
0.588818
0.589565
0.590308
0.591049
0.591788
0.592523
0.593256
0.593986
0.594713
0.595437
0.596159
0.596878
0.597594
0.598308
0.599019
0.599727
0.600433
0.601136
0.601836
0.602534
0.603229
0.603922
0.604612
0.605299
0.605984
0.606666
0.607345
0.608022
0.608697
0.609369
0.610038
0.610705
0.61137
0.612032
0.612691
0.613348
0.614002
0.614655
0.615304
0.615951
0.616596
0.617238
0.617878
0.618516
0.619151
0.619784
0.620414
0.621042
0.621667
0.622291
0.622912
0.62353
0.624146
0.62476
0.625372
0.625981
0.626589
0.627193
0.627796
0.628396
0.628994
0.62959
0.630183
0.630775
0.631364
0.631951
0.632535
0.633118
0.633698
0.634276
0.634852
0.635426
0.635997
0.636567
0.637134
0.637699
0.638262
0.638823
0.639382
0.639939
0.640493
0.641046
0.641597
0.642145
0.642691
0.643236
0.643778
0.644318
0.644856
0.645393
0.645927
0.646459
0.646989
0.647517
0.648043
0.648568
0.64909
0.64961
0.650128
0.650645
0.651159
0.651672
0.652182
0.652691
0.653198
0.653703
0.654206
0.654707
0.655206
0.655703
0.656199
0.656692
0.657184
0.657674
0.658162
0.658648
0.659132
0.659615
0.660096
0.660575
0.661052
0.661527
0.662001
0.662472
0.662942
0.663411
0.663877
0.664342
0.664805
0.665266
0.665726
0.666183
0.666639
0.667094
0.667546
0.667997
0.668447
0.668894
0.66934
0.669784
0.670227
0.670668
0.671107
0.671545
0.67198
0.672415
0.672847
0.673278
0.673708
0.674136
0.674562
0.674986
0.675409
0.675831
0.676251
0.676669
0.677086
0.677501
0.677914
0.678326
0.678737
0.679146
0.679553
0.679959
0.680363
0.680766
0.681167
0.681567
0.681965
0.682362
0.682757
0.683151
0.683543
0.683934
0.684324
0.684711
0.685098
0.685483
0.685867
0.686249
0.686629
0.687009
0.687386
0.687763
0.688138
0.688511
0.688884
0.689254
0.689624
0.689992
0.690358
0.690724
0.691087
0.69145
0.691811
0.692171
0.692529
0.692886
0.693242
0.693596
0.693949
0.694301
0.694652
0.695001
0.695349
0.695695
0.69604
0.696384
0.696727
0.697068
0.697408
0.697747
0.698084
0.69842
0.698755
0.699089
0.699421
0.699753
0.700083
0.700411
0.700739
0.701065
0.70139
0.701714
0.702036
0.702358
0.702678
0.702997
0.703314
0.703631
0.703946
0.704261
0.704574
0.704885
0.705196
0.705505
0.705814
0.706121
0.706427
0.706732
0.707036
0.707338
0.70764
0.70794
0.708239
0.708537
0.708834
0.70913
0.709424
0.709718
0.71001
0.710302
0.710592
0.710881
0.711169
0.711456
0.711742
0.712027
0.712311
0.712594
0.712876
0.713156
0.713436
0.713714
0.713992
0.714268
0.714543
0.714818
0.715091
0.715363
0.715635
0.715905
0.716174
0.716442
0.71671
0.716976
0.717241
0.717505
0.717768
0.718031
0.718292
0.718552
0.718811
0.71907
0.719327
0.719583
0.719839
0.720093
0.720347
0.720599
0.720851
0.721101
0.721351
0.7216
0.721848
0.722095
0.722341
0.722586
0.72283
0.723073
0.723315
0.723557
0.723797
0.724037
0.724275
0.724513
0.72475
0.724986
0.725221
0.725455
0.725689
0.725921
0.726153
0.726383
0.726613
0.726842
0.72707
0.727298
0.727524
0.727749
0.727974
0.728198
0.728421
0.728643
0.728865
0.729085
0.729305
0.729524
0.729742
0.729959
0.730175
0.730391
0.730606
0.73082
0.731033
0.731245
0.731457
0.731668
0.731877
0.732087
0.732295
0.732503
0.73271
0.732916
0.733121
0.733325
0.733529
0.733732
0.733934
0.734136
0.734337
0.734536
0.734736
0.734934
0.735132
0.735329
0.735525
0.73572
0.735915
0.736109
0.736302
0.736495
0.736687
0.736878
0.737068
0.737258
0.737447
0.737635
0.737823
0.73801
0.738196
0.738381
0.738566
0.73875
0.738933
0.739116
0.739298
0.739479
0.73966
0.73984
0.740019
0.740198
0.740376
0.740553
0.740729
0.740905
0.741081
0.741255
0.741429
0.741602
0.741775
0.741947
0.742118
0.742289
0.742459
0.742629
0.742797
0.742965
0.743133
0.7433
0.743466
0.743632
0.743797
0.743961
0.744125
0.744288
0.744451
0.744612
0.744774
0.744934
0.745095
0.745254
0.745413
0.745571
0.745729
0.745886
0.746043
0.746199
0.746354
0.746509
0.746663
0.746817
0.74697
0.747122
0.747274
0.747425
0.747576
0.747726
0.747876
0.748025
0.748173
0.748321
0.748469
0.748615
0.748762
0.748907
0.749053
0.749197
0.749341
0.749485
0.749628
0.74977
0.749912
0.750054
0.750194
0.750335
0.750475
0.750614
0.750753
0.750891
0.751029
0.751166
0.751302
0.751439
0.751574
0.751709
0.751844
0.751978
0.752112
0.752245
0.752378
0.75251
0.752641
0.752772
0.752903
0.753033
0.753163
0.753292
0.753421
0.753549
0.753677
0.753804
0.753931
0.754057
0.754183
0.754308
0.754433
0.754557
0.754681
0.754805
0.754928
0.75505
0.755172
0.755294
0.755415
0.755536
0.755656
0.755776
0.755895
0.756014
0.756133
0.756251
0.756368
0.756485
0.756602
0.756718
0.756834
0.756949
0.757064
0.757179
0.757293
0.757406
0.75752
0.757632
0.757745
0.757857
0.757968
0.758079
0.75819
0.7583
0.75841
0.75852
0.758629
0.758737
0.758846
0.758953
0.759061
0.759168
0.759274
0.759381
0.759486
0.759592
0.759697
0.759801
0.759906
0.760009
0.760113
0.760216
0.760318
0.760421
0.760523
0.760624
0.760725
0.760826
0.760926
0.761026
0.761126
0.761225
0.761324
0.761423
0.761521
0.761618
0.761716
0.761813
0.761909
0.762006
0.762102
0.762197
0.762292
0.762387
0.762482
0.762576
0.76267
0.762763
0.762856
0.762949
0.763041
0.763133
0.763225
0.763316
0.763407
0.763498
0.763588
0.763678
0.763768
0.763857
0.763946
0.764035
0.764123
0.764211
0.764299
0.764386
0.764473
0.76456
0.764646
0.764732
0.764818
0.764903
0.764988
0.765073
0.765157
0.765241
0.765325
0.765408
0.765492
0.765574
0.765657
0.765739
0.765821
0.765903
0.765984
0.766065
0.766145
0.766226
0.766306
0.766386
0.766465
0.766544
0.766623
0.766702
0.76678
0.766858
0.766936
0.767013
0.76709
0.767167
0.767243
0.76732
0.767396
0.767471
0.767547
0.767622
0.767696
0.767771
0.767845
0.767919
0.767993
0.768066
0.768139
0.768212
0.768285
0.768357
0.768429
0.768501
0.768573
0.768644
0.768715
0.768785
0.768856
0.768926
0.768996
0.769066
0.769135
0.769204
0.769273
0.769342
0.76941
0.769478
0.769546
0.769613
0.769681
0.769748
0.769815
0.769881
0.769947
0.770014
0.770079
0.770145
0.77021
0.770275
0.77034
0.770405
0.770469
0.770533
0.770597
0.770661
0.770724
0.770787
0.77085
0.770913
0.770975
0.771037
0.771099
0.771161
0.771223
0.771284
0.771345
0.771406
0.771466
0.771527
0.771587
0.771647
0.771706
0.771766
0.771825
0.771884
0.771943
0.772001
0.77206
0.772118
0.772176
0.772233
0.772291
0.772348
0.772405
0.772462
0.772519
0.772575
0.772631
0.772687
0.772743
0.772799
0.772854
0.772909
0.772964
0.773019
0.773073
0.773127
0.773182
0.773235
0.773289
0.773343
0.773396
0.773449
0.773502
0.773555
0.773607
0.773659
0.773712
0.773764
0.773815
0.773867
0.773918
0.773969
0.77402
0.774071
0.774121
0.774172
0.774222
0.774272
0.774322
0.774371
0.774421
0.77447
0.774519
0.774568
0.774617
0.774665
0.774714
0.774762
0.77481
0.774857
0.774905
0.774952
0.775
0.775047
0.775094
0.77514
0.775187
0.775233
0.775279
0.775326
0.775371
0.775417
0.775463
0.775508
0.775553
0.775598
0.775643
0.775687
0.775732
0.775776
0.77582
0.775864
0.775908
0.775952
0.775995
0.776039
0.776082
0.776125
0.776168
0.77621
0.776253
0.776295
0.776337
0.776379
0.776421
0.776463
0.776505
0.776546
0.776587
0.776628
0.776669
0.77671
0.776751
0.776791
0.776832
0.776872
0.776912
0.776952
0.776991
0.777031
0.77707
0.77711
0.777149
0.777188
0.777227
0.777265
0.777304
0.777342
0.777381
0.777419
0.777457
0.777494
0.777532
0.77757
0.777607
0.777644
0.777682
0.777718
0.777755
0.777792
0.777829
0.777865
0.777901
0.777937
0.777974
0.778009
0.778045
0.778081
0.778116
0.778152
0.778187
0.778222
0.778257
0.778292
0.778326
0.778361
0.778395
0.77843
0.778464
0.778498
0.778532
0.778566
0.778599
0.778633
0.778666
0.778699
0.778733
0.778766
0.778799
0.778831
0.778864
0.778897
0.778929
0.778961
0.778993
0.779025
0.779057
0.779089
0.779121
0.779152
0.779184
0.779215
0.779246
0.779278
0.779309
0.779339
0.77937
0.779401
0.779431
0.779462
0.779492
0.779522
0.779552
0.779582
0.779612
0.779642
0.779671
0.779701
0.77973
0.77976
0.779789
0.779818
0.779847
0.779876
0.779904
0.779933
0.779961
0.77999
0.780018
0.780046
0.780074
0.780102
0.78013
0.780158
0.780186
0.780213
0.780241
0.780268
0.780295
0.780323
0.78035
0.780377
0.780403
0.78043
0.780457
0.780483
0.78051
0.780536
0.780562
0.780589
0.780615
0.780641
0.780666
0.780692
0.780718
0.780743
0.780769
0.780794
0.78082
0.780845
0.78087
0.780895
0.78092
0.780945
0.780969
0.780994
0.781018
0.781043
0.781067
0.781091
0.781116
0.78114
0.781164
0.781188
0.781211
0.781235
0.781259
0.781282
0.781306
0.781329
0.781352
0.781376
0.781399
0.781422
0.781445
0.781467
0.78149
0.781513
0.781535
0.781558
0.78158
0.781603
0.781625
0.781647
0.781669
0.781691
0.781713
0.781735
0.781757
0.781778
0.7818
0.781821
0.781843
0.781864
0.781885
0.781906
0.781928
0.781949
0.78197
0.78199
0.782011
0.782032
0.782052
0.782073
0.782094
0.782114
0.782134
0.782154
0.782175
0.782195
0.782215
0.782235
0.782255
0.782274
0.782294
0.782314
0.782333
0.782353
0.782372
0.782392
0.782411
0.78243
0.782449
0.782468
0.782487
0.782506
0.782525
0.782544
0.782562
0.782581
0.7826
0.782618
0.782637
0.782655
0.782673
0.782691
0.78271
0.782728
0.782746
0.782764
0.782781
0.782799
0.782817
0.782835
0.782852
0.78287
0.782887
0.782905
0.782922
0.782939
0.782957
0.782974
0.782991
0.783008
0.783025
0.783042
0.783058
0.783075
0.783092
0.783109
0.783125
0.783142
0.783158
0.783175
0.783191
0.783207
0.783223
0.783239
0.783256
0.783272
0.783288
0.783303
0.783319
0.783335
0.783351
0.783366
0.783382
0.783398
0.783413
0.783429
0.783444
0.783459
0.783474
0.78349
0.783505
0.78352
0.783535
0.78355
0.783565
0.78358
0.783595
0.783609
0.783624
0.783639
0.783653
0.783668
0.783682
0.783697
0.783711
0.783725
0.78374
0.783754
0.783768
0.783782
0.783796
0.78381
0.783824
0.783838
0.783852
0.783866
0.783879
0.783893
0.783907
0.78392
0.783934
0.783947
0.783961
0.783974
0.783987
0.784001
0.784014
0.784027
0.78404
0.784053
0.784066
0.784079
0.784092
0.784105
0.784118
0.784131
0.784143
0.784156
0.784169
0.784181
0.784194
0.784206
0.784219
0.784231
0.784243
0.784256
0.784268
0.78428
0.784292
0.784305
0.784317
0.784329
0.784341
0.784353
0.784365
0.784376
0.784388
0.7844
0.784412
0.784423
0.784435
0.784447
0.784458
0.78447
0.784481
0.784492
0.784504
0.784515
0.784526
0.784538
0.784549
0.78456
0.784571
0.784582
0.784593
0.784604
0.784615
0.784626
0.784637
0.784648
0.784659
0.784669
0.78468
0.784691
0.784701
0.784712
0.784723
0.784733
0.784744
0.784754
0.784764
0.784775
0.784785
0.784795
0.784806
0.784816
0.784826
0.784836
0.784846
0.784856
0.784866
0.784876
0.784886
0.784896
0.784906
0.784916
0.784925
0.784935
0.784945
0.784955
0.784964
0.784974
0.784983
0.784993
0.785002
0.785012
0.785021
0.785031
0.78504
0.785049
0.785059
0.785068
0.785077
0.785086
0.785095
0.785104
0.785114
0.785123
0.785132
0.785141
0.78515
0.785158
0.785167
0.785176
0.785185
0.785194
0.785202
0.785211
0.78522
0.785228
0.785237
0.785246
0.785254
0.785263
0.785271
0.78528
0.785288
0.785296
0.785305
0.785313
0.785321
0.78533
0.785338
0.785346
0.785354
0.785362
0.78537
0.785379
0.785387
0.785395
0.785403
0.785411
0.785418
0.785426
0.785434
0.785442
0.78545
0.785458
0.785465
0.785473
0.785481
0.785488
0.785496
0.785504
0.785511
0.785519
0.785526
0.785534
0.785541
0.785549
0.785556
0.785563
0.785571
0.785578
0.785585
0.785593
0.7856
0.785607
0.785614
0.785621
0.785629
0.785636
0.785643
0.78565
0.785657
0.785664
0.785671
0.785678
0.785685
0.785692
0.785698
0.785705
0.785712
0.785719
0.785726
0.785732
0.785739
0.785746
0.785752
0.785759
0.785766
0.785772
0.785779
0.785785
0.785792
0.785798
0.785805
0.785811
0.785818
0.785824
0.78583
0.785837
0.785843
0.785849
0.785856
0.785862
0.785868
0.785874
0.785881
0.785887
0.785893
0.785899
0.785905
0.785911
0.785917
0.785923
0.785929
0.785935
0.785941
0.785947
0.785953
0.785959
0.785965
0.78597
0.785976
0.785982
0.785988
0.785994
0.785999
0.786005
0.786011
0.786016
0.786022
0.786028
0.786033
0.786039
0.786044
0.78605
0.786055
0.786061
0.786066
0.786072
0.786077
0.786083
0.786088
0.786093
0.786099
0.786104
0.786109
0.786115
0.78612
0.786125
0.786131
0.786136
0.786141
0.786146
0.786151
0.786156
0.786162
0.786167
0.786172
0.786177
0.786182
0.786187
0.786192
0.786197
0.786202
0.786207
0.786212
0.786217
0.786221
0.786226
0.786231
0.786236
0.786241
0.786246
0.78625
0.786255
0.78626
0.786265
0.786269
0.786274
0.786279
0.786283
0.786288
0.786293
0.786297
0.786302
0.786306
0.786311
0.786316
0.78632
0.786325
0.786329
0.786334
0.786338
0.786342
0.786347
0.786351
0.786356
0.78636
0.786364
0.786369
0.786373
0.786377
0.786382
0.786386
0.78639
0.786394
0.786399
0.786403
0.786407
0.786411
0.786415
0.786419
0.786424
0.786428
0.786432
0.786436
0.78644
0.786444
0.786448
0.786452
0.786456
0.78646
0.786464
0.786468
0.786472
0.786476
0.78648
0.786484
0.786488
0.786491
0.786495
0.786499
0.786503
0.786507
0.786511
0.786514
0.786518
0.786522
0.786526
0.786529
0.786533
0.786537
0.78654
0.786544
0.786548
0.786551
0.786555
0.786559
0.786562
0.786566
0.786569
0.786573
0.786577
0.78658
0.786584
0.786587
0.786591
0.786594
0.786598
0.786601
0.786605
0.786608
0.786611
0.786615
0.786618
0.786622
0.786625
0.786628
0.786632
0.786635
0.786638
0.786642
0.786645
0.786648
0.786651
0.786655
0.786658
0.786661
0.786664
0.786668
0.786671
0.786674
0.786677
0.78668
0.786683
0.786687
0.78669
0.786693
0.786696
0.786699
0.786702
0.786705
0.786708
0.786711
0.786714
0.786717
0.78672
0.786723
0.786726
0.786729
0.786732
0.786735
0.786738
0.786741
0.786744
0.786747
0.78675
0.786753
0.786756
0.786758
0.786761
0.786764
0.786767
0.78677
0.786773
0.786775
0.786778
0.786781
0.786784
0.786786
0.786789
0.786792
0.786795
0.786797
0.7868
0.786803
0.786805
0.786808
0.786811
0.786813
0.786816
0.786819
0.786821
0.786824
0.786827
0.786829
0.786832
0.786834
0.786837
0.78684
0.786842
0.786845
0.786847
0.78685
0.786852
0.786855
0.786857
0.78686
0.786862
0.786865
0.786867
0.786869
0.786872
0.786874
0.786877
0.786879
0.786882
0.786884
0.786886
0.786889
0.786891
0.786893
0.786896
0.786898
0.7869
0.786903
0.786905
0.786907
0.78691
0.786912
0.786914
0.786917
0.786919
0.786921
0.786923
0.786926
0.786928
0.78693
0.786932
0.786934
0.786937
0.786939
0.786941
0.786943
0.786945
0.786947
0.78695
0.786952
0.786954
0.786956
0.786958
0.78696
0.786962
0.786964
0.786966
0.786968
0.786971
0.786973
0.786975
0.786977
0.786979
0.786981
0.786983
0.786985
0.786987
0.786989
0.786991
0.786993
0.786995
0.786997
0.786999
0.787001
0.787003
0.787004
0.787006
0.787008
0.78701
0.787012
0.787014
0.787016
0.787018
0.78702
0.787022
0.787023
0.787025
0.787027
0.787029
0.787031
0.787033
0.787034
0.787036
0.787038
0.78704
0.787042
0.787043
0.787045
0.787047
0.787049
0.787051
0.787052
0.787054
0.787056
0.787058
0.787059
0.787061
0.787063
0.787064
0.787066
0.787068
0.78707
0.787071
0.787073
0.787075
0.787076
0.787078
0.78708
0.787081
0.787083
0.787084
0.787086
0.787088
0.787089
0.787091
0.787093
0.787094
0.787096
0.787097
0.787099
0.7871
0.787102
0.787104
0.787105
0.787107
0.787108
0.78711
0.787111
0.787113
0.787114
0.787116
0.787117
0.787119
0.78712
0.787122
0.787123
0.787125
0.787126
0.787128
0.787129
0.787131
0.787132
0.787134
0.787135
0.787137
0.787138
0.787139
0.787141
0.787142
0.787144
0.787145
0.787146
0.787148
0.787149
0.787151
0.787152
0.787153
0.787155
0.787156
0.787157
0.787159
0.78716
0.787161
0.787163
0.787164
0.787165
0.787167
0.787168
0.787169
0.787171
0.787172
0.787173
0.787175
0.787176
0.787177
0.787179
0.78718
0.787181
0.787182
0.787184
0.787185
0.787186
0.787187
0.787189
0.78719
0.787191
0.787192
0.787193
0.787195
0.787196
0.787197
0.787198
0.7872
0.787201
0.787202
0.787203
0.787204
0.787205
0.787207
0.787208
0.787209
0.78721
0.787211
0.787212
0.787214
0.787215
0.787216
0.787217
0.787218
0.787219
0.78722
0.787221
0.787223
0.787224
0.787225
0.787226
0.787227
0.787228
0.787229
0.78723
0.787231
0.787232
0.787234
0.787235
0.787236
0.787237
0.787238
0.787239
0.78724
0.787241
0.787242
0.787243
0.787244
0.787245
0.787246
0.787247
0.787248
0.787249
0.78725
0.787251
0.787252
0.787253
0.787254
0.787255
0.787256
0.787257
0.787258
0.787259
0.78726
0.787261
0.787262
0.787263
0.787264
0.787265
0.787266
0.787267
0.787268
0.787269
0.78727
0.78727
0.787271
0.787272
0.787273
0.787274
0.787275
0.787276
0.787277
0.787278
0.787279
0.78728
0.78728
0.787281
0.787282
0.787283
0.787284
0.787285
0.787286
0.787287
0.787288
0.787288
0.787289
0.78729
0.787291
0.787292
0.787293
0.787293
0.787294
0.787295
0.787296
0.787297
0.787298
0.787299
0.787299
0.7873
0.787301
0.787302
0.787303
0.787303
0.787304
0.787305
0.787306
0.787307
0.787307
0.787308
0.787309
0.78731
0.787311
0.787311
0.787312
0.787313
0.787314
0.787314
0.787315
0.787316
0.787317
0.787317
0.787318
0.787319
0.78732
0.78732
0.787321
0.787322
0.787323
0.787323
0.787324
0.787325
0.787326
0.787326
0.787327
0.787328
0.787328
0.787329
0.78733
0.787331
0.787331
0.787332
0.787333
0.787333
0.787334
0.787335
0.787335
0.787336
0.787337
0.787337
0.787338
0.787339
0.787339
0.78734
0.787341
0.787341
0.787342
0.787343
0.787343
0.787344
0.787345
0.787345
0.787346
0.787347
0.787347
0.787348
0.787349
0.787349
0.78735
0.787351
0.787351
0.787352
0.787352
0.787353
0.787354
0.787354
0.787355
0.787355
0.787356
0.787357
0.787357
0.787358
0.787359
0.787359
0.78736
0.78736
0.787361
0.787361
0.787362
0.787363
0.787363
0.787364
0.787364
0.787365
0.787366
0.787366
0.787367
0.787367
0.787368
0.787368
0.787369
0.787369
0.78737
0.787371
0.787371
0.787372
0.787372
0.787373
0.787373
0.787374
0.787374
0.787375
0.787375
0.787376
0.787377
0.787377
0.787378
0.787378
0.787379
0.787379
0.78738
0.78738
0.787381
0.787381
0.787382
0.787382
0.787383
0.787383
0.787384
0.787384
0.787385
0.787385
0.787386
0.787386
0.787387
0.787387
0.787388
0.787388
0.787389
0.787389
0.78739
0.78739
0.787391
0.787391
0.787392
0.787392
0.787393
0.787393
0.787393
0.787394
0.787394
0.787395
0.787395
0.787396
0.787396
0.787397
0.787397
0.787398
0.787398
0.787399
0.787399
0.787399
0.7874
0.7874
0.787401
0.787401
0.787402
0.787402
0.787402
0.787403
0.787403
0.787404
0.787404
0.787405
0.787405
0.787405
0.787406
0.787406
0.787407
0.787407
0.787408
0.787408
0.787408
0.787409
0.787409
0.78741
0.78741
0.78741
0.787411
0.787411
0.787412
0.787412
0.787412
0.787413
0.787413
0.787414
0.787414
0.787414
0.787415
0.787415
0.787416
0.787416
0.787416
0.787417
0.787417
0.787417
0.787418
0.787418
0.787419
0.787419
0.787419
0.78742
0.78742
0.78742
0.787421
0.787421
0.787422
0.787422
0.787422
0.787423
0.787423
0.787423
0.787424
0.787424
0.787424
0.787425
0.787425
0.787425
0.787426
0.787426
0.787426
0.787427
0.787427
0.787427
0.787428
0.787428
0.787428
0.787429
0.787429
0.787429
0.78743
0.78743
0.78743
0.787431
0.787431
0.787431
0.787432
0.787432
0.787432
0.787433
0.787433
0.787433
0.787434
0.787434
0.787434
0.787435
0.787435
0.787435
0.787436
0.787436
0.787436
0.787436
0.787437
0.787437
0.787437
0.787438
0.787438
0.787438
0.787439
0.787439
0.787439
0.787439
0.78744
0.78744
0.78744
0.787441
0.787441
0.787441
0.787441
0.787442
0.787442
0.787442
0.787443
0.787443
0.787443
0.787443
0.787444
0.787444
0.787444
0.787445
0.787445
0.787445
0.787445
0.787446
0.787446
0.787446
0.787446
0.787447
0.787447
0.787447
0.787448
0.787448
0.787448
0.787448
0.787449
0.787449
0.787449
0.787449
0.78745
0.78745
0.78745
0.78745
0.787451
0.787451
0.787451
0.787451
0.787452
0.787452
0.787452
0.787452
0.787453
0.787453
0.787453
0.787453
0.787454
0.787454
0.787454
0.787454
0.787455
0.787455
0.787455
0.787455
0.787455
0.787456
0.787456
0.787456
0.787456
0.787457
0.787457
0.787457
0.787457
0.787458
0.787458
0.787458
0.787458
0.787458
0.787459
0.787459
0.787459
0.787459
0.78746
0.78746
0.78746
0.78746
0.78746
0.787461
0.787461
0.787461
0.787461
0.787461
0.787462
0.787462
0.787462
0.787462
0.787463
0.787463
0.787463
0.787463
0.787463
0.787464
0.787464
0.787464
0.787464
0.787464
0.787465
0.787465
0.787465
0.787465
0.787465
0.787466
0.787466
0.787466
0.787466
0.787466
0.787467
0.787467
0.787467
0.787467
0.787467
0.787467
0.787468
0.787468
0.787468
0.787468
0.787468
0.787469
0.787469
0.787469
0.787469
0.787469
0.787469
0.78747
0.78747
0.78747
0.78747
0.78747
0.787471
0.787471
0.787471
0.787471
0.787471
0.787471
0.787472
0.787472
0.787472
0.787472
0.787472
0.787472
0.787473
0.787473
0.787473
0.787473
0.787473
0.787473
0.787474
0.787474
0.787474
0.787474
0.787474
0.787474
0.787475
0.787475
0.787475
0.787475
0.787475
0.787475
0.787476
0.787476
0.787476
0.787476
0.787476
0.787476
0.787477
0.787477
0.787477
0.787477
0.787477
0.787477
0.787477
0.787478
0.787478
0.787478
0.787478
0.787478
0.787478
0.787478
0.787479
0.787479
0.787479
0.787479
0.787479
0.787479
0.787479
0.78748
0.78748
0.78748
0.78748
0.78748
0.78748
0.78748
0.787481
0.787481
0.787481
0.787481
0.787481
0.787481
0.787481
0.787482
0.787482
0.787482
0.787482
0.787482
0.787482
0.787482
0.787483
0.787483
0.787483
0.787483
0.787483
0.787483
0.787483
0.787483
0.787484
0.787484
0.787484
0.787484
0.787484
0.787484
0.787484
0.787484
0.787485
0.787485
0.787485
0.787485
0.787485
0.787485
0.787485
0.787485
0.787486
0.787486
0.787486
0.787486
0.787486
0.787486
0.787486
0.787486
0.787486
0.787487
0.787487
0.787487
0.787487
0.787487
0.787487
0.787487
0.787487
0.787488
0.787488
0.787488
0.787488
0.787488
0.787488
0.787488
0.787488
0.787488
0.787489
0.787489
0.787489
0.787489
0.787489
0.787489
0.787489
0.787489
0.787489
0.787489
0.78749
0.78749
0.78749
0.78749
0.78749
0.78749
0.78749
0.78749
0.78749
0.787491
0.787491
0.787491
0.787491
0.787491
0.787491
0.787491
0.787491
0.787491
0.787491
0.787492
0.787492
0.787492
0.787492
0.787492
0.787492
0.787492
0.787492
0.787492
0.787492
0.787492
0.787493
0.787493
0.787493
0.787493
0.787493
0.787493
0.787493
0.787493
0.787493
0.787493
0.787493
0.787494
0.787494
0.787494
0.787494
0.787494
0.787494
0.787494
0.787494
0.787494
0.787494
0.787494
0.787495
0.787495
0.787495
0.787495
0.787495
0.787495
0.787495
0.787495
0.787495
0.787495
0.787495
0.787495
0.787496
0.787496
0.787496
0.787496
0.787496
0.787496
0.787496
0.787496
0.787496
0.787496
0.787496
0.787496
0.787497
0.787497
0.787497
0.787497
0.787497
0.787497
0.787497
0.787497
0.787497
0.787497
0.787497
0.787497
0.787497
0.787498
0.787498
0.787498
0.787498
0.787498
0.787498
0.787498
0.787498
0.787498
0.787498
0.787498
0.787498
0.787498
0.787498
0.787499
0.787499
0.787499
0.787499
0.787499
0.787499
0.787499
0.787499
0.787499
0.787499
0.787499
0.787499
0.787499
0.787499
0.7875
0.7875
0.7875
0.7875
0.7875
0.7875
0.7875
0.7875
0.7875
0.7875
0.7875
0.7875
0.7875
0.7875
0.7875
0.787501
0.787501
0.787501
0.787501
0.787501
0.787501
0.787501
0.787501
0.787501
0.787501
0.787501
0.787501
0.787501
0.787501
0.787501
0.787501
0.787501
0.787502
0.787502
0.787502
0.787502
0.787502
0.787502
0.787502
0.787502
0.787502
0.787502
0.787502
0.787502
0.787502
0.787502
0.787502
0.787502
0.787502
0.787503
0.787503
0.787503
0.787503
0.787503
0.787503
0.787503
0.787503
0.787503
0.787503
0.787503
0.787503
0.787503
0.787503
0.787503
0.787503
0.787503
0.787503
0.787504
0.787504
0.787504
0.787504
0.787504
0.787504
0.787504
0.787504
0.787504
0.787504
0.787504
0.787504
0.787504
0.787504
0.787504
0.787504
0.787504
0.787504
0.787504
0.787504
0.787505
0.787505
0.787505
0.787505
0.787505
0.787505
0.787505
0.787505
0.787505
0.787505
0.787505
0.787505
0.787505
0.787505
0.787505
0.787505
0.787505
0.787505
0.787505
0.787505
0.787505
0.787506
0.787506
0.787506
0.787506
0.787506
0.787506
0.787506
0.787506
0.787506
0.787506
0.787506
0.787506
0.787506
0.787506
0.787506
0.787506
0.787506
0.787506
0.787506
0.787506
0.787506
0.787506
0.787506
0.787507
0.787507
0.787507
0.787507
0.787507
0.787507
0.787507
0.787507
0.787507
0.787507
0.787507
0.787507
0.787507
0.787507
0.787507
0.787507
0.787507
0.787507
0.787507
0.787507
0.787507
0.787507
0.787507
0.787507
0.787507
0.787507
0.787508
0.787508
0.787508
0.787508
0.787508
0.787508
0.787508
0.787508
0.787508
0.787508
0.787508
0.787508
0.787508
0.787508
0.787508
0.787508
0.787508
0.787508
0.787508
0.787508
0.787508
0.787508
0.787508
0.787508
0.787508
0.787508
0.787508
0.787508
0.787509
0.787509
0.787509
0.787509
0.787509
0.787509
0.787509
0.787509
0.787509
0.787509
0.787509
0.787509
0.787509
0.787509
0.787509
0.787509
0.787509
0.787509
0.787509
0.787509
0.787509
0.787509
0.787509
0.787509
0.787509
0.787509
0.787509
0.787509
0.787509
0.787509
0.787509
0.78751
0.78751
0.78751
0.78751
0.78751
0.78751
0.78751
0.78751
0.78751
0.78751
0.78751
0.78751
0.78751
0.78751
0.78751
0.78751
0.78751
0.78751
0.78751
0.78751
0.78751
0.78751
0.78751
0.78751
0.78751
0.78751
0.78751
0.78751
0.78751
0.78751
0.78751
0.78751
0.78751
0.78751
0.78751
0.78751
0.787511
0.787511
0.787511
0.787511
0.787511
0.787511
0.787511
0.787511
0.787511
0.787511
0.787511
0.787511
0.787511
0.787511
0.787511
0.787511
0.787511
0.787511
0.787511
0.787511
0.787511
0.787511
0.787511
0.787511
0.787511
0.787511
0.787511
0.787511
0.787511
0.787511
0.787511
0.787511
0.787511
0.787511
0.787511
0.787511
0.787511
0.787511
0.787511
0.787511
0.787511
0.787512
0.787512
0.787512
0.787512
0.787512
0.787512
0.787512
0.787512
0.787512
0.787512
0.787512
0.787512
0.787512
0.787512
0.787512
0.787512
0.787512
0.787512
0.787512
0.787512
0.787512
0.787512
0.787512
0.787512
0.787512
0.787512
0.787512
0.787512
0.787512
0.787512
0.787512
0.787512
0.787512
0.787512
0.787512
0.787512
0.787512
0.787512
0.787512
0.787512
0.787512
0.787512
0.787512
0.787512
0.787512
0.787512
0.787512
0.787512
0.787512
0.787513
0.787513
0.787513
0.787513
0.787513
0.787513
0.787513
0.787513
0.787513
0.787513
0.787513
0.787513
0.787513
0.787513
0.787513
0.787513
0.787513
0.787513
0.787513
0.787513
0.787513
0.787513
0.787513
0.787513
0.787513
0.787513
0.787513
0.787513
0.787513
0.787513
0.787513
0.787513
0.787513
0.787513
0.787513
0.787513
0.787513
0.787513
0.787513
0.787513
0.787513
0.787513
0.787513
0.787513
0.787513
0.787513
0.787513
0.787513
0.787513
0.787513
0.787513
0.787513
0.787513
0.787513
0.787513
0.787513
0.787513
0.787513
0.787513
0.787514
0.787514
0.787514
0.787514
0.787514
0.787514
0.787514
0.787514
0.787514
0.787514
0.787514
0.787514
0.787514
0.787514
0.787514
0.787514
0.787514
0.787514
0.787514
0.787514
0.787514
0.787514
0.787514
0.787514
0.787514
0.787514
0.787514
0.787514
0.787514
0.787514
0.787514
0.787514
0.787514
0.787514
0.787514
0.787514
0.787514
0.787514
0.787514
0.787514
0.787514
0.787514
0.787514
0.787514
0.787514
0.787514
0.787514
0.787514
0.787514
0.787514
0.787514
0.787514
0.787514
0.787514
0.787514
0.787514
0.787514
0.787514
0.787514
0.787514
0.787514
0.787514
0.787514
0.787514
0.787514
0.787514
0.787514
0.787514
0.787514
0.787514
0.787514
0.787514
0.787514
0.787514
0.787514
0.787514
0.787514
0.787514
0.787515
0.787515
0.787515
0.787515
0.787515
0.787515
0.787515
0.787515
0.787515
0.787515
0.787515
0.787515
0.787515
0.787515
0.787515
0.787515
0.787515
0.787515
0.787515
0.787515
0.787515
0.787515
0.787515
0.787515
0.787515
0.787515
0.787515
0.787515
0.787515
0.787515
0.787515
0.787515
0.787515
0.787515
0.787515
0.787515
0.787515
0.787515
0.787515
0.787515
0.787515
0.787515
0.787515
0.787515
0.787515
0.787515
0.787515
0.787515
0.787515
0.787515
0.787515
0.787515
0.787515
0.787515
0.787515
0.787515
0.787515
0.787515
0.787515
0.787515
0.787515
0.787515
0.787515
0.787515
0.787515
0.787515
0.787515
0.787515
0.787515
0.787515
0.787515
0.787515
0.787515
0.787515
0.787515
0.787515
0.787515
0.787515
0.787515
0.787515
0.787515
0.787515
0.787515
0.787515
0.787515
0.787515
0.787515
0.787515
0.787515
0.787515
0.787515
0.787515
0.787515
0.787515
0.787515
0.787515
0.787515
0.787515
0.787515
0.787515
0.787515
0.787515
0.787515
0.787515
0.787515
0.787515
0.787515
0.787515
0.787515
0.787516
0.787516
0.787516
0.787516
0.787516
0.787516
0.787516
0.787516
0.787516
0.787516
0.787516
0.787516
0.787516
0.787516
0.787516
0.787516
0.787516
0.787516
0.787516
0.787516
0.787516
0.787516
0.787516
0.787516
0.787516
0.787516
0.787516
0.787516
0.787516
0.787516
0.787516
0.787516
0.787516
0.787516
0.787516
0.787516
0.787516
0.787516
0.787516
0.787516
0.787516
0.787516
0.787516
0.787516
0.787516
0.787516
0.787516
0.787516
0.787516
0.787516
0.787516
0.787516
0.787516
0.787516
0.787516
0.787516
0.787516
0.787516
0.787516
0.787516
0.787516
0.787516
0.787516
0.787516
0.787516
0.787516
0.787516
0.787516
0.787516
0.787516
0.787516
0.787516
0.787516
0.787516
0.787516
0.787516
0.787516
0.787516
0.787516
0.787516
0.787516
0.787516
0.787516
0.787516
0.787516
0.787516
0.787516
0.787516
0.787516
0.787516
0.787516
0.787516
0.787516
0.787516
0.787516
0.787516
0.787516
0.787516
0.787516
0.787516
0.787516
0.787516
0.787516
0.787516
0.787516
0.787516
0.787516
0.787516
0.787516
0.787516
0.787516
0.787516
0.787516
0.787516
0.787516
0.787516
0.787516
0.787516
0.787516
0.787516
0.787516
0.787516
0.787516
0.787516
0.787516
0.787516
0.787516
0.787516
0.787516
0.787516
0.787516
0.787516
0.787516
0.787516
0.787516
0.787516
0.787516
0.787516
0.787516
0.787516
0.787516
0.787516
0.787516
0.787516
0.787516
0.787516
0.787516
0.787516
0.787516
0.787516
0.787516
0.787516
0.787516
0.787516
0.787516
0.787516
0.787516
0.787516
0.787516
0.787516
0.787516
0.787516
0.787516
0.787516
0.787516
0.787516
0.787516
0.787516
0.787516
0.787516
0.787516
0.787516
0.787516
0.787516
0.787516
0.787516
0.787516
0.787516
0.787516
0.787516
0.787516
0.787516
0.787516
0.787516
0.787516
0.787516
0.787516
0.787516
0.787516
0.787517
0.787517
0.787517
0.787517
0.787517
0.787517
0.787517
0.787517
0.787517
0.787517
0.787517
0.787517
0.787517
0.787517
0.787517
0.787517
0.787517
0.787517
0.787517
0.787517
0.787517
0.787517
0.787517
0.787517
0.787517
0.787517
0.787517
0.787517
0.787517
0.787517
0.787517
0.787517
0.787517
0.787517
0.787517
0.787517
0.787517
0.787517
0.787517
0.787517
0.787517
0.787517
0.787517
0.787517
0.787517
0.787517
0.787517
0.787517
0.787517
0.787517
0.787517
0.787517
0.787517
0.787517
0.787517
0.787517
0.787517
0.787517
0.787517
0.787517
0.787517
0.787517
0.787517
0.787517
0.787517
0.787517
0.787517
0.787517
0.787517
0.787517
0.787517
0.787517
0.787517
0.787517
0.787517
0.787517
0.787517
0.787517
0.787517
0.787517
0.787517
0.787517
0.787517
0.787517
0.787517
0.787517
0.787517
0.787517
0.787517
0.787517
0.787517
0.787517
0.787517
0.787517
0.787517
0.787517
0.787517
0.787517
0.787517
0.787517
0.787517
0.787517
0.787517
0.787517
0.787517
0.787517
0.787517
0.787517
0.787517
0.787517
0.787517
0.787517
0.787517
0.787517
0.787517
0.787517
0.787517
0.787517
0.787517
0.787517
0.787517
0.787517
0.787517
0.787517
0.787517
0.787517
0.787517
0.787517
0.787517
0.787517
0.787517
0.787517
0.787517
0.787517
0.787517
0.787517
0.787517
0.787517
0.787517
0.787517
0.787517
0.787517
0.787517
0.787517
0.787517
0.787517
0.787517
0.787517
0.787517
0.787517
0.787517
0.787517
0.787517
0.787517
0.787517
0.787517
0.787517
0.787517
0.787517
0.787517
0.787517
0.787517
0.787517
0.787517
0.787517
0.787517
0.787517
0.787517
0.787517
0.787517
0.787517
0.787517
0.787517
0.787517
0.787517
0.787517
0.787517
0.787517
0.787517
0.787517
0.787517
0.787517
0.787517
0.787517
0.787517
0.787517
0.787517
0.787517
0.787517
0.787517
0.787517
0.787517
0.787517
0.787517
0.787517
0.787517
0.787517
0.787517
0.787517
0.787517
0.787517
0.787517
0.787517
0.787517
0.787517
0.787517
0.787517
0.787517
0.787517
0.787517
0.787517
0.787517
0.787517
0.787517
0.787517
0.787517
0.787517
0.787517
0.787517
0.787517
0.787517
0.787517
0.787517
0.787517
0.787517
0.787517
0.787517
0.787517
0.787517
0.787517
0.787517
0.787517
0.787517
0.787517
0.787517
0.787517
0.787517
0.787517
0.787517
0.787517
0.787517
0.787517
0.787517
0.787517
0.787517
0.787517
0.787517
0.787517
0.787517
0.787517
0.787517
0.787517
0.787517
0.787517
0.787517
0.787517
0.787517
0.787517
0.787517
0.787517
0.787517
0.787517
0.787517
0.787517
0.787517
0.787517
0.787517
0.787517
0.787517
0.787517
0.787517
0.787517
0.787517
0.787517
0.787517
0.787517
0.787517
0.787517
0.787517
0.787517
0.787517
0.787517
0.787517
0.787517
0.787517
0.787517
0.787517
0.787517
0.787517
0.787517
0.787517
0.787517
0.787517
0.787517
0.787517
0.787517
0.787517
0.787517
0.787517
0.787517
0.787517
0.787517
0.787517
0.787517
0.787517
0.787517
0.787517
0.787517
0.787517
0.787517
0.787517
0.787517
0.787517
0.787517
0.787517
0.787517
0.787517
0.787517
0.787517
0.787517
0.787517
0.787517
0.787517
0.787517
0.787517
0.787517
0.787517
0.787517
0.787517
0.787517
0.787517
0.787517
0.787517
0.787517
0.787517
0.787517
0.787517
0.787517
0.787517
0.787517
0.787517
0.787517
0.787517
0.787517
0.787517
0.787517
0.787517
0.787517
0.787517
0.787517
0.787517
0.787517
0.787517
0.787517
0.787517
0.787517
0.787517
0.787517
0.787517
0.787517
0.787517
0.787517
0.787517
0.787517
0.787517
0.787517
0.787517
0.787517
0.787517
0.787517
0.787517
0.787517
0.787517
0.787517
0.787517
0.787517
0.787517
0.787517
0.787517
0.787517
0.787517
0.787517
0.787517
0.787517
0.787517
0.787517
0.787517
0.787517
0.787517
0.787517
0.787517
0.787517
0.787517
0.787517
0.787517
0.787517
0.787517
0.787517
0.787517
0.787517
0.787517
0.787517
0.787517
0.787517
0.787517
0.787517
0.787517
0.787517
0.787517
0.787517
0.787517
0.787517
0.787517
0.787517
0.787517
0.787517
0.787517
0.787517
0.787517
0.787517
0.787517
0.787517
0.787517
0.787517
0.787517
0.787517
0.787517
0.787517
0.787517
0.787517
0.787517
0.787517
0.787517
0.787517
0.787517
0.787517
0.787517
0.787517
0.787517
0.787517
0.787517
0.787517
0.787517
0.787517
0.787517
0.787517
0.787517
0.787517
0.787517
0.787517
0.787517
0.787517
0.787517
0.787517
0.787517
0.787517
0.787517
0.787517
0.787517
0.787517
0.787517
0.787517
0.787517
0.787517
0.787517
0.787517
0.787517
0.787517
0.787517
0.787517
0.787517
0.787517
0.787517
0.787517
0.787517
0.787517
0.787517
0.787517
0.787517
0.787517
0.787517
0.787517
0.787517
0.787517
0.787517
0.787517
0.787517
0.787517
0.787517
0.787517
0.787517
0.787517
0.787517
0.787517
0.787517
0.787517
0.787517
0.787517
0.787517
0.787517
0.787517
0.787517
0.787517
0.787517
0.787517
0.787517
0.787517
0.787517
0.787517
0.787517
0.787517
0.787517
0.787517
0.787517
0.787517
0.787517
0.787517
0.787517
0.787517
0.787517
0.787517
0.787517
0.787517
0.787517
0.787517
0.787517
0.787517
0.787517
0.787517
0.787517
0.787517
0.787517
0.787517
0.787517
0.787517
0.787517
0.787517
0.787517
0.787517
0.787517
0.787517
0.787517
0.787517
0.787517
0.787517
0.787517
0.787517
0.787517
0.787517
0.787517
0.787517
0.787517
0.787517
0.787517
0.787517
0.787517
0.787517
0.787517
0.787517
0.787517
0.787517
0.787517
0.787517
0.787517
0.787517
0.787517
0.787517
0.787517
0.787517
0.787517
0.787517
0.787517
0.787517
0.787517
0.787517
0.787517
0.787517
0.787517
0.787517
0.787517
0.787517
0.787517
0.787517
0.787517
0.787517
0.787517
0.787517
0.787517
0.787517
0.787517
0.787517
0.787517
0.787517
0.787517
0.787517
0.787517
0.787517
0.787517
0.787517
0.787517
0.787517
0.787517
0.787517
0.787517
0.787517
0.787517
0.787517
0.787517
0.787517
0.787517
0.787517
0.787517
0.787517
0.787517
0.787517
0.787517
0.787517
0.787517
0.787517
0.787517
0.787517
0.787517
0.787517
0.787517
0.787517
0.787517
0.787517
0.787517
0.787517
0.787517
0.787517
0.787517
0.787517
0.787517
0.787517
0.787517
0.787517
0.787517
0.787517
0.787517
0.787517
0.787517
0.787517
0.787517
0.787517
0.787517
0.787517
0.787517
0.787517
0.787517
0.787517
0.787517
0.787517
0.787517
0.787517
0.787517
0.787517
0.787517
0.787517
0.787517
0.787517
0.787517
0.787517
0.787517
0.787517
0.787517
0.787517
0.787517
0.787517
0.787517
0.787517
0.787517
0.787517
0.787517
0.787517
0.787517
0.787517
0.787517
0.787517
0.787517
0.787517
0.787517
0.787517
0.787517
0.787517
0.787517
0.787517
0.787517
0.787517
0.787517
0.787517
0.787517
0.787517
0.787517
0.787517
0.787517
0.787517
0.787517
0.787517
0.787517
0.787517
0.787517
0.787517
0.787517
0.787517
0.787517
0.787517
0.787517
0.787517
0.787517
0.787517
0.787517
0.787517
0.787517
0.787517
0.787517
0.787517
0.787517
0.787517
0.787517
0.787517
0.787517
0.787517
0.787517
0.787517
0.787517
0.787517
0.787517
0.787517
0.787517
0.787517
0.787517
0.787517
0.787517
0.787517
0.787517
0.787517
0.787517
0.787517
0.787517
0.787517
0.787517
0.787517
0.787517
0.787517
0.787517
0.787517
0.787517
0.787517
0.787517
0.787517
0.787517
0.787517
0.787517
0.787517
0.787517
0.787517
0.787517
0.787517
0.787517
0.787517
0.787517
0.787517
0.787517
0.787517
0.787517
0.787517
0.787517
0.787517
0.787517
0.787517
0.787517
0.787517
0.787517
0.787517
0.787517
0.787517
0.787517
0.787517
0.787517
0.787517
0.787517
0.787517
0.787517
0.787517
0.787517
0.787517
0.787517
0.787517
0.787517
0.787517
0.787517
0.787517
0.787517
0.787517
0.787517
0.787517
0.787517
0.787517
0.787517
0.787517
0.787517
0.787517
0.787517
0.787517
0.787517
0.787517
0.787517
0.787517
0.787517
0.787517
0.787517
0.787517
0.787517
0.787517
0.787517
0.787517
0.787517
0.787517
0.787517
0.787517
0.787517
0.787517
0.787517
0.787517
0.787517
0.787517
0.787517
0.787517
0.787517
0.787517
0.787517
0.787517
0.787517
0.787517
0.787517
0.787517
0.787517
0.787517
0.787517
0.787517
0.787517
0.787517
0.787517
0.787517
0.787517
0.787517
0.787517
0.787517
0.787517
0.787517
0.787517
0.787517
0.787517
0.787517
0.787517
0.787517
0.787517
0.787517
0.787517
0.787517
0.787517
0.787517
0.787517
0.787517
0.787517
0.787517
0.787517
0.787517
0.787517
0.787517
0.787517
0.787517
0.787517
0.787517
0.787517
0.787517
0.787517
0.787517
0.787517
0.787517
0.787517
0.787517
0.787517
0.787517
0.787517
0.787517
0.787517
0.787517
0.787517
0.787517
0.787517
0.787517
0.787517
0.787517
0.787517
0.787517
0.787517
0.787517
0.787517
0.787517
0.787517
0.787517
0.787517
0.787517
0.787517
0.787517
0.787517
0.787517
0.787517
0.787517
0.787517
0.787517
0.787517
0.787517
0.787517
0.787517
0.787517
0.787517
0.787517
0.787517
0.787517
0.787517
0.787517
0.787517
0.787517
0.787517
0.787517
0.787517
0.787517
0.787517
0.787517
0.787517
0.787517
0.787517
0.787517
0.787517
0.787517
0.787517
0.787517
0.787517
0.787517
0.787517
0.787517
0.787517
0.787517
0.787517
0.787517
0.787517
0.787517
0.787517
0.787517
0.787517
0.787517
0.787517
0.787517
0.787517
0.787517
0.787517
0.787517
0.787517
0.787517
0.787517
0.787517
0.787517
0.787517
0.787517
0.787517
0.787517
0.787517
0.787517
0.787517
0.787517
0.787517
0.787517
0.787517
0.787517
0.787517
0.787517
0.787517
0.787517
0.787517
0.787517
0.787517
0.787517
0.787517
0.787517
0.787517
0.787517
0.787517
0.787517
0.787517
0.787517
0.787517
0.787517
0.787517
0.787517
0.787517
0.787517
0.787517
0.787517
0.787517
0.787517
0.787517
0.787517
0.787517
0.787517
0.787517
0.787517
0.787517
0.787517
0.787517
0.787517
0.787517
0.787517
0.787517
0.787517
0.787517
0.787517
0.787517
0.787517
0.787517
0.787517
0.787517
0.787517
0.787517
0.787517
0.787517
0.787517
0.787517
0.787517
0.787517
0.787517
0.787517
0.787517
0.787517
0.787517
0.787517
0.787517
0.787517
0.787517
0.787517
0.787517
0.787517
0.787517
0.787517
0.787517
0.787517
0.787517
0.787517
0.787517
0.787517
0.787517
0.787517
0.787517
0.787517
0.787517
0.787517
0.787517
0.787517
0.787517
0.787517
0.787517
0.787517
0.787517
0.787517
0.787517
0.787517
0.787517
0.787517
0.787517
0.787517
0.787517
0.787517
0.787517
0.787517
0.787517
0.787517
0.787517
0.787517
0.787517
0.787517
0.787517
0.787517
0.787517
0.787517
0.787517
0.787517
0.787517
0.787517
0.787517
0.787517
0.787517
0.787517
0.787517
0.787517
0.787517
0.787517
0.787517
0.787517
0.787517
0.787517
0.787517
0.787517
0.787517
0.787517
0.787517
0.787517
0.787517
0.787517
0.787517
0.787517
0.787517
0.787517
0.787517
0.787517
0.787517
0.787517
0.787517
0.787517
0.787517
0.787517
0.787517
0.787517
0.787517
0.787517
0.787517
0.787517
0.787517
0.787517
0.787517
0.787517
0.787517
0.787517
0.787517
0.787517
0.787517
0.787517
0.787517
0.787517
0.787517
0.787517
0.787517
0.787517
0.787517
0.787517
0.787517
0.787517
0.787517
0.787517
0.787517
0.787517
0.787517
0.787517
0.787517
0.787517
0.787517
0.787517
0.787517
0.787517
0.787517
0.787517
0.787517
0.787517
0.787517
0.787517
0.787517
0.787517
0.787517
0.787517
0.787517
0.787517
0.787517
0.787517
0.787517
0.787517
0.787517
0.787517
0.787517
0.787517
0.787517
0.787517
0.787517
0.787517
0.787517
0.787517
0.787517
0.787517
0.787517
0.787517
0.787517
0.787517
0.787517
0.787517
0.787517
0.787517
0.787517
0.787517
0.787517
0.787517
0.787517
0.787517
0.787517
0.787517
0.787517
0.787517
0.787517
0.787517
0.787517
0.787517
0.787517
0.787517
0.787517
0.787517
0.787517
0.787517
0.787517
0.787517
0.787517
0.787517
0.787517
0.787517
0.787517
0.787517
0.787517
0.787517
0.787517
0.787517
0.787517
0.787517
0.787517
0.787517
0.787517
0.787517
0.787517
0.787517
0.787517
0.787517
0.787517
0.787517
0.787517
0.787517
0.787517
0.787517
0.787517
0.787517
0.787517
0.787517
0.787517
0.787517
0.787517
0.787517
0.787517
0.787517
0.787517
0.787517
0.787517
0.787517
0.787517
0.787517
0.787517
0.787517
0.787517
0.787517
0.787517
0.787517
0.787517
0.787517
0.787517
0.787517
0.787517
0.787517
0.787517
0.787517
0.787517
0.787517
0.787517
0.787517
0.787517
0.787517
0.787517
0.787517
0.787517
0.787517
0.787517
0.787517
0.787517
0.787517
0.787517
0.787517
0.787517
0.787517
0.787517
0.787517
0.787517
0.787517
0.787517
0.787517
0.787517
0.787517
0.787517
0.787517
0.787517
0.787517
0.787517
0.787517
0.787517
0.787517
0.787517
0.787517
0.787517
0.787517
0.787517
0.787517
0.787517
0.787517
0.787517
0.787517
0.787517
0.787517
0.787517
0.787517
0.787517
0.787517
0.787517
0.787517
0.787517
0.787517
0.787517
0.787517
0.787517
0.787517
0.787517
0.787517
0.787517
0.787517
0.787517
0.787517
0.787517
0.787517
0.787517
0.787517
0.787517
0.787517
0.787517
0.787517
0.787517
0.787517
0.787517
0.787517
0.787517
0.787517
0.787517
0.787517
0.787517
0.787517
0.787517
0.787517
0.787517
0.787517
0.787517
0.787517
0.787517
0.787517
0.787517
0.787517
0.787517
0.787517
0.787517
0.787517
0.787517
0.787517
0.787517
0.787517
0.787517
0.787517
0.787517
0.787517
0.787517
0.787517
0.787517
0.787517
0.787517
0.787517
0.787517
0.787517
