0.001
0.00972082
0.0196569
0.028913
0.0368814
0.0435201
0.0490035
0.0535618
0.0574122
0.0607346
0.0636685
0.0663173
0.0687551
0.0710341
0.0731902
0.0752481
0.0772246
0.0791308
0.0809746
0.0827613
0.0844947
0.0861777
0.0878124
0.0894008
0.0909443
0.0924444
0.0939023
0.0953193
0.0966965
0.098035
0.0993359
0.1006
0.101829
0.103023
0.104184
0.105312
0.106409
0.107474
0.10851
0.109517
0.110495
0.111446
0.11237
0.113268
0.114141
0.114989
0.115813
0.116614
0.117393
0.11815
0.118885
0.1196
0.120295
0.12097
0.121626
0.122264
0.122884
0.123486
0.124071
0.12464
0.125193
0.12573
0.126253
0.12676
0.127253
0.127733
0.128198
0.128651
0.129091
0.129519
0.129934
0.130338
0.130731
0.131112
0.131483
0.131843
0.132193
0.132533
0.132864
0.133185
0.133497
0.133801
0.134096
0.134382
0.134661
0.134932
0.135195
0.13545
0.135699
0.13594
0.136175
0.136403
0.136624
0.13684
0.137049
0.137252
0.13745
0.137642
0.137829
0.13801
0.138186
0.138358
0.138524
0.138686
0.138843
0.138996
0.139144
0.139288
0.139429
0.139565
0.139697
0.139826
0.139951
0.140072
0.14019
0.140305
0.140417
0.140525
0.14063
0.140732
0.140832
0.140928
0.141022
0.141113
0.141202
0.141288
0.141372
0.141453
0.141532
0.141609
0.141684
0.141756
0.141827
0.141895
0.141962
0.142026
0.142089
0.14215
0.14221
0.142267
0.142323
0.142378
0.14243
0.142482
0.142532
0.14258
0.142627
0.142673
0.142718
0.142761
0.142803
0.142844
0.142884
0.142922
0.14296
0.142996
0.143031
0.143066
0.143099
0.143132
0.143163
0.143194
0.143223
0.143252
0.143281
0.143308
0.143334
0.14336
0.143385
0.14341
0.143433
0.143456
0.143478
0.1435
0.143521
0.143542
0.143562
0.143581
0.1436
0.143618
0.143636
0.143653
0.14367
0.143686
0.143702
0.143717
0.143732
0.143746
0.14376
0.143774
0.143787
0.1438
0.143813
0.143825
0.143837
0.143848
0.14386
0.14387
0.143881
0.143891
0.143901
0.143911
0.14392
0.143929
0.143938
0.143947
0.143955
0.143963
0.143971
0.143979
0.143986
0.143994
0.144001
0.144008
0.144014
0.144021
0.144027
0.144033
0.144039
0.144045
0.14405
0.144056
0.144061
0.144066
0.144071
0.144076
0.144081
0.144085
0.144089
0.144094
0.144098
0.144102
0.144106
0.14411
0.144114
0.144117
0.144121
0.144124
0.144127
0.144131
0.144134
0.144137
0.14414
0.144143
0.144145
0.144148
0.144151
0.144153
0.144156
0.144158
0.14416
0.144163
0.144165
0.144167
0.144169
0.144171
0.144173
0.144175
0.144177
0.144179
0.14418
0.144182
0.144184
0.144185
0.144187
0.144188
0.14419
0.144191
0.144193
0.144194
0.144195
0.144197
0.144198
0.144199
0.1442
0.144201
0.144202
0.144203
0.144204
0.144205
0.144206
0.144207
0.144208
0.144209
0.14421
0.144211
0.144212
0.144213
0.144213
0.144214
0.144215
0.144215
0.144216
0.144217
0.144217
0.144218
0.144219
0.144219
0.14422
0.14422
0.144221
0.144221
0.144222
0.144223
0.144223
0.144223
0.144224
0.144224
0.144225
0.144225
0.144226
0.144226
0.144226
0.144227
0.144227
0.144227
0.144228
0.144228
0.144228
0.144229
0.144229
0.144229
0.14423
0.14423
0.14423
0.14423
0.144231
0.144231
0.144231
0.144231
0.144232
0.144232
0.144232
0.144232
0.144232
0.144233
0.144233
0.144233
0.144233
0.144233
0.144233
0.144234
0.144234
0.144234
0.144234
0.144234
0.144234
0.144235
0.144235
0.144235
0.144235
0.144235
0.144235
0.144235
0.144235
0.144235
0.144236
0.144236
0.144236
0.144236
0.144236
0.144236
0.144236
0.144236
0.144236
0.144236
0.144236
0.144237
0.144237
0.144237
0.144237
0.144237
0.144237
0.144237
0.144237
0.144237
0.144237
0.144237
0.144237
0.144237
0.144237
0.144237
0.144237
0.144237
0.144237
0.144238
0.144238
0.144238
0.144238
0.144238
0.144238
0.144238
0.144238
0.144238
0.144238
0.144238
0.144238
0.144238
0.144238
0.144238
0.144238
0.144238
0.144238
0.144238
0.144238
0.144238
0.144238
0.144238
0.144238
0.144238
0.144238
0.144238
0.144238
0.144238
0.144238
0.144238
0.144238
0.144238
0.144238
0.144238
0.144238
0.144238
0.144238
0.144238
0.144239
0.144239
0.144239
0.144239
0.144239
0.144239
0.144239
0.144239
0.144239
0.144239
0.144239
0.144239
0.144239
0.144239
0.144239
0.144239
0.144239
0.144239
0.144239
0.144239
0.144239
0.144239
0.144239
0.144239
0.144239
0.144239
0.144239
0.144239
0.144239
0.144239
0.144239
0.144239
0.144239
0.144239
0.144239
0.144239
0.144239
0.144239
0.144239
0.144239
0.144239
0.144239
0.144239
0.144239
0.144239
0.144239
0.144239
0.144239
0.144239
0.144239
0.144239
0.144239
0.144239
0.144239
0.144239
0.144239
0.144239
0.144239
0.144239
0.144239
0.144239
0.144239
0.144239
0.144239
0.144239
0.144239
0.144239
0.144239
0.144239
0.144239
0.144239
0.144239
0.144239
0.144239
0.144239
0.144239
0.144239
0.144239
0.144239
0.144239
0.144239
0.144239
0.144239
0.144239
0.144239
0.144239
0.144239
0.144239
0.144239
0.144239
0.144239
0.144239
0.144239
0.144239
0.144239
0.144239
0.144239
0.144239
0.144239
0.144239
0.144239
0.144239
0.144239
0.144239
0.144239
0.144239
0.144239
0.144239
0.144239
0.144239
0.144239
0.144239
0.144239
0.144239
0.144239
0.144239
0.144239
0.144239
0.144239
0.144239
0.144239
0.144239
0.144239
0.144239
0.144239
0.144239
0.144239
0.144239
0.144239
0.144239
0.144239
0.144239
0.144239
0.144239
0.144239
0.144239
0.144239
0.144239
0.144239
0.144239
0.144239
0.144239
0.144239
0.144239
0.144239
0.144239
0.144239
0.144239
0.144239
0.144239
0.144239
0.144239
0.144239
0.144239
0.144239
0.144239
0.144239
0.144239
0.144239
0.144239
0.144239
0.144239
0.144239
0.144239
0.144239
0.144239
0.144239
0.144239
0.144239
0.144239
0.144239
0.144239
0.144239
0.144239
0.144239
0.144239
0.144239
0.144239
0.144239
0.144239
0.144239
0.144239
0.144239
0.144239
0.144239
0.144239
0.144239
0.144239
0.144239
0.144239
0.144239
0.144239
0.144239
0.144239
0.144239
0.144239
0.144239
0.144239
0.144239
0.144239
0.144239
0.144239
0.144239
0.144239
0.144239
0.144239
0.144239
0.144239
0.144239
0.144239
0.144239
0.144239
0.144239
0.144239
0.144239
0.144239
0.144239
0.144239
0.144239
0.144239
0.144239
0.144239
0.144239
0.144239
0.144239
0.144239
0.144239
0.144239
0.144239
0.144239
0.144239
0.144239
0.144239
0.144239
0.144239
0.144239
0.144239
0.144239
0.144239
0.144239
0.144239
0.144239
0.144239
0.144239
0.144239
0.144239
0.144239
0.144239
0.144239
0.144239
0.144239
0.144239
0.144239
0.144239
0.144239
0.144239
0.144239
0.144239
0.144239
0.144239
0.144239
0.144239
0.144239
0.144239
0.144239
0.144239
0.144239
0.144239
0.144239
0.144239
0.144239
0.144239
0.144239
0.144239
0.144239
0.144239
0.144239
0.144239
0.144239
0.144239
0.144239
0.144239
0.144239
0.144239
0.144239
0.144239
0.144239
0.144239
0.144239
0.144239
0.144239
0.144239
0.144239
0.144239
0.144239
0.144239
0.144239
0.144239
0.144239
0.144239
0.144239
0.144239
0.144239
0.144239
0.144239
0.144239
0.144239
0.144239
0.144239
0.144239
0.144239
0.144239
0.144239
0.144239
0.144239
0.144239
0.144239
0.144239
0.144239
0.144239
0.144239
0.144239
0.144239
0.144239
0.144239
0.144239
0.144239
0.144239
0.144239
0.144239
0.144239
0.144239
0.144239
0.144239
0.144239
0.144239
0.144239
0.144239
0.144239
0.144239
0.144239
0.144239
0.144239
0.144239
0.144239
0.144239
0.144239
0.144239
0.144239
0.144239
0.144239
0.144239
0.144239
0.144239
0.144239
0.144239
0.144239
0.144239
0.144239
0.144239
0.144239
0.144239
0.144239
0.144239
0.144239
0.144239
0.144239
0.144239
0.144239
0.144239
0.144239
0.144239
0.144239
0.144239
0.144239
0.144239
0.144239
0.144239
0.144239
0.144239
0.144239
0.144239
0.144239
0.144239
0.144239
0.144239
0.144239
0.144239
0.144239
0.144239
0.144239
0.144239
0.144239
0.144239
0.144239
0.144239
0.144239
0.144239
0.144239
0.144239
0.144239
0.144239
0.144239
0.144239
0.144239
0.144239
0.144239
0.144239
0.144239
0.144239
0.144239
0.144239
0.144239
0.144239
0.144239
0.144239
0.144239
0.144239
0.144239
0.144239
0.144239
0.144239
0.144239
0.144239
0.144239
0.144239
0.144239
0.144239
0.144239
0.144239
0.144239
0.144239
0.144239
0.144239
0.144239
0.144239
0.144239
0.144239
0.144239
0.144239
0.144239
0.144239
0.144239
0.144239
0.144239
0.144239
0.144239
0.144239
0.144239
0.144239
0.144239
0.144239
0.144239
0.144239
0.144239
0.144239
0.144239
0.144239
0.144239
0.144239
0.144239
0.144239
0.144239
0.144239
0.144239
0.144239
0.144239
0.144239
0.144239
0.144239
0.144239
0.144239
0.144239
0.144239
0.144239
0.144239
0.144239
0.144239
0.144239
0.144239
0.144239
0.144239
0.144239
0.144239
0.144239
0.144239
0.144239
0.144239
0.144239
0.144239
0.144239
0.144239
0.144239
0.144239
0.144239
0.144239
0.144239
0.144239
0.144239
0.144239
0.144239
0.144239
0.144239
0.144239
0.144239
0.144239
0.144239
0.144239
0.144239
0.144239
0.144239
0.144239
0.144239
0.144239
0.144239
0.144239
0.144239
0.144239
0.144239
0.144239
0.144239
0.144239
0.144239
0.144239
0.144239
0.144239
0.144239
0.144239
0.144239
0.144239
0.144239
0.144239
0.144239
0.144239
0.144239
0.144239
0.144239
0.144239
0.144239
0.144239
0.144239
0.144239
0.144239
0.144239
0.144239
0.144239
0.144239
0.144239
0.144239
0.144239
0.144239
0.144239
0.144239
0.144239
0.144239
0.144239
0.144239
0.144239
0.144239
0.144239
0.144239
0.144239
0.144239
0.144239
0.144239
0.144239
0.144239
0.144239
0.144239
0.144239
0.144239
0.144239
0.144239
0.144239
0.144239
0.144239
0.144239
0.144239
0.144239
0.144239
0.144239
0.144239
0.144239
0.144239
0.144239
0.144239
0.144239
0.144239
0.144239
0.144239
0.144239
0.144239
0.144239
0.144239
0.144239
0.144239
0.144239
0.144239
0.144239
0.144239
0.144239
0.144239
0.144239
0.144239
0.144239
0.144239
0.144239
0.144239
0.144239
0.144239
0.144239
0.144239
0.144239
0.144239
0.144239
0.144239
0.144239
0.144239
0.144239
0.144239
0.144239
0.144239
0.144239
0.144239
0.144239
0.144239
0.144239
0.144239
0.144239
0.144239
0.144239
0.144239
0.144239
0.144239
0.144239
0.144239
0.144239
0.144239
0.144239
0.144239
0.144239
0.144239
0.144239
0.144239
0.144239
0.144239
0.144239
0.144239
0.144239
0.144239
0.144239
0.144239
0.144239
0.144239
0.144239
0.144239
0.144239
0.144239
0.144239
0.144239
0.144239
0.144239
0.144239
0.144239
0.144239
0.144239
0.144239
0.144239
0.144239
0.144239
0.144239
0.144239
0.144239
0.144239
0.144239
0.144239
0.144239
0.144239
0.144239
0.144239
0.144239
0.144239
0.144239
0.144239
0.144239
0.144239
0.144239
0.144239
0.144239
0.144239
0.144239
0.144239
0.144239
0.144239
0.144239
0.144239
0.144239
0.144239
0.144239
0.144239
0.144239
0.144239
0.144239
0.144239
0.144239
0.144239
0.144239
0.144239
0.144239
0.144239
0.144239
0.144239
0.144239
0.144239
0.144239
0.144239
0.144239
0.144239
0.144239
0.144239
0.144239
0.144239
0.144239
0.144239
0.144239
0.144239
0.144239
0.144239
0.144239
0.144239
0.144239
0.144239
0.144239
0.144239
0.144239
0.144239
0.144239
0.144239
0.144239
0.144239
0.144239
0.144239
0.144239
0.144239
0.144239
0.144239
0.144239
0.144239
0.144239
0.144239
0.144239
0.144239
0.144239
0.144239
0.144239
0.144239
0.144239
0.144239
0.144239
0.144239
0.144239
0.144239
0.144239
0.144239
0.144239
0.144239
0.144239
0.144239
0.144239
0.144239
0.144239
0.144239
0.144239
0.144239
0.144239
0.144239
0.144239
0.144239
0.144239
0.144239
0.144239
0.144239
0.144239
0.144239
0.144239
0.144239
0.144239
0.144239
0.144239
0.144239
0.144239
0.144239
0.144239
0.144239
0.144239
0.144239
0.144239
0.144239
0.144239
0.144239
0.144239
0.144239
0.144239
0.144239
0.144239
0.144239
0.144239
0.144239
0.144239
0.144239
0.144239
0.144239
0.144239
0.144239
0.144239
0.144239
0.144239
0.144239
0.144239
0.144239
0.144239
0.144239
0.144239
0.144239
0.144239
0.144239
0.144239
0.144239
0.144239
0.144239
0.144239
0.144239
0.144239
0.144239
0.144239
0.144239
0.144239
0.144239
0.144239
0.144239
0.144239
0.144239
0.144239
0.144239
0.144239
0.144239
0.144239
0.144239
0.144239
0.144239
0.144239
0.144239
0.144239
0.144239
0.144239
0.144239
0.144239
0.144239
0.144239
0.144239
0.144239
0.144239
0.144239
0.144239
0.144239
0.144239
0.144239
0.144239
0.144239
0.144239
0.144239
0.144239
0.144239
0.144239
0.144239
0.144239
0.144239
0.144239
0.144239
0.144239
0.144239
0.144239
0.144239
0.144239
0.144239
0.144239
0.144239
0.144239
0.144239
0.144239
0.144239
0.144239
0.144239
0.144239
0.144239
0.144239
0.144239
0.144239
0.144239
0.144239
0.144239
0.144239
0.144239
0.144239
0.144239
0.144239
0.144239
0.144239
0.144239
0.144239
0.144239
0.144239
0.144239
0.144239
0.144239
0.144239
0.144239
0.144239
0.144239
0.144239
0.144239
0.144239
0.144239
0.144239
0.144239
0.144239
0.144239
0.144239
0.144239
0.144239
0.144239
0.144239
0.144239
0.144239
0.144239
0.144239
0.144239
0.144239
0.144239
0.144239
0.144239
0.144239
0.144239
0.144239
0.144239
0.144239
0.144239
0.144239
0.144239
0.144239
0.144239
0.144239
0.144239
0.144239
0.144239
0.144239
0.144239
0.144239
0.144239
0.144239
0.144239
0.144239
0.144239
0.144239
0.144239
0.144239
0.144239
0.144239
0.144239
0.144239
0.144239
0.144239
0.144239
0.144239
0.144239
0.144239
0.144239
0.144239
0.144239
0.144239
0.144239
0.144239
0.144239
0.144239
0.144239
0.144239
0.144239
0.144239
0.144239
0.144239
0.144239
0.144239
0.144239
0.144239
0.144239
0.144239
0.144239
0.144239
0.144239
0.144239
0.144239
0.144239
0.144239
0.144239
0.144239
0.144239
0.144239
0.144239
0.144239
0.144239
0.144239
0.144239
0.144239
0.144239
0.144239
0.144239
0.144239
0.144239
0.144239
0.144239
0.144239
0.144239
0.144239
0.144239
0.144239
0.144239
0.144239
0.144239
0.144239
0.144239
0.144239
0.144239
0.144239
0.144239
0.144239
0.144239
0.144239
0.144239
0.144239
0.144239
0.144239
0.144239
0.144239
0.144239
0.144239
0.144239
0.144239
0.144239
0.144239
0.144239
0.144239
0.144239
0.144239
0.144239
0.144239
0.144239
0.144239
0.144239
0.144239
0.144239
0.144239
0.144239
0.144239
0.144239
0.144239
0.144239
0.144239
0.144239
0.144239
0.144239
0.144239
0.144239
0.144239
0.144239
0.144239
0.144239
0.144239
0.144239
0.144239
0.144239
0.144239
0.144239
0.144239
0.144239
0.144239
0.144239
0.144239
0.144239
0.144239
0.144239
0.144239
0.144239
0.144239
0.144239
0.144239
0.144239
0.144239
0.144239
0.144239
0.144239
0.144239
0.144239
0.144239
0.144239
0.144239
0.144239
0.144239
0.144239
0.144239
0.144239
0.144239
0.144239
0.144239
0.144239
0.144239
0.144239
0.144239
0.144239
0.144239
0.144239
0.144239
0.144239
0.144239
0.144239
0.144239
0.144239
0.144239
0.144239
0.144239
0.144239
0.144239
0.144239
0.144239
0.144239
0.144239
0.144239
0.144239
0.144239
0.144239
0.144239
0.144239
0.144239
0.144239
0.144239
0.144239
0.144239
0.144239
0.144239
0.144239
0.144239
0.144239
0.144239
0.144239
0.144239
0.144239
0.144239
0.144239
0.144239
0.144239
0.144239
0.144239
0.144239
0.144239
0.144239
0.144239
0.144239
0.144239
0.144239
0.144239
0.144239
0.144239
0.144239
0.144239
0.144239
0.144239
0.144239
0.144239
0.144239
0.144239
0.144239
0.144239
0.144239
0.144239
0.144239
0.144239
0.144239
0.144239
0.144239
0.144239
0.144239
0.144239
0.144239
0.144239
0.144239
0.144239
0.144239
0.144239
0.144239
0.144239
0.144239
0.144239
0.144239
0.144239
0.144239
0.144239
0.144239
0.144239
0.144239
0.144239
0.144239
0.144239
0.144239
0.144239
0.144239
0.144239
0.144239
0.144239
0.144239
0.144239
0.144239
0.144239
0.144239
0.144239
0.144239
0.144239
0.144239
0.144239
0.144239
0.144239
0.144239
0.144239
0.144239
0.144239
0.144239
0.144239
0.144239
0.144239
0.144239
0.144239
0.144239
0.144239
0.144239
0.144239
0.144239
0.144239
0.144239
0.144239
0.144239
0.144239
0.144239
0.144239
0.144239
0.144239
0.144239
0.144239
0.144239
0.144239
0.144239
0.144239
0.144239
0.144239
0.144239
0.144239
0.144239
0.144239
0.144239
0.144239
0.144239
0.144239
0.144239
0.144239
0.144239
0.144239
0.144239
0.144239
0.144239
0.144239
0.144239
0.144239
0.144239
0.144239
0.144239
0.144239
0.144239
0.144239
0.144239
0.144239
0.144239
0.144239
0.144239
0.144239
0.144239
0.144239
0.144239
0.144239
0.144239
0.144239
0.144239
0.144239
0.144239
0.144239
0.144239
0.144239
0.144239
0.144239
0.144239
0.144239
0.144239
0.144239
0.144239
0.144239
0.144239
0.144239
0.144239
0.144239
0.144239
0.144239
0.144239
0.144239
0.144239
0.144239
0.144239
0.144239
0.144239
0.144239
0.144239
0.144239
0.144239
0.144239
0.144239
0.144239
0.144239
0.144239
0.144239
0.144239
0.144239
0.144239
0.144239
0.144239
0.144239
0.144239
0.144239
0.144239
0.144239
0.144239
0.144239
0.144239
0.144239
0.144239
0.144239
0.144239
0.144239
0.144239
0.144239
0.144239
0.144239
0.144239
0.144239
0.144239
0.144239
0.144239
0.144239
0.144239
0.144239
0.144239
0.144239
0.144239
0.144239
0.144239
0.144239
0.144239
0.144239
0.144239
0.144239
0.144239
0.144239
0.144239
0.144239
0.144239
0.144239
0.144239
0.144239
0.144239
0.144239
0.144239
0.144239
0.144239
0.144239
0.144239
0.144239
0.144239
0.144239
0.144239
0.144239
0.144239
0.144239
0.144239
0.144239
0.144239
0.144239
0.144239
0.144239
0.144239
0.144239
0.144239
0.144239
0.144239
0.144239
0.144239
0.144239
0.144239
0.144239
0.144239
0.144239
0.144239
0.144239
0.144239
0.144239
0.144239
0.144239
0.144239
0.144239
0.144239
0.144239
0.144239
0.144239
0.144239
0.144239
0.144239
0.144239
0.144239
0.144239
0.144239
0.144239
0.144239
0.144239
0.144239
0.144239
0.144239
0.144239
0.144239
0.144239
0.144239
0.144239
0.144239
0.144239
0.144239
0.144239
0.144239
0.144239
0.144239
0.144239
0.144239
0.144239
0.144239
0.144239
0.144239
0.144239
0.144239
0.144239
0.144239
0.144239
0.144239
0.144239
0.144239
0.144239
0.144239
0.144239
0.144239
0.144239
0.144239
0.144239
0.144239
0.144239
0.144239
0.144239
0.144239
0.144239
0.144239
0.144239
0.144239
0.144239
0.144239
0.144239
0.144239
0.144239
0.144239
0.144239
0.144239
0.144239
0.144239
0.144239
0.144239
0.144239
0.144239
0.144239
0.144239
0.144239
0.144239
0.144239
0.144239
0.144239
0.144239
0.144239
0.144239
0.144239
0.144239
0.144239
0.144239
0.144239
0.144239
0.144239
0.144239
0.144239
0.144239
0.144239
0.144239
0.144239
0.144239
0.144239
0.144239
0.144239
0.144239
0.144239
0.144239
0.144239
0.144239
0.144239
0.144239
0.144239
0.144239
0.144239
0.144239
0.144239
0.144239
0.144239
0.144239
0.144239
0.144239
0.144239
0.144239
0.144239
0.144239
0.144239
0.144239
0.144239
0.144239
0.144239
0.144239
0.144239
0.144239
0.144239
0.144239
0.144239
0.144239
0.144239
0.144239
0.144239
0.144239
0.144239
0.144239
0.144239
0.144239
0.144239
0.144239
0.144239
0.144239
0.144239
0.144239
0.144239
0.144239
0.144239
0.144239
0.144239
0.144239
0.144239
0.144239
0.144239
0.144239
0.144239
0.144239
0.144239
0.144239
0.144239
0.144239
0.144239
0.144239
0.144239
0.144239
0.144239
0.144239
0.144239
0.144239
0.144239
0.144239
0.144239
0.144239
0.144239
0.144239
0.144239
0.144239
0.144239
0.144239
0.144239
0.144239
0.144239
0.144239
0.144239
0.144239
0.144239
0.144239
0.144239
0.144239
0.144239
0.144239
0.144239
0.144239
0.144239
0.144239
0.144239
0.144239
0.144239
0.144239
0.144239
0.144239
0.144239
0.144239
0.144239
0.144239
0.144239
0.144239
0.144239
0.144239
0.144239
0.144239
0.144239
0.144239
0.144239
0.144239
0.144239
0.144239
0.144239
0.144239
0.144239
0.144239
0.144239
0.144239
0.144239
0.144239
0.144239
0.144239
0.144239
0.144239
0.144239
0.144239
0.144239
0.144239
0.144239
0.144239
0.144239
0.144239
0.144239
0.144239
0.144239
0.144239
0.144239
0.144239
0.144239
0.144239
0.144239
0.144239
0.144239
0.144239
0.144239
0.144239
0.144239
0.144239
0.144239
0.144239
0.144239
0.144239
0.144239
0.144239
0.144239
0.144239
0.144239
0.144239
0.144239
0.144239
0.144239
0.144239
0.144239
0.144239
0.144239
0.144239
0.144239
0.144239
0.144239
0.144239
0.144239
0.144239
0.144239
0.144239
0.144239
0.144239
0.144239
0.144239
0.144239
0.144239
0.144239
0.144239
0.144239
0.144239
0.144239
0.144239
0.144239
0.144239
0.144239
0.144239
0.144239
0.144239
0.144239
0.144239
0.144239
0.144239
0.144239
0.144239
0.144239
0.144239
0.144239
0.144239
0.144239
0.144239
0.144239
0.144239
0.144239
0.144239
0.144239
0.144239
0.144239
0.144239
0.144239
0.144239
0.144239
0.144239
0.144239
0.144239
0.144239
0.144239
0.144239
0.144239
0.144239
0.144239
0.144239
0.144239
0.144239
0.144239
0.144239
0.144239
0.144239
0.144239
0.144239
0.144239
0.144239
0.144239
0.144239
0.144239
0.144239
0.144239
0.144239
0.144239
0.144239
0.144239
0.144239
0.144239
0.144239
0.144239
0.144239
0.144239
0.144239
0.144239
0.144239
0.144239
0.144239
0.144239
0.144239
0.144239
0.144239
0.144239
0.144239
0.144239
0.144239
0.144239
0.144239
0.144239
0.144239
0.144239
0.144239
0.144239
0.144239
0.144239
0.144239
0.144239
0.144239
0.144239
0.144239
0.144239
0.144239
0.144239
0.144239
0.144239
0.144239
0.144239
0.144239
0.144239
0.144239
0.144239
0.144239
0.144239
0.144239
0.144239
0.144239
0.144239
0.144239
0.144239
0.144239
0.144239
0.144239
0.144239
0.144239
0.144239
0.144239
0.144239
0.144239
0.144239
0.144239
0.144239
0.144239
0.144239
0.144239
0.144239
0.144239
0.144239
0.144239
0.144239
0.144239
0.144239
0.144239
0.144239
0.144239
0.144239
0.144239
0.144239
0.144239
0.144239
0.144239
0.144239
0.144239
0.144239
0.144239
0.144239
0.144239
0.144239
0.144239
0.144239
0.144239
0.144239
0.144239
0.144239
0.144239
0.144239
0.144239
0.144239
0.144239
0.144239
0.144239
0.144239
0.144239
0.144239
0.144239
0.144239
0.144239
0.144239
0.144239
0.144239
0.144239
0.144239
0.144239
0.144239
0.144239
0.144239
0.144239
0.144239
0.144239
0.144239
0.144239
0.144239
0.144239
0.144239
0.144239
0.144239
0.144239
0.144239
0.144239
0.144239
0.144239
0.144239
0.144239
0.144239
0.144239
0.144239
0.144239
0.144239
0.144239
0.144239
0.144239
0.144239
0.144239
0.144239
0.144239
0.144239
0.144239
0.144239
0.144239
0.144239
0.144239
0.144239
0.144239
0.144239
0.144239
0.144239
0.144239
0.144239
0.144239
0.144239
0.144239
0.144239
0.144239
0.144239
0.144239
0.144239
0.144239
0.144239
0.144239
0.144239
0.144239
0.144239
0.144239
0.144239
0.144239
0.144239
0.144239
0.144239
0.144239
0.144239
0.144239
0.144239
0.144239
0.144239
0.144239
0.144239
0.144239
0.144239
0.144239
0.144239
0.144239
0.144239
0.144239
0.144239
0.144239
0.144239
0.144239
0.144239
0.144239
0.144239
0.144239
0.144239
0.144239
0.144239
0.144239
0.144239
0.144239
0.144239
0.144239
0.144239
0.144239
0.144239
0.144239
0.144239
0.144239
0.144239
0.144239
0.144239
0.144239
0.144239
0.144239
0.144239
0.144239
0.144239
0.144239
0.144239
0.144239
0.144239
0.144239
0.144239
0.144239
0.144239
0.144239
0.144239
0.144239
0.144239
0.144239
0.144239
0.144239
0.144239
0.144239
0.144239
0.144239
0.144239
0.144239
0.144239
0.144239
0.144239
0.144239
0.144239
0.144239
0.144239
0.144239
0.144239
0.144239
0.144239
0.144239
0.144239
0.144239
0.144239
0.144239
0.144239
0.144239
0.144239
0.144239
0.144239
0.144239
0.144239
0.144239
0.144239
0.144239
0.144239
0.144239
0.144239
0.144239
0.144239
0.144239
0.144239
0.144239
0.144239
0.144239
0.144239
0.144239
0.144239
0.144239
0.144239
0.144239
0.144239
0.144239
0.144239
0.144239
0.144239
0.144239
0.144239
0.144239
0.144239
0.144239
0.144239
0.144239
0.144239
0.144239
0.144239
0.144239
0.144239
0.144239
0.144239
0.144239
0.144239
0.144239
0.144239
0.144239
0.144239
0.144239
0.144239
0.144239
0.144239
0.144239
0.144239
0.144239
0.144239
0.144239
0.144239
0.144239
0.144239
0.144239
0.144239
0.144239
0.144239
0.144239
0.144239
0.144239
0.144239
0.144239
0.144239
0.144239
0.144239
0.144239
0.144239
0.144239
0.144239
0.144239
0.144239
0.144239
0.144239
0.144239
0.144239
0.144239
0.144239
0.144239
0.144239
0.144239
0.144239
0.144239
0.144239
0.144239
0.144239
0.144239
0.144239
0.144239
0.144239
0.144239
0.144239
0.144239
0.144239
0.144239
0.144239
0.144239
0.144239
0.144239
0.144239
0.144239
0.144239
0.144239
0.144239
0.144239
0.144239
0.144239
0.144239
0.144239
0.144239
0.144239
0.144239
0.144239
0.144239
0.144239
0.144239
0.144239
0.144239
0.144239
0.144239
0.144239
0.144239
0.144239
0.144239
0.144239
0.144239
0.144239
0.144239
0.144239
0.144239
0.144239
0.144239
0.144239
0.144239
0.144239
0.144239
0.144239
0.144239
0.144239
0.144239
0.144239
0.144239
0.144239
0.144239
0.144239
0.144239
0.144239
0.144239
0.144239
0.144239
0.144239
0.144239
0.144239
0.144239
0.144239
0.144239
0.144239
0.144239
0.144239
0.144239
0.144239
0.144239
0.144239
0.144239
0.144239
0.144239
0.144239
0.144239
0.144239
0.144239
0.144239
0.144239
0.144239
0.144239
0.144239
0.144239
0.144239
0.144239
0.144239
0.144239
0.144239
0.144239
0.144239
0.144239
0.144239
0.144239
0.144239
0.144239
0.144239
0.144239
0.144239
0.144239
0.144239
0.144239
0.144239
0.144239
0.144239
0.144239
0.144239
0.144239
0.144239
0.144239
0.144239
0.144239
0.144239
0.144239
0.144239
0.144239
0.144239
0.144239
0.144239
0.144239
0.144239
0.144239
0.144239
0.144239
0.144239
0.144239
0.144239
0.144239
0.144239
0.144239
0.144239
0.144239
0.144239
0.144239
0.144239
0.144239
0.144239
0.144239
0.144239
0.144239
0.144239
0.144239
0.144239
0.144239
0.144239
0.144239
0.144239
0.144239
0.144239
0.144239
0.144239
0.144239
0.144239
0.144239
0.144239
0.144239
0.144239
0.144239
0.144239
0.144239
0.144239
0.144239
0.144239
0.144239
0.144239
0.144239
0.144239
0.144239
0.144239
0.144239
0.144239
0.144239
0.144239
0.144239
0.144239
0.144239
0.144239
0.144239
0.144239
0.144239
0.144239
0.144239
0.144239
0.144239
0.144239
0.144239
0.144239
0.144239
0.144239
0.144239
0.144239
0.144239
0.144239
0.144239
0.144239
0.144239
0.144239
0.144239
0.144239
0.144239
0.144239
0.144239
0.144239
0.144239
0.144239
0.144239
0.144239
0.144239
0.144239
0.144239
0.144239
0.144239
0.144239
0.144239
0.144239
0.144239
0.144239
0.144239
0.144239
0.144239
0.144239
0.144239
0.144239
0.144239
0.144239
0.144239
0.144239
0.144239
0.144239
0.144239
0.144239
0.144239
0.144239
0.144239
0.144239
0.144239
0.144239
0.144239
0.144239
0.144239
0.144239
0.144239
0.144239
0.144239
0.144239
0.144239
0.144239
0.144239
0.144239
0.144239
0.144239
0.144239
0.144239
0.144239
0.144239
0.144239
0.144239
0.144239
0.144239
0.144239
0.144239
0.144239
0.144239
0.144239
0.144239
0.144239
0.144239
0.144239
0.144239
0.144239
0.144239
0.144239
0.144239
0.144239
0.144239
0.144239
0.144239
0.144239
0.144239
0.144239
0.144239
0.144239
0.144239
0.144239
0.144239
0.144239
0.144239
0.144239
0.144239
0.144239
0.144239
0.144239
0.144239
0.144239
0.144239
0.144239
0.144239
0.144239
0.144239
0.144239
0.144239
0.144239
0.144239
0.144239
0.144239
0.144239
0.144239
0.144239
0.144239
0.144239
0.144239
0.144239
0.144239
0.144239
0.144239
0.144239
0.144239
0.144239
0.144239
0.144239
0.144239
0.144239
0.144239
0.144239
0.144239
0.144239
0.144239
0.144239
0.144239
0.144239
0.144239
0.144239
0.144239
0.144239
0.144239
0.144239
0.144239
0.144239
0.144239
0.144239
0.144239
0.144239
0.144239
0.144239
0.144239
0.144239
0.144239
0.144239
0.144239
0.144239
0.144239
0.144239
0.144239
0.144239
0.144239
0.144239
0.144239
0.144239
0.144239
0.144239
0.144239
0.144239
0.144239
0.144239
0.144239
0.144239
0.144239
0.144239
0.144239
0.144239
0.144239
0.144239
0.144239
0.144239
0.144239
0.144239
0.144239
0.144239
0.144239
0.144239
0.144239
0.144239
0.144239
0.144239
0.144239
0.144239
0.144239
0.144239
0.144239
0.144239
0.144239
0.144239
0.144239
0.144239
0.144239
0.144239
0.144239
0.144239
0.144239
0.144239
0.144239
0.144239
0.144239
0.144239
0.144239
0.144239
0.144239
0.144239
0.144239
0.144239
0.144239
0.144239
0.144239
0.144239
0.144239
0.144239
0.144239
0.144239
0.144239
0.144239
0.144239
0.144239
0.144239
0.144239
0.144239
0.144239
0.144239
0.144239
0.144239
0.144239
0.144239
0.144239
0.144239
0.144239
0.144239
0.144239
0.144239
0.144239
0.144239
0.144239
0.144239
0.144239
0.144239
0.144239
0.144239
0.144239
0.144239
0.144239
0.144239
0.144239
0.144239
0.144239
0.144239
0.144239
0.144239
0.144239
0.144239
0.144239
0.144239
0.144239
0.144239
0.144239
0.144239
0.144239
0.144239
0.144239
0.144239
0.144239
0.144239
0.144239
0.144239
0.144239
0.144239
0.144239
0.144239
0.144239
0.144239
0.144239
0.144239
0.144239
0.144239
0.144239
0.144239
0.144239
0.144239
0.144239
0.144239
0.144239
0.144239
0.144239
0.144239
0.144239
0.144239
0.144239
0.144239
0.144239
0.144239
0.144239
0.144239
0.144239
0.144239
0.144239
0.144239
0.144239
0.144239
0.144239
0.144239
0.144239
0.144239
0.144239
0.144239
0.144239
0.144239
0.144239
0.144239
0.144239
0.144239
0.144239
0.144239
0.144239
0.144239
0.144239
0.144239
0.144239
0.144239
0.144239
0.144239
0.144239
0.144239
0.144239
0.144239
0.144239
0.144239
0.144239
0.144239
0.144239
0.144239
0.144239
0.144239
0.144239
0.144239
0.144239
0.144239
0.144239
0.144239
0.144239
0.144239
0.144239
0.144239
0.144239
0.144239
0.144239
0.144239
0.144239
0.144239
0.144239
0.144239
0.144239
0.144239
0.144239
0.144239
0.144239
0.144239
0.144239
0.144239
0.144239
0.144239
0.144239
0.144239
0.144239
0.144239
0.144239
0.144239
0.144239
0.144239
0.144239
0.144239
0.144239
0.144239
0.144239
0.144239
0.144239
0.144239
0.144239
0.144239
0.144239
0.144239
0.144239
0.144239
0.144239
0.144239
0.144239
0.144239
0.144239
0.144239
0.144239
0.144239
0.144239
0.144239
0.144239
0.144239
0.144239
0.144239
0.144239
0.144239
0.144239
0.144239
0.144239
0.144239
0.144239
0.144239
0.144239
0.144239
0.144239
0.144239
0.144239
0.144239
0.144239
0.144239
0.144239
0.144239
0.144239
0.144239
0.144239
0.144239
0.144239
0.144239
0.144239
0.144239
0.144239
0.144239
0.144239
0.144239
0.144239
0.144239
0.144239
0.144239
0.144239
0.144239
0.144239
0.144239
0.144239
0.144239
0.144239
0.144239
0.144239
0.144239
0.144239
0.144239
0.144239
0.144239
0.144239
0.144239
0.144239
0.144239
0.144239
0.144239
0.144239
0.144239
0.144239
0.144239
0.144239
0.144239
0.144239
0.144239
0.144239
0.144239
0.144239
0.144239
0.144239
0.144239
0.144239
0.144239
0.144239
0.144239
0.144239
0.144239
0.144239
0.144239
0.144239
0.144239
0.144239
0.144239
0.144239
0.144239
0.144239
0.144239
0.144239
0.144239
0.144239
0.144239
0.144239
0.144239
0.144239
0.144239
0.144239
0.144239
0.144239
0.144239
0.144239
0.144239
0.144239
0.144239
0.144239
0.144239
0.144239
0.144239
0.144239
0.144239
0.144239
0.144239
0.144239
0.144239
0.144239
0.144239
0.144239
0.144239
0.144239
0.144239
0.144239
0.144239
0.144239
0.144239
0.144239
0.144239
0.144239
0.144239
0.144239
0.144239
0.144239
0.144239
0.144239
0.144239
0.144239
0.144239
0.144239
0.144239
0.144239
0.144239
0.144239
0.144239
0.144239
0.144239
0.144239
0.144239
0.144239
0.144239
0.144239
0.144239
0.144239
0.144239
0.144239
0.144239
0.144239
0.144239
0.144239
0.144239
0.144239
0.144239
0.144239
0.144239
0.144239
0.144239
0.144239
0.144239
0.144239
0.144239
0.144239
0.144239
0.144239
0.144239
0.144239
0.144239
0.144239
0.144239
0.144239
0.144239
0.144239
0.144239
0.144239
0.144239
0.144239
0.144239
0.144239
0.144239
0.144239
0.144239
0.144239
0.144239
0.144239
0.144239
0.144239
0.144239
0.144239
0.144239
0.144239
0.144239
0.144239
0.144239
0.144239
0.144239
0.144239
0.144239
0.144239
0.144239
0.144239
0.144239
0.144239
0.144239
0.144239
0.144239
0.144239
0.144239
0.144239
0.144239
0.144239
0.144239
0.144239
0.144239
0.144239
0.144239
0.144239
0.144239
0.144239
0.144239
0.144239
0.144239
0.144239
0.144239
0.144239
0.144239
0.144239
0.144239
0.144239
0.144239
0.144239
0.144239
0.144239
0.144239
0.144239
0.144239
0.144239
0.144239
0.144239
0.144239
0.144239
0.144239
0.144239
0.144239
0.144239
0.144239
0.144239
0.144239
0.144239
0.144239
0.144239
0.144239
0.144239
0.144239
0.144239
0.144239
0.144239
0.144239
0.144239
0.144239
0.144239
0.144239
0.144239
0.144239
0.144239
0.144239
0.144239
0.144239
0.144239
0.144239
0.144239
0.144239
0.144239
0.144239
0.144239
0.144239
0.144239
0.144239
0.144239
0.144239
0.144239
0.144239
0.144239
0.144239
0.144239
0.144239
0.144239
0.144239
0.144239
0.144239
0.144239
0.144239
0.144239
0.144239
0.144239
0.144239
0.144239
0.144239
0.144239
0.144239
0.144239
0.144239
0.144239
0.144239
0.144239
0.144239
0.144239
0.144239
0.144239
0.144239
0.144239
0.144239
0.144239
0.144239
0.144239
0.144239
0.144239
0.144239
0.144239
0.144239
0.144239
0.144239
0.144239
0.144239
0.144239
0.144239
0.144239
0.144239
0.144239
0.144239
0.144239
0.144239
0.144239
0.144239
0.144239
0.144239
0.144239
0.144239
0.144239
0.144239
0.144239
0.144239
0.144239
0.144239
0.144239
0.144239
0.144239
0.144239
0.144239
0.144239
0.144239
0.144239
0.144239
0.144239
0.144239
0.144239
0.144239
0.144239
0.144239
0.144239
0.144239
0.144239
0.144239
0.144239
0.144239
0.144239
0.144239
0.144239
0.144239
0.144239
0.144239
0.144239
0.144239
0.144239
0.144239
0.144239
0.144239
0.144239
0.144239
0.144239
0.144239
0.144239
0.144239
0.144239
0.144239
0.144239
0.144239
0.144239
0.144239
0.144239
0.144239
0.144239
0.144239
0.144239
0.144239
0.144239
0.144239
0.144239
0.144239
0.144239
0.144239
0.144239
0.144239
0.144239
0.144239
0.144239
0.144239
0.144239
0.144239
0.144239
0.144239
0.144239
0.144239
0.144239
0.144239
0.144239
0.144239
0.144239
0.144239
0.144239
0.144239
0.144239
0.144239
0.144239
0.144239
0.144239
0.144239
0.144239
0.144239
0.144239
0.144239
0.144239
0.144239
0.144239
0.144239
0.144239
0.144239
0.144239
0.144239
0.144239
0.144239
0.144239
0.144239
0.144239
0.144239
0.144239
0.144239
0.144239
0.144239
0.144239
0.144239
0.144239
0.144239
0.144239
0.144239
0.144239
0.144239
0.144239
0.144239
0.144239
0.144239
0.144239
0.144239
0.144239
0.144239
0.144239
0.144239
0.144239
0.144239
0.144239
0.144239
0.144239
0.144239
0.144239
0.144239
0.144239
0.144239
0.144239
0.144239
0.144239
0.144239
0.144239
0.144239
0.144239
0.144239
0.144239
0.144239
0.144239
0.144239
0.144239
0.144239
0.144239
0.144239
0.144239
0.144239
0.144239
0.144239
0.144239
0.144239
0.144239
0.144239
0.144239
0.144239
0.144239
0.144239
0.144239
0.144239
0.144239
0.144239
0.144239
0.144239
0.144239
0.144239
0.144239
0.144239
0.144239
0.144239
0.144239
0.144239
0.144239
0.144239
0.144239
0.144239
0.144239
0.144239
0.144239
0.144239
0.144239
0.144239
0.144239
0.144239
0.144239
0.144239
0.144239
0.144239
0.144239
0.144239
0.144239
0.144239
0.144239
0.144239
0.144239
0.144239
0.144239
0.144239
0.144239
0.144239
0.144239
0.144239
0.144239
0.144239
0.144239
0.144239
0.144239
0.144239
0.144239
0.144239
0.144239
0.144239
0.144239
0.144239
0.144239
0.144239
0.144239
0.144239
0.144239
0.144239
0.144239
0.144239
0.144239
0.144239
0.144239
0.144239
0.144239
0.144239
0.144239
0.144239
0.144239
0.144239
0.144239
0.144239
0.144239
0.144239
0.144239
0.144239
0.144239
0.144239
0.144239
0.144239
0.144239
0.144239
0.144239
0.144239
0.144239
0.144239
0.144239
0.144239
0.144239
0.144239
0.144239
0.144239
0.144239
0.144239
0.144239
0.144239
0.144239
0.144239
0.144239
0.144239
0.144239
0.144239
0.144239
0.144239
0.144239
0.144239
0.144239
0.144239
0.144239
0.144239
0.144239
0.144239
0.144239
0.144239
0.144239
0.144239
0.144239
0.144239
0.144239
0.144239
0.144239
0.144239
0.144239
0.144239
0.144239
0.144239
0.144239
0.144239
0.144239
0.144239
0.144239
0.144239
0.144239
0.144239
0.144239
0.144239
0.144239
0.144239
0.144239
0.144239
0.144239
0.144239
0.144239
0.144239
0.144239
0.144239
0.144239
0.144239
0.144239
0.144239
0.144239
0.144239
0.144239
0.144239
0.144239
0.144239
0.144239
0.144239
0.144239
0.144239
0.144239
0.144239
0.144239
0.144239
0.144239
0.144239
0.144239
0.144239
0.144239
0.144239
0.144239
0.144239
0.144239
0.144239
0.144239
0.144239
0.144239
0.144239
0.144239
0.144239
0.144239
0.144239
0.144239
0.144239
0.144239
0.144239
0.144239
0.144239
0.144239
0.144239
0.144239
0.144239
0.144239
0.144239
0.144239
0.144239
0.144239
0.144239
0.144239
0.144239
0.144239
0.144239
0.144239
0.144239
0.144239
0.144239
0.144239
0.144239
0.144239
0.144239
0.144239
0.144239
0.144239
0.144239
0.144239
0.144239
0.144239
0.144239
0.144239
0.144239
0.144239
0.144239
0.144239
0.144239
0.144239
0.144239
0.144239
0.144239
0.144239
0.144239
0.144239
0.144239
0.144239
0.144239
0.144239
0.144239
0.144239
0.144239
0.144239
0.144239
0.144239
0.144239
0.144239
0.144239
0.144239
0.144239
0.144239
0.144239
0.144239
0.144239
0.144239
0.144239
0.144239
0.144239
0.144239
0.144239
0.144239
0.144239
0.144239
0.144239
0.144239
0.144239
0.144239
0.144239
0.144239
0.144239
0.144239
0.144239
0.144239
0.144239
0.144239
0.144239
0.144239
0.144239
0.144239
0.144239
0.144239
0.144239
0.144239
0.144239
0.144239
0.144239
0.144239
0.144239
0.144239
0.144239
0.144239
0.144239
0.144239
0.144239
0.144239
0.144239
0.144239
0.144239
0.144239
0.144239
0.144239
0.144239
0.144239
0.144239
0.144239
0.144239
0.144239
0.144239
0.144239
0.144239
0.144239
0.144239
0.144239
0.144239
0.144239
0.144239
0.144239
0.144239
0.144239
0.144239
0.144239
0.144239
0.144239
0.144239
0.144239
0.144239
0.144239
0.144239
0.144239
0.144239
0.144239
0.144239
0.144239
0.144239
0.144239
0.144239
0.144239
0.144239
0.144239
0.144239
0.144239
0.144239
0.144239
0.144239
0.144239
0.144239
0.144239
0.144239
0.144239
0.144239
0.144239
0.144239
0.144239
0.144239
0.144239
0.144239
0.144239
0.144239
0.144239
0.144239
0.144239
0.144239
0.144239
0.144239
0.144239
0.144239
0.144239
0.144239
0.144239
0.144239
0.144239
0.144239
0.144239
0.144239
0.144239
0.144239
0.144239
0.144239
0.144239
0.144239
0.144239
0.144239
0.144239
0.144239
0.144239
0.144239
0.144239
0.144239
0.144239
0.144239
0.144239
0.144239
0.144239
0.144239
0.144239
0.144239
0.144239
0.144239
0.144239
0.144239
0.144239
0.144239
0.144239
0.144239
0.144239
0.144239
0.144239
0.144239
0.144239
0.144239
0.144239
0.144239
0.144239
0.144239
0.144239
0.144239
0.144239
0.144239
0.144239
0.144239
0.144239
0.144239
0.144239
0.144239
0.144239
0.144239
0.144239
0.144239
0.144239
0.144239
0.144239
0.144239
0.144239
0.144239
0.144239
0.144239
0.144239
0.144239
0.144239
0.144239
0.144239
0.144239
0.144239
0.144239
0.144239
0.144239
0.144239
0.144239
0.144239
0.144239
0.144239
0.144239
0.144239
0.144239
0.144239
0.144239
0.144239
0.144239
0.144239
0.144239
0.144239
0.144239
0.144239
0.144239
0.144239
0.144239
0.144239
0.144239
0.144239
0.144239
0.144239
0.144239
0.144239
0.144239
0.144239
0.144239
0.144239
0.144239
0.144239
0.144239
0.144239
0.144239
0.144239
0.144239
0.144239
0.144239
0.144239
0.144239
0.144239
0.144239
0.144239
0.144239
0.144239
0.144239
0.144239
0.144239
0.144239
0.144239
0.144239
0.144239
0.144239
0.144239
0.144239
0.144239
0.144239
0.144239
0.144239
0.144239
0.144239
0.144239
0.144239
0.144239
0.144239
0.144239
0.144239
0.144239
0.144239
0.144239
0.144239
0.144239
0.144239
0.144239
0.144239
0.144239
0.144239
0.144239
0.144239
0.144239
0.144239
0.144239
0.144239
0.144239
0.144239
0.144239
0.144239
0.144239
0.144239
0.144239
0.144239
0.144239
0.144239
0.144239
0.144239
0.144239
0.144239
0.144239
0.144239
0.144239
0.144239
0.144239
0.144239
0.144239
0.144239
0.144239
0.144239
0.144239
0.144239
0.144239
0.144239
0.144239
0.144239
0.144239
0.144239
0.144239
0.144239
0.144239
0.144239
0.144239
0.144239
0.144239
0.144239
0.144239
0.144239
0.144239
0.144239
0.144239
0.144239
0.144239
0.144239
0.144239
0.144239
0.144239
0.144239
0.144239
0.144239
0.144239
0.144239
0.144239
0.144239
0.144239
0.144239
0.144239
0.144239
0.144239
0.144239
0.144239
0.144239
0.144239
0.144239
0.144239
0.144239
0.144239
0.144239
0.144239
0.144239
0.144239
0.144239
0.144239
0.144239
0.144239
0.144239
0.144239
0.144239
0.144239
0.144239
0.144239
0.144239
0.144239
0.144239
0.144239
0.144239
0.144239
0.144239
0.144239
0.144239
0.144239
0.144239
0.144239
0.144239
0.144239
0.144239
0.144239
0.144239
0.144239
0.144239
0.144239
0.144239
0.144239
0.144239
0.144239
0.144239
0.144239
0.144239
0.144239
0.144239
0.144239
0.144239
0.144239
0.144239
0.144239
0.144239
0.144239
0.144239
0.144239
0.144239
0.144239
0.144239
0.144239
0.144239
0.144239
0.144239
0.144239
0.144239
0.144239
0.144239
0.144239
0.144239
0.144239
0.144239
0.144239
0.144239
0.144239
0.144239
0.144239
0.144239
0.144239
0.144239
0.144239
0.144239
0.144239
0.144239
0.144239
0.144239
0.144239
0.144239
0.144239
0.144239
0.144239
0.144239
0.144239
0.144239
0.144239
0.144239
0.144239
0.144239
0.144239
0.144239
0.144239
0.144239
0.144239
0.144239
0.144239
0.144239
0.144239
0.144239
0.144239
0.144239
0.144239
0.144239
0.144239
0.144239
0.144239
0.144239
0.144239
0.144239
0.144239
0.144239
0.144239
0.144239
0.144239
0.144239
0.144239
0.144239
0.144239
0.144239
0.144239
0.144239
0.144239
0.144239
0.144239
0.144239
0.144239
0.144239
0.144239
0.144239
0.144239
0.144239
0.144239
0.144239
0.144239
0.144239
0.144239
0.144239
0.144239
0.144239
0.144239
0.144239
0.144239
0.144239
0.144239
0.144239
0.144239
0.144239
0.144239
0.144239
0.144239
0.144239
0.144239
0.144239
0.144239
0.144239
0.144239
0.144239
0.144239
0.144239
0.144239
0.144239
0.144239
0.144239
0.144239
0.144239
0.144239
0.144239
0.144239
0.144239
0.144239
0.144239
0.144239
0.144239
0.144239
0.144239
0.144239
0.144239
0.144239
0.144239
0.144239
0.144239
0.144239
0.144239
0.144239
0.144239
0.144239
0.144239
0.144239
0.144239
0.144239
0.144239
0.144239
0.144239
0.144239
0.144239
0.144239
0.144239
0.144239
0.144239
0.144239
0.144239
0.144239
0.144239
0.144239
0.144239
0.144239
0.144239
0.144239
0.144239
0.144239
0.144239
0.144239
0.144239
0.144239
0.144239
0.144239
0.144239
0.144239
0.144239
0.144239
0.144239
0.144239
0.144239
0.144239
0.144239
0.144239
0.144239
0.144239
0.144239
0.144239
0.144239
0.144239
0.144239
0.144239
0.144239
0.144239
0.144239
0.144239
0.144239
0.144239
0.144239
0.144239
0.144239
0.144239
0.144239
0.144239
0.144239
0.144239
0.144239
0.144239
0.144239
0.144239
0.144239
0.144239
0.144239
0.144239
0.144239
0.144239
0.144239
0.144239
0.144239
0.144239
0.144239
0.144239
0.144239
0.144239
0.144239
0.144239
0.144239
0.144239
0.144239
0.144239
0.144239
0.144239
0.144239
0.144239
0.144239
0.144239
0.144239
0.144239
0.144239
0.144239
0.144239
0.144239
0.144239
0.144239
0.144239
0.144239
0.144239
0.144239
0.144239
0.144239
0.144239
0.144239
0.144239
0.144239
0.144239
0.144239
0.144239
0.144239
0.144239
0.144239
0.144239
0.144239
0.144239
0.144239
0.144239
0.144239
0.144239
0.144239
0.144239
0.144239
0.144239
0.144239
0.144239
0.144239
0.144239
0.144239
0.144239
0.144239
0.144239
0.144239
0.144239
0.144239
0.144239
0.144239
0.144239
0.144239
0.144239
0.144239
0.144239
0.144239
0.144239
0.144239
0.144239
0.144239
0.144239
0.144239
0.144239
0.144239
0.144239
0.144239
0.144239
0.144239
0.144239
0.144239
0.144239
0.144239
0.144239
0.144239
0.144239
0.144239
0.144239
0.144239
0.144239
0.144239
0.144239
0.144239
0.144239
0.144239
0.144239
0.144239
0.144239
0.144239
0.144239
0.144239
0.144239
0.144239
0.144239
0.144239
0.144239
0.144239
0.144239
0.144239
0.144239
0.144239
0.144239
0.144239
0.144239
0.144239
0.144239
0.144239
0.144239
0.144239
0.144239
0.144239
0.144239
0.144239
0.144239
0.144239
0.144239
0.144239
0.144239
0.144239
0.144239
0.144239
0.144239
0.144239
0.144239
0.144239
0.144239
0.144239
0.144239
0.144239
0.144239
0.144239
0.144239
0.144239
0.144239
0.144239
0.144239
0.144239
0.144239
0.144239
0.144239
0.144239
0.144239
0.144239
0.144239
0.144239
0.144239
0.144239
0.144239
0.144239
0.144239
0.144239
0.144239
0.144239
0.144239
0.144239
0.144239
0.144239
0.144239
0.144239
0.144239
0.144239
0.144239
0.144239
0.144239
0.144239
0.144239
0.144239
0.144239
0.144239
0.144239
0.144239
0.144239
0.144239
0.144239
0.144239
0.144239
0.144239
0.144239
0.144239
0.144239
0.144239
0.144239
0.144239
0.144239
0.144239
0.144239
0.144239
0.144239
0.144239
0.144239
0.144239
0.144239
0.144239
0.144239
0.144239
0.144239
0.144239
0.144239
0.144239
0.144239
0.144239
0.144239
0.144239
0.144239
0.144239
0.144239
0.144239
0.144239
0.144239
0.144239
0.144239
0.144239
0.144239
0.144239
0.144239
0.144239
0.144239
0.144239
0.144239
0.144239
0.144239
0.144239
0.144239
0.144239
0.144239
0.144239
0.144239
0.144239
0.144239
0.144239
0.144239
0.144239
0.144239
0.144239
0.144239
0.144239
0.144239
0.144239
0.144239
0.144239
0.144239
0.144239
0.144239
0.144239
0.144239
0.144239
0.144239
0.144239
0.144239
0.144239
0.144239
0.144239
0.144239
0.144239
0.144239
0.144239
0.144239
0.144239
0.144239
0.144239
0.144239
0.144239
0.144239
0.144239
0.144239
0.144239
0.144239
0.144239
0.144239
0.144239
0.144239
0.144239
0.144239
0.144239
0.144239
0.144239
0.144239
0.144239
0.144239
0.144239
0.144239
0.144239
0.144239
0.144239
0.144239
0.144239
0.144239
0.144239
0.144239
0.144239
0.144239
0.144239
0.144239
0.144239
0.144239
0.144239
0.144239
0.144239
0.144239
0.144239
0.144239
0.144239
0.144239
0.144239
0.144239
0.144239
0.144239
0.144239
0.144239
0.144239
0.144239
0.144239
0.144239
0.144239
0.144239
0.144239
0.144239
0.144239
0.144239
0.144239
0.144239
0.144239
0.144239
0.144239
0.144239
0.144239
0.144239
0.144239
0.144239
0.144239
0.144239
0.144239
0.144239
0.144239
0.144239
0.144239
0.144239
0.144239
0.144239
0.144239
0.144239
0.144239
0.144239
0.144239
0.144239
0.144239
0.144239
0.144239
0.144239
0.144239
0.144239
0.144239
0.144239
0.144239
0.144239
0.144239
0.144239
0.144239
0.144239
0.144239
0.144239
0.144239
0.144239
0.144239
0.144239
0.144239
0.144239
0.144239
0.144239
0.144239
0.144239
0.144239
0.144239
0.144239
0.144239
0.144239
0.144239
0.144239
0.144239
0.144239
0.144239
0.144239
0.144239
0.144239
0.144239
0.144239
0.144239
0.144239
0.144239
0.144239
0.144239
0.144239
0.144239
0.144239
0.144239
0.144239
0.144239
0.144239
0.144239
0.144239
0.144239
0.144239
0.144239
0.144239
0.144239
0.144239
0.144239
0.144239
0.144239
0.144239
0.144239
0.144239
0.144239
0.144239
0.144239
0.144239
0.144239
0.144239
0.144239
0.144239
0.144239
0.144239
0.144239
0.144239
0.144239
0.144239
0.144239
0.144239
0.144239
0.144239
0.144239
0.144239
0.144239
0.144239
0.144239
0.144239
0.144239
0.144239
0.144239
0.144239
0.144239
0.144239
0.144239
0.144239
0.144239
0.144239
0.144239
0.144239
