0.969006 
0.962022 
0.954533 
0.946606 
0.939155 
0.933171 
0.929106 
0.93166 
0.929464 
0.927869 
0.931999 
0.936834 
0.935876 
0.935154 
0.934733 
0.934665 
0.934959 
0.935537 
0.936198 
0.93665 
0.93671 
0.938017 
0.938576 
0.93726 
0.936915 
0.942049 
0.940801 
0.93907 
0.936933 
0.934451 
0.931642 
0.928412 
0.924568 
0.920043 
0.915168 
0.910441 
0.906142 
0.902319 
0.898941 
0.895979 
0.893434 
0.895881 
0.895046 
0.893939 
0.893174 
0.892806 
0.892777 
0.893016 
0.89345 
0.89402 
0.894681 
0.895406 
0.89618 
0.897121 
0.905451 
0.907597 
0.908435 
0.910364 
0.916033 
0.918529 
0.922068 
0.923718 
0.923841 
0.923757 
0.923665 
0.923582 
0.92351 
0.923479 
0.926432 
0.93672 
0.93697 
0.936804 
0.936621 
0.936421 
0.936201 
0.935956 
0.935676 
0.935352 
0.934974 
0.934529 
0.933999 
0.93336 
0.93258 
0.931615 
0.930407 
0.928879 
0.926925 
0.924415 
0.921201 
0.917163 
0.912307 
0.906907 
0.901565 
0.897026 
0.893769 
0.891791 
0.890767 
0.890324 
0.890187 
0.8902 
0.890287 
