0.116579 
0.171615 
0.181081 
0.183612 
0.183546 
0.182665 
0.181825 
0.18154 
0.182212 
0.18424 
0.188065 
0.194216 
0.203355 
0.216366 
0.234467 
0.259309 
0.292858 
0.336457 
0.388916 
0.445094 
0.497678 
0.541353 
0.574826 
0.599321 
0.618702 
0.636186 
0.646703 
0.652265 
0.656194 
0.659566 
0.662709 
0.665758 
0.668823 
0.672059 
0.67568 
0.679975 
0.685306 
0.692105 
0.700848 
0.712021 
0.726053 
0.743218 
0.763498 
0.786401 
0.81082 
0.835073 
0.857243 
0.875747 
0.889808 
0.899545 
0.905698 
0.90923 
0.911134 
0.911777 
0.911932 
0.911778 
0.911477 
0.911117 
0.910741 
0.910371 
0.910019 
0.909691 
0.909394 
0.90913 
0.908904 
0.908716 
0.908564 
0.908445 
0.908351 
0.908279 
0.908222 
0.908181 
0.908153 
0.908132 
0.908116 
0.908105 
0.908099 
0.908096 
0.908098 
0.908103 
0.90811 
0.908121 
0.908134 
0.908149 
0.908166 
0.908186 
0.908208 
0.908233 
0.90826 
0.908289 
0.908321 
0.908354 
0.908388 
0.908421 
0.908455 
0.908493 
0.90855 
0.908592 
0.908638 
0.908691 
0.908752 
