0.939782 
0.917651 
0.911892 
0.908598 
0.906861 
0.906322 
0.906875 
0.915621 
0.915628 
0.916051 
0.923682 
0.933928 
0.933525 
0.933174 
0.932865 
0.932592 
0.932344 
0.932103 
0.931834 
0.931485 
0.930994 
0.930288 
0.929303 
0.927992 
0.926345 
0.924391 
0.922188 
0.919798 
0.917275 
0.914699 
0.91214 
0.909661 
0.908109 
0.906909 
0.904774 
0.902796 
0.901077 
0.899689 
0.898713 
0.89825 
0.898435 
0.902865 
0.905174 
0.907789 
0.911147 
0.915078 
0.919352 
0.923717 
0.927949 
0.931873 
0.935372 
0.938394 
0.940944 
0.943128 
0.94857 
0.953667 
0.95576 
0.958297 
0.960548 
0.96112 
0.961285 
0.961356 
0.961381 
0.961909 
0.967778 
0.968012 
0.967878 
0.967723 
0.967549 
0.967355 
0.96714 
0.966901 
0.966637 
0.966342 
0.966015 
0.965646 
0.965229 
0.964749 
0.964192 
0.963534 
0.962744 
0.961781 
0.960593 
0.959121 
0.957316 
0.955175 
0.9528 
0.950437 
0.948412 
0.946956 
0.946083 
0.94564 
0.945451 
0.945389 
0.945383 
0.945402 
0.945434 
0.945472 
0.945516 
0.945564 
0.945615 
