0.70708 
0.762926 
0.767582 
0.767808 
0.76451 
0.759552 
0.751813 
0.743767 
0.735098 
0.728262 
0.721818 
0.715516 
0.710115 
0.7055 
0.701684 
0.698947 
0.696818 
0.695504 
0.695102 
0.695564 
0.696961 
0.699339 
0.702821 
0.707354 
0.71325 
0.720515 
0.728778 
0.737909 
0.747732 
0.758282 
0.769308 
0.780599 
0.791821 
0.802406 
0.811932 
0.820122 
0.826978 
0.832666 
0.837377 
0.841376 
0.84493 
0.848382 
0.851991 
0.855875 
0.860046 
0.864543 
0.869218 
0.873881 
0.878274 
0.88226 
0.885761 
0.888761 
0.891404 
0.893961 
0.896178 
0.898328 
0.900546 
0.902799 
0.905028 
0.907369 
0.909938 
0.912287 
0.914374 
0.916325 
0.918059 
0.919572 
0.920848 
0.921903 
0.922821 
0.923585 
0.924207 
0.924741 
0.925531 
0.926367 
0.926775 
0.927192 
0.927535 
0.927802 
0.927987 
0.928075 
0.928139 
0.928473 
0.928811 
0.929322 
0.929874 
0.930163 
0.930476 
0.930623 
0.930742 
0.930908 
0.931051 
0.931174 
0.931294 
0.93138 
0.931457 
0.931531 
0.931623 
0.931766 
0.931871 
0.931924 
0.932018 
