0.939027 
0.9261 
0.915461 
0.90473 
0.89446 
0.884819 
0.876158 
0.869474 
0.864591 
0.86138 
0.859759 
0.859347 
0.859525 
0.860148 
0.861769 
0.862612 
0.863333 
0.863746 
0.863939 
0.863966 
0.863917 
0.863872 
0.863709 
0.863536 
0.863287 
0.863096 
0.863098 
0.863379 
0.863951 
0.864827 
0.865963 
0.867356 
0.869156 
0.871266 
0.873568 
0.876016 
0.878676 
0.881505 
0.884469 
0.88739 
0.890402 
0.893382 
0.896322 
0.899178 
0.901867 
0.904421 
0.906688 
0.90879 
0.910621 
0.912205 
0.913763 
0.915195 
0.916444 
0.917512 
0.919057 
0.920033 
0.920838 
0.921584 
0.922304 
0.922939 
0.923585 
0.923847 
0.924179 
0.924553 
0.925512 
0.925709 
0.925798 
0.925696 
0.925664 
0.925644 
0.925541 
0.925298 
0.925089 
0.924892 
0.924745 
0.924512 
0.924275 
0.924025 
0.923726 
0.923398 
0.923067 
0.922767 
0.922523 
0.922313 
0.922131 
0.92199 
0.921873 
0.921772 
0.921764 
0.921706 
0.921643 
0.921597 
0.921531 
0.921468 
0.921402 
0.921313 
0.920952 
0.920332 
0.920152 
0.92012 
0.920148 
