0.956796 
0.954568 
0.947429 
0.934724 
0.920307 
0.907467 
0.894854 
0.882868 
0.871584 
0.861102 
0.851764 
0.843726 
0.836752 
0.831437 
0.826428 
0.822301 
0.819235 
0.816415 
0.814021 
0.812163 
0.810776 
0.809521 
0.808579 
0.807576 
0.806512 
0.805824 
0.804894 
0.804611 
0.804459 
0.804764 
0.805346 
0.805929 
0.806864 
0.808317 
0.810335 
0.812466 
0.814658 
0.816988 
0.818951 
0.820928 
0.82304 
0.825152 
0.827134 
0.829284 
0.831418 
0.833583 
0.836084 
0.839097 
0.842052 
0.84498 
0.848097 
0.851358 
0.854883 
0.85868 
0.863313 
0.867397 
0.871356 
0.875336 
0.87925 
0.882895 
0.886353 
0.889452 
0.892063 
0.89432 
0.896928 
0.898492 
0.899763 
0.900744 
0.901382 
0.901984 
0.902279 
0.902476 
0.902396 
0.902234 
0.901876 
0.901256 
0.900372 
0.899299 
0.898119 
0.896832 
0.89553 
0.894256 
0.893033 
0.89177 
0.890546 
0.889429 
0.888395 
0.887441 
0.886658 
0.885975 
0.885294 
0.884733 
0.884295 
0.88395 
0.88364 
0.883418 
0.883317 
0.883358 
0.883433 
0.883573 
0.883803 
