0.883443 
0.839784 
0.828412 
0.821973 
0.818654 
0.81772 
0.818944 
0.836337 
0.836467 
0.837414 
0.852555 
0.872837 
0.872154 
0.871572 
0.871075 
0.870646 
0.870269 
0.869907 
0.869489 
0.868912 
0.868051 
0.866765 
0.864919 
0.862422 
0.859252 
0.855466 
0.85118 
0.846513 
0.841572 
0.836515 
0.831483 
0.826605 
0.823516 
0.821119 
0.816936 
0.813071 
0.809721 
0.807022 
0.805128 
0.80423 
0.804586 
0.813159 
0.817579 
0.82258 
0.829029 
0.836605 
0.844862 
0.853313 
0.861517 
0.869132 
0.875927 
0.881792 
0.886738 
0.890976 
0.901595 
0.911533 
0.915608 
0.92055 
0.924935 
0.926048 
0.926366 
0.926501 
0.926549 
0.927576 
0.939018 
0.939472 
0.939209 
0.938904 
0.938562 
0.93818 
0.937756 
0.937285 
0.936763 
0.936182 
0.935535 
0.934809 
0.933982 
0.933033 
0.93193 
0.930625 
0.929058 
0.927147 
0.924787 
0.921864 
0.918278 
0.914025 
0.909306 
0.904609 
0.900585 
0.897694 
0.895959 
0.895081 
0.894706 
0.894583 
0.894573 
0.894612 
0.894676 
0.894753 
0.89484 
0.894935 
0.895037 
