0.138506 
0.192818 
0.202631 
0.204931 
0.204388 
0.202916 
0.201437 
0.200499 
0.20053 
0.201941 
0.205181 
0.21077 
0.219357 
0.2318 
0.249281 
0.273401 
0.306065 
0.34849 
0.399432 
0.454204 
0.50572 
0.548554 
0.581385 
0.605383 
0.624293 
0.641255 
0.651441 
0.65682 
0.660612 
0.663861 
0.666886 
0.669814 
0.672755 
0.675858 
0.67934 
0.683491 
0.688675 
0.695327 
0.703927 
0.714961 
0.728857 
0.745889 
0.766036 
0.788808 
0.8131 
0.837234 
0.859302 
0.877725 
0.891727 
0.901426 
0.907559 
0.911083 
0.913009 
0.913634 
0.913797 
0.913652 
0.913361 
0.913011 
0.912644 
0.912283 
0.911939 
0.91162 
0.911331 
0.911075 
0.910856 
0.910675 
0.91053 
0.910417 
0.91033 
0.910263 
0.910213 
0.910176 
0.910153 
0.910136 
0.910124 
0.910117 
0.910115 
0.910116 
0.910121 
0.910129 
0.91014 
0.910153 
0.910168 
0.910185 
0.910205 
0.910227 
0.910251 
0.910277 
0.910305 
0.910336 
0.910368 
0.910402 
0.910437 
0.91047 
0.910505 
0.910544 
0.910602 
0.910644 
0.91069 
0.910742 
0.910802 
