0.886219 
0.862206 
0.842613 
0.822686 
0.803536 
0.785551 
0.769341 
0.756944 
0.748016 
0.74222 
0.739383 
0.738774 
0.739191 
0.740375 
0.743527 
0.745078 
0.746384 
0.747072 
0.747312 
0.747218 
0.746967 
0.746694 
0.746159 
0.745546 
0.744704 
0.74394 
0.743572 
0.743776 
0.74456 
0.745928 
0.747786 
0.750107 
0.753142 
0.756664 
0.760472 
0.764601 
0.769271 
0.774411 
0.779932 
0.785446 
0.791186 
0.796893 
0.802541 
0.808039 
0.813225 
0.818154 
0.822526 
0.826592 
0.830142 
0.833209 
0.836222 
0.838984 
0.841392 
0.843441 
0.846408 
0.848255 
0.84977 
0.851165 
0.852515 
0.853695 
0.854889 
0.855317 
0.85589 
0.856549 
0.858335 
0.858666 
0.858791 
0.85853 
0.858419 
0.858338 
0.858092 
0.857574 
0.857138 
0.856736 
0.856446 
0.855974 
0.855489 
0.854976 
0.854367 
0.853709 
0.853047 
0.852446 
0.851958 
0.851537 
0.851172 
0.850886 
0.850647 
0.850436 
0.850401 
0.850275 
0.850142 
0.850042 
0.849901 
0.849768 
0.849629 
0.849448 
0.848735 
0.84752 
0.847162 
0.847095 
0.847145 
