0.951513 
0.950483 
0.943535 
0.930596 
0.915969 
0.903084 
0.890469 
0.878521 
0.867299 
0.856885 
0.847615 
0.839652 
0.83276 
0.827527 
0.822604 
0.81857 
0.815598 
0.812868 
0.810575 
0.80882 
0.807538 
0.806397 
0.805572 
0.804672 
0.803704 
0.803113 
0.802271 
0.80208 
0.80202 
0.802412 
0.803074 
0.803726 
0.804726 
0.806245 
0.808344 
0.810554 
0.812821 
0.815222 
0.817251 
0.819293 
0.821468 
0.823639 
0.825676 
0.827882 
0.830069 
0.832287 
0.834842 
0.837915 
0.840933 
0.843913 
0.84708 
0.850389 
0.853964 
0.857808 
0.862494 
0.866622 
0.870622 
0.874641 
0.878592 
0.882272 
0.885764 
0.888893 
0.89153 
0.893811 
0.896444 
0.898029 
0.899316 
0.900311 
0.900963 
0.901578 
0.901883 
0.902087 
0.902013 
0.901858 
0.901507 
0.900891 
0.90001 
0.898941 
0.897763 
0.896477 
0.895175 
0.893901 
0.892677 
0.891412 
0.890186 
0.889071 
0.888037 
0.887083 
0.886299 
0.885617 
0.884935 
0.884374 
0.883936 
0.883592 
0.883282 
0.88306 
0.88296 
0.883002 
0.883079 
0.88322 
0.883451 
