0.962437 
0.956189 
0.949124 
0.941622 
0.934555 
0.928901 
0.92511 
0.928051 
0.92599 
0.9245 
0.928826 
0.933826 
0.932894 
0.932193 
0.931792 
0.931746 
0.932067 
0.932677 
0.933379 
0.933887 
0.934029 
0.935508 
0.936234 
0.935051 
0.934847 
0.940274 
0.939108 
0.937439 
0.935351 
0.932906 
0.930126 
0.926918 
0.923091 
0.918582 
0.913729 
0.909034 
0.904776 
0.900997 
0.897666 
0.89475 
0.892253 
0.894806 
0.894031 
0.892987 
0.892278 
0.891966 
0.891996 
0.892292 
0.892781 
0.893404 
0.894116 
0.894888 
0.895706 
0.896691 
0.905115 
0.907308 
0.908183 
0.910155 
0.915885 
0.91843 
0.922031 
0.923719 
0.923862 
0.923795 
0.923719 
0.923651 
0.923593 
0.923575 
0.926562 
0.936932 
0.937192 
0.937033 
0.936856 
0.936662 
0.936448 
0.936208 
0.935932 
0.935612 
0.935238 
0.934796 
0.934269 
0.933633 
0.932854 
0.931891 
0.930684 
0.929156 
0.927202 
0.92469 
0.921473 
0.917431 
0.91257 
0.907163 
0.901816 
0.897272 
0.894011 
0.892031 
0.891007 
0.890564 
0.890429 
0.890442 
0.89053 
