0.719209 
0.77202 
0.775935 
0.775832 
0.772293 
0.76717 
0.759356 
0.751282 
0.742615 
0.735772 
0.729336 
0.723063 
0.717696 
0.71311 
0.709322 
0.706601 
0.704483 
0.703164 
0.70274 
0.703173 
0.704536 
0.706857 
0.71025 
0.714667 
0.720421 
0.727515 
0.73559 
0.744512 
0.754113 
0.764427 
0.775207 
0.786246 
0.79722 
0.807569 
0.816884 
0.824892 
0.831596 
0.83716 
0.841771 
0.845689 
0.849177 
0.85257 
0.856121 
0.859946 
0.864056 
0.868488 
0.873094 
0.877688 
0.882013 
0.885938 
0.889386 
0.892341 
0.894946 
0.897469 
0.899657 
0.901777 
0.903967 
0.906193 
0.908391 
0.910701 
0.91324 
0.91556 
0.91762 
0.919544 
0.921254 
0.922748 
0.924005 
0.925044 
0.925951 
0.926707 
0.927324 
0.927855 
0.928634 
0.929458 
0.929863 
0.930276 
0.930617 
0.930883 
0.931067 
0.931156 
0.931223 
0.931575 
0.931931 
0.932468 
0.93304 
0.933343 
0.933668 
0.933818 
0.933938 
0.934103 
0.934244 
0.934367 
0.934485 
0.934572 
0.934649 
0.934723 
0.934815 
0.934956 
0.935062 
0.935116 
0.935208 
