0.0395962 
0.121389 
0.142358 
0.1558 
0.16511 
0.171068 
0.173936 
0.173512 
0.170026 
0.165096 
0.160527 
0.157723 
0.157643 
0.158859 
0.159947 
0.161409 
0.163595 
0.166495 
0.169988 
0.173932 
0.178187 
0.182625 
0.187124 
0.191579 
0.195897 
0.200006 
0.203865 
0.20747 
0.210861 
0.214112 
0.21732 
0.220592 
0.22405 
0.227831 
0.232104 
0.237076 
0.243012 
0.250248 
0.259231 
0.270559 
0.285051 
0.303813 
0.328272 
0.360074 
0.400678 
0.450439 
0.507326 
0.566213 
0.620123 
0.663337 
0.693836 
0.713109 
0.724252 
0.730283 
0.733426 
0.735079 
0.736032 
0.736699 
0.737282 
0.737875 
0.738522 
0.739239 
0.740032 
0.740899 
0.74183 
0.742817 
0.743847 
0.744911 
0.746002 
0.747115 
0.748248 
0.749406 
0.750587 
0.75178 
0.752984 
0.754202 
0.755434 
0.756681 
0.757942 
0.759216 
0.760503 
0.761804 
0.763118 
0.764445 
0.765785 
0.76714 
0.768509 
0.769893 
0.771292 
0.772707 
0.77414 
0.775591 
0.777061 
0.77855 
0.780059 
0.781585 
0.78312 
0.784633 
0.786035 
0.787104 
0.787517 
