0.954148 
0.978385 
0.974881 
0.969108 
0.96141 
0.952352 
0.943082 
0.934548 
0.927029 
0.920122 
0.912808 
0.904395 
0.895032 
0.88482 
0.873595 
0.861115 
0.847192 
0.831953 
0.815641 
0.799114 
0.782515 
0.766814 
0.760317 
0.748785 
0.740513 
0.755336 
0.750846 
0.74795 
0.746644 
0.746793 
0.748246 
0.750988 
0.752142 
0.751567 
0.750295 
0.750543 
0.753447 
0.758779 
0.767933 
0.773699 
0.778257 
0.781917 
0.784951 
0.787462 
0.789438 
0.791449 
0.800272 
0.80878 
0.816661 
0.820151 
0.820375 
0.820007 
0.819556 
0.820862 
0.836789 
0.840811 
0.840376 
0.841161 
0.851288 
0.869745 
0.872356 
0.871486 
0.870915 
0.870291 
0.869599 
0.868823 
0.867953 
0.866976 
0.866345 
0.886865 
0.892363 
0.891284 
0.88992 
0.888252 
0.886199 
0.88365 
0.880457 
0.876421 
0.871278 
0.864692 
0.856272 
0.845658 
0.83274 
0.818024 
0.802913 
0.789416 
0.779135 
0.772438 
0.768619 
0.766642 
0.765671 
0.765192 
0.764939 
0.764788 
0.764686 
0.76461 
0.764552 
0.764508 
0.764469 
0.764444 
0.764438 
