0.906111 
0.923935 
0.918961 
0.911997 
0.904894 
0.897506 
0.890825 
0.884925 
0.880271 
0.876092 
0.872575 
0.869481 
0.866651 
0.864162 
0.86196 
0.859775 
0.858091 
0.857743 
0.858899 
0.861138 
0.863772 
0.865933 
0.867108 
0.867471 
0.867397 
0.867323 
0.867001 
0.866716 
0.866569 
0.866639 
0.866817 
0.867186 
0.867761 
0.8684 
0.869304 
0.870378 
0.871707 
0.873215 
0.874787 
0.876492 
0.878282 
0.880167 
0.882012 
0.88389 
0.885873 
0.887872 
0.890095 
0.892591 
0.895262 
0.898217 
0.901459 
0.904963 
0.908669 
0.912513 
0.916455 
0.920225 
0.923761 
0.927021 
0.929912 
0.93234 
0.934463 
0.936241 
0.937623 
0.938766 
0.939944 
0.940543 
0.940902 
0.941103 
0.941104 
0.940907 
0.940512 
0.94024 
0.939798 
0.939297 
0.938744 
0.937942 
0.937258 
0.936436 
0.935504 
0.934356 
0.933477 
0.932588 
0.931805 
0.931226 
0.930715 
0.930227 
0.929904 
0.929595 
0.929362 
0.929375 
0.929587 
0.929705 
0.930009 
0.930407 
0.930662 
0.930948 
0.931305 
0.931573 
0.931924 
0.932208 
0.932259 
