0.95069 
0.956657 
0.95403 
0.95105 
0.94853 
0.945929 
0.943017 
0.940581 
0.938842 
0.93768 
0.93706 
0.936987 
0.937453 
0.938387 
0.939684 
0.941298 
0.943022 
0.94468 
0.946145 
0.947461 
0.948633 
0.949432 
0.949885 
0.950061 
0.950095 
0.950108 
0.950171 
0.95029 
0.95046 
0.950715 
0.951009 
0.951388 
0.951855 
0.952349 
0.953001 
0.953684 
0.954332 
0.955025 
0.955752 
0.956335 
0.95682 
0.957226 
0.957572 
0.957835 
0.958064 
0.958304 
0.958546 
0.958798 
0.959078 
0.959309 
0.959522 
0.959741 
0.959962 
0.960127 
0.96039 
0.960503 
0.96047 
0.960329 
0.959983 
0.959629 
0.959236 
0.958683 
0.957935 
0.957165 
0.956529 
0.955546 
0.954296 
0.953111 
0.951903 
0.950532 
0.949031 
0.947591 
0.946107 
0.944609 
0.94308 
0.941528 
0.939969 
0.938536 
0.936952 
0.935403 
0.933891 
0.932437 
0.931065 
0.929729 
0.928484 
0.927289 
0.926205 
0.925213 
0.924278 
0.923413 
0.922608 
0.921884 
0.921251 
0.920721 
0.920278 
0.91991 
0.919622 
0.919341 
0.919133 
0.918965 
0.918844 
