0.564875 
0.56253 
0.562056 
0.562373 
0.563361 
0.564934 
0.567003 
0.569545 
0.572576 
0.576134 
0.580272 
0.585069 
0.590569 
0.596416 
0.602445 
0.608739 
0.615502 
0.622951 
0.630383 
0.637852 
0.645522 
0.652855 
0.66028 
0.668366 
0.677671 
0.689345 
0.70371 
0.720934 
0.740848 
0.762944 
0.786387 
0.81006 
0.832692 
0.853091 
0.870417 
0.88434 
0.895113 
0.905744 
0.914843 
0.918551 
0.920992 
0.922619 
0.923742 
0.924576 
0.925239 
0.925779 
0.926214 
0.926551 
0.926798 
0.926965 
0.927068 
0.927163 
0.929627 
0.932424 
0.939449 
0.941782 
0.941779 
0.941747 
0.94152 
0.941612 
0.948753 
0.951678 
0.951487 
0.951246 
0.95097 
0.950648 
0.95027 
0.949824 
0.949293 
0.948654 
0.947879 
0.946925 
0.945737 
0.944238 
0.942328 
0.939883 
0.936773 
0.932926 
0.928445 
0.92375 
0.919531 
0.916394 
0.914482 
0.91351 
0.913084 
0.912912 
0.912834 
0.912775 
0.912703 
0.9126 
0.91246 
0.912285 
0.912058 
0.911831 
0.911642 
0.911484 
0.911362 
0.911275 
0.911218 
0.911187 
0.911177 
