0.996007 
0.99546 
0.995911 
0.995915 
0.995886 
0.995856 
0.995825 
0.995793 
0.995756 
0.995712 
0.995654 
0.995579 
0.995481 
0.995358 
0.995204 
0.995014 
0.994782 
0.994509 
0.994197 
0.993843 
0.993441 
0.992993 
0.992499 
0.991967 
0.991419 
0.990864 
0.99031 
0.989758 
0.98921 
0.988664 
0.988119 
0.987576 
0.98703 
0.986468 
0.985872 
0.985233 
0.984544 
0.983813 
0.983056 
0.982284 
0.981522 
0.98079 
0.98012 
0.979529 
0.979045 
0.978671 
0.978383 
0.978107 
0.977794 
0.977395 
0.976892 
0.976286 
0.975607 
0.974895 
0.974168 
0.973465 
0.972804 
0.972197 
0.971664 
0.971193 
0.970816 
0.970535 
0.970351 
0.970256 
0.970252 
0.9703 
0.970385 
0.970485 
0.970584 
0.970659 
0.970704 
0.97071 
0.970755 
0.970781 
0.970611 
0.970391 
0.970133 
0.969854 
0.969592 
0.969367 
0.96916 
0.968971 
0.968804 
0.968673 
0.968553 
0.968446 
0.968365 
0.968314 
0.968315 
0.968377 
0.968361 
0.968325 
0.968291 
0.968221 
0.96811 
0.96798 
0.967947 
0.967946 
0.967937 
0.967924 
0.967919 
