0.159697 
0.154551 
0.153555 
0.15415 
0.156043 
0.159052 
0.163011 
0.167873 
0.173664 
0.180454 
0.188341 
0.197463 
0.207901 
0.219039 
0.230558 
0.242585 
0.255507 
0.269829 
0.283958 
0.298127 
0.312846 
0.326768 
0.340888 
0.356368 
0.374236 
0.396861 
0.424797 
0.458344 
0.497164 
0.540255 
0.585979 
0.632156 
0.676302 
0.716096 
0.749896 
0.777064 
0.79809 
0.81882 
0.836567 
0.843818 
0.848596 
0.851786 
0.853993 
0.855635 
0.856944 
0.858014 
0.858877 
0.859548 
0.860042 
0.860382 
0.860594 
0.860791 
0.865569 
0.870994 
0.884743 
0.889314 
0.889314 
0.889258 
0.888815 
0.888999 
0.902869 
0.908548 
0.908176 
0.907706 
0.907167 
0.906538 
0.9058 
0.904926 
0.903884 
0.90263 
0.901104 
0.899227 
0.896887 
0.893934 
0.890169 
0.885346 
0.87921 
0.871617 
0.862774 
0.853508 
0.845182 
0.838992 
0.835221 
0.833306 
0.83247 
0.832134 
0.831984 
0.831872 
0.831732 
0.831532 
0.831259 
0.830915 
0.830467 
0.83002 
0.829648 
0.829337 
0.829097 
0.828927 
0.828816 
0.828755 
0.828736 
