0.906503 
0.924559 
0.919519 
0.912504 
0.905357 
0.897922 
0.891216 
0.885313 
0.880672 
0.876515 
0.873034 
0.86999 
0.867226 
0.864807 
0.862665 
0.860483 
0.858738 
0.858304 
0.85939 
0.86158 
0.864173 
0.866287 
0.8674 
0.867695 
0.867562 
0.867445 
0.86709 
0.866784 
0.866622 
0.866683 
0.866855 
0.86722 
0.867793 
0.868431 
0.869336 
0.870413 
0.871746 
0.87326 
0.874837 
0.876549 
0.878345 
0.880238 
0.88209 
0.883974 
0.885965 
0.887971 
0.890201 
0.892707 
0.895387 
0.898354 
0.901608 
0.905125 
0.908846 
0.912706 
0.916662 
0.920446 
0.923996 
0.927268 
0.930168 
0.932603 
0.93473 
0.936512 
0.937895 
0.939038 
0.940219 
0.940816 
0.941172 
0.941369 
0.941367 
0.941164 
0.940758 
0.94048 
0.94003 
0.939522 
0.938962 
0.938151 
0.937461 
0.936632 
0.935692 
0.934531 
0.933643 
0.932747 
0.931959 
0.931375 
0.93086 
0.930369 
0.930044 
0.929733 
0.929498 
0.92951 
0.929723 
0.929842 
0.930147 
0.930546 
0.930802 
0.931088 
0.931446 
0.931715 
0.932067 
0.932353 
0.932403 
