0.997006 
0.996598 
0.996939 
0.996944 
0.996926 
0.996906 
0.996885 
0.996863 
0.996837 
0.996803 
0.996757 
0.996693 
0.996608 
0.996499 
0.99636 
0.996185 
0.99597 
0.995714 
0.99542 
0.995083 
0.994701 
0.994272 
0.993797 
0.993285 
0.992756 
0.99222 
0.991686 
0.991153 
0.990625 
0.990098 
0.989573 
0.98905 
0.988523 
0.987981 
0.987405 
0.986787 
0.986121 
0.985413 
0.98468 
0.983932 
0.983193 
0.982485 
0.981837 
0.981268 
0.980805 
0.980449 
0.980178 
0.97992 
0.979624 
0.979243 
0.97876 
0.978176 
0.977521 
0.976832 
0.976129 
0.975449 
0.974812 
0.974225 
0.973712 
0.973259 
0.972899 
0.972633 
0.972462 
0.972378 
0.972384 
0.972439 
0.972532 
0.972638 
0.972743 
0.972825 
0.972876 
0.972889 
0.972941 
0.972972 
0.972811 
0.972602 
0.972355 
0.972087 
0.971836 
0.97162 
0.971422 
0.971243 
0.971084 
0.97096 
0.970848 
0.970748 
0.970673 
0.970627 
0.970635 
0.970703 
0.970692 
0.970662 
0.970633 
0.970568 
0.970463 
0.970338 
0.970307 
0.970307 
0.9703 
0.970288 
0.970282 
