0.144239 
0.191014 
0.199438 
0.206613 
0.212247 
0.215485 
0.215632 
0.211573 
0.203463 
0.194004 
0.185745 
0.180026 
0.177591 
0.177182 
0.177285 
0.178074 
0.179746 
0.18223 
0.185375 
0.18902 
0.193012 
0.197211 
0.201493 
0.205745 
0.209874 
0.213805 
0.217498 
0.220947 
0.224191 
0.227302 
0.230375 
0.233516 
0.236842 
0.240491 
0.244627 
0.249457 
0.255239 
0.262308 
0.271102 
0.282212 
0.296447 
0.314898 
0.338972 
0.370299 
0.410319 
0.459384 
0.515496 
0.573595 
0.626796 
0.66945 
0.69956 
0.718591 
0.729598 
0.735558 
0.738667 
0.740305 
0.741251 
0.741915 
0.742495 
0.743085 
0.743728 
0.744441 
0.745228 
0.746086 
0.74701 
0.747988 
0.749008 
0.750062 
0.751142 
0.752244 
0.753366 
0.754512 
0.755683 
0.756864 
0.758056 
0.759262 
0.760483 
0.761717 
0.762966 
0.764228 
0.765503 
0.766791 
0.768093 
0.769407 
0.770736 
0.772078 
0.773434 
0.774805 
0.776192 
0.777595 
0.779015 
0.780453 
0.78191 
0.783386 
0.784882 
0.786395 
0.787916 
0.789417 
0.790807 
0.791867 
0.792277 
