0.954132 
0.978379 
0.974872 
0.969096 
0.961392 
0.952327 
0.943048 
0.934506 
0.92698 
0.920065 
0.912744 
0.904322 
0.894951 
0.884727 
0.873491 
0.860998 
0.84706 
0.831807 
0.815477 
0.798935 
0.782317 
0.766598 
0.760099 
0.748555 
0.740277 
0.755142 
0.750653 
0.747763 
0.746465 
0.746627 
0.748096 
0.750849 
0.75202 
0.751459 
0.7502 
0.750464 
0.753388 
0.758743 
0.767927 
0.77371 
0.77828 
0.781948 
0.784988 
0.787504 
0.789484 
0.791499 
0.800346 
0.808881 
0.816787 
0.820287 
0.820511 
0.82014 
0.819686 
0.821 
0.836996 
0.841032 
0.840596 
0.841382 
0.851538 
0.870052 
0.87267 
0.871795 
0.871222 
0.870596 
0.869901 
0.869122 
0.86825 
0.867269 
0.866637 
0.887216 
0.89273 
0.891649 
0.890282 
0.888611 
0.886555 
0.884001 
0.880802 
0.876757 
0.871603 
0.865004 
0.856567 
0.84593 
0.832985 
0.818238 
0.803096 
0.789569 
0.779266 
0.772555 
0.768728 
0.766747 
0.765773 
0.765292 
0.765039 
0.764887 
0.764785 
0.764709 
0.76465 
0.764606 
0.764566 
0.764542 
0.764535 
