0.909907 
0.920886 
0.915666 
0.909837 
0.904911 
0.899839 
0.894153 
0.889402 
0.88603 
0.88379 
0.882604 
0.882479 
0.883398 
0.885218 
0.887735 
0.890851 
0.89415 
0.897247 
0.899867 
0.902159 
0.904218 
0.905605 
0.906368 
0.906628 
0.906637 
0.906621 
0.906714 
0.906921 
0.907235 
0.907715 
0.908274 
0.909003 
0.909907 
0.910861 
0.912126 
0.913448 
0.914704 
0.916049 
0.917461 
0.918595 
0.91954 
0.920333 
0.921009 
0.921524 
0.921974 
0.922445 
0.922923 
0.923418 
0.923967 
0.924419 
0.924836 
0.925262 
0.92569 
0.926012 
0.926524 
0.926741 
0.926677 
0.926404 
0.925737 
0.925051 
0.924287 
0.923211 
0.92176 
0.920269 
0.919027 
0.917122 
0.914702 
0.912405 
0.91006 
0.907396 
0.904474 
0.901675 
0.898796 
0.895889 
0.892916 
0.889895 
0.886852 
0.883982 
0.880899 
0.877886 
0.874943 
0.872114 
0.869445 
0.86685 
0.864431 
0.862109 
0.860005 
0.858081 
0.856271 
0.854599 
0.853044 
0.851646 
0.850428 
0.849405 
0.848551 
0.84784 
0.847287 
0.846748 
0.846336 
0.846004 
0.84577 
