0.356724 
0.356724 
0.0729227 
0.121449 
0.203807 
0.293337 
0.381339 
0.464571 
0.535641 
0.59147 
0.633031 
0.663398 
0.686062 
0.703803 
0.718484 
0.731254 
0.742804 
0.753548 
0.763731 
0.773495 
0.782922 
0.792052 
0.8009 
0.809465 
0.817735 
0.825694 
0.833322 
0.840602 
0.84752 
0.854065 
0.860231 
0.866019 
0.871434 
0.876486 
0.881189 
0.885559 
0.889616 
0.89338 
0.896872 
0.900115 
0.903129 
0.905935 
0.908551 
0.910996 
0.913287 
0.915438 
0.917463 
0.919376 
0.921187 
0.922907 
0.924545 
0.926107 
0.927603 
0.929037 
0.930416 
0.931745 
0.933027 
0.934267 
0.935467 
0.936632 
0.937763 
0.938863 
0.939933 
0.940977 
0.941995 
0.942988 
0.943959 
0.944908 
0.945836 
0.946745 
0.947634 
0.948506 
0.94936 
0.950197 
0.951019 
0.951824 
0.952614 
0.95339 
0.954151 
0.954899 
0.955633 
0.956354 
0.957062 
0.957757 
0.958441 
0.959112 
0.959772 
0.960421 
0.961058 
0.961685 
0.962301 
0.962906 
0.963502 
0.964087 
0.964662 
0.965228 
0.965784 
0.966331 
0.966869 
0.967398 
0.967919 
0.96843 
0.968933 
0.969428 
0.969915 
0.970393 
0.970864 
0.971327 
0.971782 
0.97223 
0.972671 
0.973104 
0.97353 
0.973949 
0.974361 
0.974766 
0.975165 
0.975557 
0.975942 
0.976321 
0.976694 
0.977061 
0.977421 
0.977776 
0.978124 
0.978467 
0.978803 
0.979135 
0.97946 
0.97978 
0.980095 
0.980404 
0.980708 
0.981007 
0.981301 
0.981589 
0.981873 
0.982152 
0.982426 
0.982695 
0.982959 
0.983219 
0.983474 
0.983725 
0.983971 
0.984213 
0.984451 
0.984684 
0.984913 
0.985139 
0.98536 
0.985577 
0.98579 
0.985999 
0.986204 
0.986406 
0.986603 
0.986798 
0.986988 
0.987175 
0.987359 
0.987539 
0.987716 
0.987889 
0.988059 
0.988226 
0.98839 
0.98855 
0.988708 
0.988862 
0.989013 
0.989162 
0.989307 
0.98945 
0.98959 
0.989727 
0.989862 
0.989994 
0.990123 
0.99025 
0.990374 
0.990495 
0.990615 
0.990731 
0.990846 
0.990958 
0.991068 
0.991175 
0.991281 
0.991384 
0.991485 
0.991584 
0.991681 
0.991776 
0.991869 
0.99196 
0.99205 
0.992137 
0.992222 
0.992306 
0.992388 
