0.632787 
0.632787 
0.524229 
0.544876 
0.570234 
0.599329 
0.62537 
0.64588 
0.662763 
0.678083 
0.692879 
0.707498 
0.721953 
0.73611 
0.749785 
0.762796 
0.774988 
0.786253 
0.796525 
0.805785 
0.814051 
0.821372 
0.827823 
0.833491 
0.838469 
0.842852 
0.846727 
0.850173 
0.853261 
0.85605 
0.858591 
0.860925 
0.863087 
0.865103 
0.866998 
0.86879 
0.870492 
0.872117 
0.873674 
0.875172 
0.876617 
0.878014 
0.879367 
0.880679 
0.881954 
0.883194 
0.8844 
0.885576 
0.886721 
0.887838 
0.888927 
0.88999 
0.891027 
0.892038 
0.893026 
0.893989 
0.89493 
0.895847 
0.896743 
0.897616 
0.898469 
0.8993 
0.90011 
0.9009 
0.901671 
0.902422 
0.903153 
0.903866 
0.90456 
0.905236 
0.905894 
0.906534 
0.907157 
0.907764 
0.908353 
0.908926 
0.909484 
0.910025 
0.910551 
0.911062 
0.911559 
0.91204 
0.912508 
0.912962 
0.913402 
0.913829 
0.914244 
0.914645 
0.915034 
0.915411 
0.915777 
0.916131 
0.916473 
0.916805 
0.917126 
0.917437 
0.917737 
0.918028 
0.918309 
0.918581 
0.918844 
0.919098 
0.919343 
0.91958 
0.919809 
0.92003 
0.920243 
0.920449 
0.920648 
0.920839 
0.921024 
0.921202 
0.921373 
0.921538 
0.921698 
0.921851 
0.921998 
0.92214 
0.922277 
0.922408 
0.922535 
0.922656 
0.922772 
0.922884 
0.922992 
0.923095 
0.923194 
0.923289 
0.92338 
0.923467 
0.92355 
0.923629 
0.923706 
0.923778 
0.923848 
0.923914 
0.923977 
0.924038 
0.924095 
0.92415 
0.924201 
0.924251 
0.924297 
0.924341 
0.924383 
0.924423 
0.92446 
0.924495 
0.924528 
0.924559 
0.924588 
0.924615 
0.92464 
0.924663 
0.924685 
0.924705 
0.924723 
0.92474 
0.924755 
0.924768 
0.924781 
0.924791 
0.924801 
0.924809 
0.924816 
0.924822 
0.924826 
0.92483 
0.924832 
0.924833 
0.924833 
0.924832 
0.92483 
0.924828 
0.924824 
0.924819 
0.924814 
0.924807 
0.9248 
0.924792 
0.924784 
0.924774 
0.924764 
0.924753 
0.924742 
0.92473 
0.924717 
0.924704 
0.92469 
0.924675 
0.92466 
0.924645 
0.924629 
0.924612 
0.924595 
0.924577 
0.924559 
0.924541 
0.924522 
0.924503 
0.924483 
