0.633228 
0.633228 
0.51412 
0.519674 
0.521579 
0.523002 
0.524803 
0.527362 
0.530991 
0.53602 
0.542813 
0.551761 
0.56324 
0.577545 
0.594805 
0.614889 
0.637351 
0.661435 
0.686158 
0.710475 
0.733448 
0.754381 
0.772877 
0.788819 
0.802304 
0.813567 
0.822906 
0.830631 
0.837034 
0.842372 
0.84686 
0.850673 
0.853954 
0.856813 
0.859338 
0.861596 
0.86364 
0.86551 
0.867238 
0.868848 
0.870358 
0.871784 
0.873138 
0.874428 
0.875662 
0.876846 
0.877985 
0.879083 
0.880142 
0.881167 
0.88216 
0.883122 
0.884056 
0.884963 
0.885845 
0.886703 
0.887538 
0.888351 
0.889144 
0.889917 
0.890671 
0.891407 
0.892126 
0.892828 
0.893514 
0.894186 
0.894842 
0.895484 
0.896113 
0.896729 
0.897332 
0.897923 
0.898502 
0.89907 
0.899627 
0.900173 
0.90071 
0.901236 
0.901752 
0.90226 
0.902758 
0.903247 
0.903729 
0.904201 
0.904666 
0.905123 
0.905573 
0.906015 
0.90645 
0.906878 
0.907299 
0.907714 
0.908123 
0.908525 
0.908921 
0.909311 
0.909695 
0.910074 
0.910447 
0.910815 
0.911177 
0.911535 
0.911887 
0.912235 
0.912577 
0.912915 
0.913249 
0.913578 
0.913902 
0.914222 
0.914538 
0.91485 
0.915158 
0.915462 
0.915762 
0.916059 
0.916351 
0.91664 
0.916926 
0.917208 
0.917486 
0.917761 
0.918033 
0.918302 
0.918567 
0.918829 
0.919088 
0.919345 
0.919598 
0.919848 
0.920096 
0.92034 
0.920582 
0.920821 
0.921058 
0.921292 
0.921523 
0.921752 
0.921979 
0.922203 
0.922424 
0.922643 
0.92286 
0.923075 
0.923287 
0.923498 
0.923706 
0.923911 
0.924115 
0.924317 
0.924516 
0.924714 
0.92491 
0.925103 
0.925295 
0.925485 
0.925673 
0.925859 
0.926044 
0.926227 
0.926407 
0.926587 
0.926764 
0.92694 
0.927114 
0.927287 
0.927458 
0.927627 
0.927795 
0.927961 
0.928126 
0.928289 
0.928451 
0.928611 
0.92877 
0.928928 
0.929084 
0.929238 
0.929392 
0.929544 
0.929695 
0.929844 
0.929992 
0.930139 
0.930285 
0.930429 
0.930572 
0.930714 
0.930855 
0.930995 
0.931133 
0.93127 
0.931407 
0.931542 
0.931676 
0.931808 
0.93194 
0.932071 
0.932201 
0.932329 
0.932457 
