0.5 
0.5 
0.171487 
0.210219 
0.27058 
0.325706 
0.367724 
0.407215 
0.448296 
0.49052 
0.532051 
0.571034 
0.606208 
0.637051 
0.663609 
0.686248 
0.705448 
0.721695 
0.735438 
0.747082 
0.756989 
0.765475 
0.772816 
0.779243 
0.784944 
0.79007 
0.794739 
0.799045 
0.803057 
0.80683 
0.810404 
0.813813 
0.81708 
0.820225 
0.823261 
0.826202 
0.829057 
0.831833 
0.834536 
0.837172 
0.839746 
0.84226 
0.844719 
0.847125 
0.849481 
0.851788 
0.85405 
0.856267 
0.858441 
0.860573 
0.862666 
0.86472 
0.866737 
0.868716 
0.870661 
0.87257 
0.874446 
0.876289 
0.878099 
0.879878 
0.881627 
0.883345 
0.885033 
0.886693 
0.888325 
0.889929 
0.891506 
0.893056 
0.894581 
0.896079 
0.897553 
0.899002 
0.900428 
0.901829 
0.903208 
0.904563 
0.905897 
0.907209 
0.908499 
0.909769 
0.911018 
0.912246 
0.913456 
0.914645 
0.915816 
0.916969 
0.918103 
0.919219 
0.920318 
0.921399 
0.922464 
0.923512 
0.924545 
0.925561 
0.926562 
0.927548 
0.928519 
0.929475 
0.930417 
0.931345 
0.932259 
0.933159 
0.934047 
0.934921 
0.935783 
0.936632 
0.937469 
0.938294 
0.939107 
0.939908 
0.940698 
0.941477 
0.942245 
0.943002 
0.943749 
0.944485 
0.945211 
0.945927 
0.946633 
0.947329 
0.948016 
0.948693 
0.949361 
0.95002 
0.95067 
0.951312 
0.951944 
0.952568 
0.953184 
0.953791 
0.954391 
0.954982 
0.955565 
0.956141 
0.956709 
0.957269 
0.957822 
0.958367 
0.958906 
0.959437 
0.959961 
0.960478 
0.960988 
0.961491 
0.961988 
0.962478 
0.962962 
0.963439 
0.96391 
0.964374 
0.964833 
0.965285 
0.965731 
0.966171 
0.966606 
0.967034 
0.967457 
0.967874 
0.968286 
0.968692 
0.969092 
0.969487 
0.969877 
0.970262 
0.970641 
0.971015 
0.971384 
0.971748 
0.972107 
0.972461 
0.972811 
0.973155 
0.973495 
0.97383 
0.97416 
0.974486 
0.974808 
0.975125 
0.975437 
0.975745 
0.976049 
0.976349 
0.976644 
0.976935 
0.977223 
0.977506 
0.977785 
0.97806 
0.978331 
0.978599 
0.978862 
0.979122 
0.979378 
0.979631 
0.97988 
0.980125 
0.980367 
0.980605 
0.98084 
0.981071 
0.981299 
