0.350053 
0.350053 
0.0392971 
0.046428 
0.0520004 
0.0632863 
0.0867828 
0.131478 
0.20405 
0.297696 
0.390182 
0.462404 
0.511227 
0.54291 
0.564279 
0.579868 
0.592208 
0.602621 
0.611791 
0.62008 
0.62769 
0.634745 
0.641324 
0.647486 
0.653277 
0.658732 
0.663882 
0.668755 
0.673372 
0.677755 
0.681922 
0.685889 
0.689672 
0.693282 
0.696732 
0.700033 
0.703194 
0.706225 
0.709134 
0.711927 
0.714613 
0.717197 
0.719685 
0.722083 
0.724394 
0.726625 
0.728779 
0.73086 
0.732872 
0.734818 
0.736701 
0.738525 
0.740291 
0.742004 
0.743664 
0.745275 
0.746839 
0.748357 
0.749832 
0.751265 
0.752658 
0.754012 
0.75533 
0.756612 
0.75786 
0.759076 
0.760259 
0.761413 
0.762537 
0.763632 
0.7647 
0.765742 
0.766759 
0.76775 
0.768718 
0.769663 
0.770586 
0.771487 
0.772367 
0.773227 
0.774067 
0.774888 
0.775691 
0.776476 
0.777244 
0.777994 
0.778728 
0.779447 
0.78015 
0.780837 
0.781511 
0.782169 
0.782815 
0.783446 
0.784064 
0.78467 
0.785263 
0.785844 
0.786413 
0.786971 
0.787517 
0.788053 
0.788578 
0.789092 
0.789596 
0.79009 
0.790574 
0.791049 
0.791514 
0.791971 
0.792418 
0.792857 
0.793287 
0.793709 
0.794123 
0.794529 
0.794927 
0.795318 
0.795701 
0.796077 
0.796445 
0.796807 
0.797162 
0.79751 
0.797851 
0.798186 
0.798515 
0.798838 
0.799154 
0.799464 
0.799769 
0.800068 
0.800361 
0.800649 
0.800931 
0.801208 
0.801479 
0.801746 
0.802007 
0.802264 
0.802516 
0.802762 
0.803004 
0.803242 
0.803475 
0.803703 
0.803928 
0.804147 
0.804363 
0.804574 
0.804782 
0.804985 
0.805184 
0.80538 
0.805571 
0.805759 
0.805943 
0.806123 
0.8063 
0.806473 
0.806643 
0.806809 
0.806972 
0.807131 
0.807288 
0.807441 
0.80759 
0.807737 
0.807881 
0.808021 
0.808159 
0.808293 
0.808425 
0.808553 
0.808679 
0.808802 
0.808923 
0.80904 
0.809155 
0.809267 
0.809377 
0.809484 
0.809589 
0.809691 
0.80979 
0.809887 
0.809982 
0.810074 
0.810164 
0.810252 
0.810337 
0.81042 
0.810501 
0.810579 
0.810656 
0.81073 
0.810802 
0.810872 
0.81094 
0.811006 
0.81107 
