0.5 
0.5 
0.0820918 
0.0878459 
0.0872528 
0.0870577 
0.0883332 
0.0915333 
0.0971841 
0.105965 
0.118698 
0.136283 
0.159552 
0.189037 
0.224684 
0.265598 
0.310005 
0.355504 
0.399572 
0.440118 
0.475827 
0.506214 
0.531452 
0.552113 
0.568937 
0.582671 
0.593983 
0.603427 
0.611446 
0.618378 
0.624482 
0.629948 
0.63492 
0.639501 
0.64377 
0.647784 
0.651585 
0.655205 
0.658669 
0.661995 
0.665198 
0.668289 
0.671278 
0.674172 
0.676977 
0.6797 
0.682344 
0.684915 
0.687415 
0.689849 
0.692219 
0.694528 
0.696779 
0.698974 
0.701115 
0.703205 
0.705246 
0.707239 
0.709186 
0.71109 
0.712951 
0.714771 
0.716552 
0.718295 
0.720001 
0.721671 
0.723308 
0.724911 
0.726482 
0.728022 
0.729532 
0.731013 
0.732466 
0.733892 
0.735291 
0.736664 
0.738013 
0.739337 
0.740638 
0.741916 
0.743171 
0.744406 
0.745619 
0.746812 
0.747985 
0.749139 
0.750274 
0.75139 
0.752489 
0.753571 
0.754635 
0.755683 
0.756715 
0.757732 
0.758733 
0.759719 
0.76069 
0.761648 
0.762591 
0.763521 
0.764438 
0.765341 
0.766232 
0.767111 
0.767978 
0.768832 
0.769676 
0.770507 
0.771328 
0.772138 
0.772938 
0.773727 
0.774505 
0.775274 
0.776033 
0.776783 
0.777523 
0.778254 
0.778976 
0.779689 
0.780394 
0.78109 
0.781777 
0.782457 
0.783129 
0.783792 
0.784448 
0.785097 
0.785738 
0.786371 
0.786998 
0.787618 
0.78823 
0.788836 
0.789435 
0.790028 
0.790614 
0.791194 
0.791768 
0.792335 
0.792897 
0.793452 
0.794002 
0.794546 
0.795085 
0.795618 
0.796145 
0.796668 
0.797185 
0.797696 
0.798203 
0.798705 
0.799201 
0.799693 
0.80018 
0.800663 
0.80114 
0.801613 
0.802082 
0.802546 
0.803006 
0.803462 
0.803913 
0.80436 
0.804803 
0.805242 
0.805677 
0.806108 
0.806535 
0.806958 
0.807378 
0.807794 
0.808206 
0.808614 
0.809019 
0.80942 
0.809818 
0.810213 
0.810604 
0.810992 
0.811376 
0.811757 
0.812135 
0.81251 
0.812882 
0.81325 
0.813616 
0.813979 
0.814338 
0.814695 
0.815049 
0.8154 
0.815748 
0.816093 
0.816436 
0.816775 
0.817113 
0.817447 
0.817779 
0.818108 
0.818435 
