0.5 
0.5 
0.0797227 
0.0857887 
0.0901462 
0.0998648 
0.121403 
0.163528 
0.232741 
0.322516 
0.411377 
0.480808 
0.527713 
0.5581 
0.578547 
0.59343 
0.605192 
0.615109 
0.62384 
0.631734 
0.638984 
0.645708 
0.651982 
0.657861 
0.663389 
0.668598 
0.673519 
0.678176 
0.682591 
0.686784 
0.690772 
0.69457 
0.698192 
0.70165 
0.704956 
0.70812 
0.711151 
0.714058 
0.716848 
0.719529 
0.722107 
0.724587 
0.726976 
0.729279 
0.731499 
0.733643 
0.735712 
0.737713 
0.739647 
0.741517 
0.743328 
0.745082 
0.746782 
0.748429 
0.750027 
0.751577 
0.753082 
0.754543 
0.755963 
0.757342 
0.758684 
0.759988 
0.761257 
0.762492 
0.763694 
0.764865 
0.766005 
0.767116 
0.768199 
0.769254 
0.770284 
0.771288 
0.772267 
0.773223 
0.774156 
0.775066 
0.775956 
0.776824 
0.777672 
0.778501 
0.779311 
0.780103 
0.780877 
0.781633 
0.782373 
0.783097 
0.783805 
0.784497 
0.785175 
0.785838 
0.786487 
0.787122 
0.787744 
0.788352 
0.788949 
0.789532 
0.790104 
0.790664 
0.791213 
0.79175 
0.792277 
0.792793 
0.793298 
0.793794 
0.794279 
0.794755 
0.795222 
0.795679 
0.796127 
0.796567 
0.796998 
0.797421 
0.797835 
0.798241 
0.79864 
0.799031 
0.799414 
0.79979 
0.800159 
0.80052 
0.800875 
0.801223 
0.801564 
0.801899 
0.802228 
0.80255 
0.802866 
0.803176 
0.80348 
0.803778 
0.804071 
0.804358 
0.80464 
0.804916 
0.805187 
0.805453 
0.805713 
0.805969 
0.80622 
0.806466 
0.806708 
0.806944 
0.807176 
0.807404 
0.807627 
0.807846 
0.808061 
0.808271 
0.808478 
0.80868 
0.808878 
0.809073 
0.809263 
0.80945 
0.809633 
0.809813 
0.809988 
0.81016 
0.810329 
0.810494 
0.810656 
0.810815 
0.81097 
0.811122 
0.811271 
0.811416 
0.811559 
0.811698 
0.811834 
0.811968 
0.812098 
0.812226 
0.812351 
0.812473 
0.812592 
0.812709 
0.812822 
0.812934 
0.813042 
0.813148 
0.813252 
0.813353 
0.813451 
0.813547 
0.813641 
0.813732 
0.813821 
0.813907 
0.813992 
0.814074 
0.814153 
0.814231 
0.814306 
0.81438 
0.814451 
0.81452 
0.814587 
0.814652 
0.814715 
0.814776 
0.814835 
