0.5 
0.5 
0.155869 
0.196183 
0.258653 
0.315479 
0.358804 
0.399378 
0.441393 
0.484432 
0.526667 
0.566251 
0.601935 
0.633208 
0.66013 
0.683077 
0.70254 
0.719012 
0.732948 
0.744759 
0.754808 
0.763419 
0.77087 
0.777394 
0.783182 
0.788386 
0.793128 
0.797499 
0.801572 
0.805402 
0.809031 
0.81249 
0.815805 
0.818994 
0.822075 
0.825057 
0.827951 
0.830765 
0.833504 
0.836176 
0.838783 
0.84133 
0.84382 
0.846257 
0.848642 
0.850978 
0.853267 
0.855511 
0.857711 
0.85987 
0.861987 
0.864065 
0.866105 
0.868108 
0.870075 
0.872006 
0.873904 
0.875768 
0.877599 
0.879398 
0.881167 
0.882904 
0.884612 
0.886291 
0.887941 
0.889564 
0.891158 
0.892726 
0.894268 
0.895784 
0.897275 
0.898741 
0.900182 
0.9016 
0.902995 
0.904366 
0.905715 
0.907043 
0.908348 
0.909633 
0.910897 
0.91214 
0.913364 
0.914568 
0.915753 
0.91692 
0.918068 
0.919198 
0.92031 
0.921405 
0.922483 
0.923545 
0.92459 
0.925619 
0.926633 
0.927631 
0.928615 
0.929583 
0.930537 
0.931477 
0.932403 
0.933316 
0.934215 
0.935101 
0.935974 
0.936835 
0.937683 
0.938519 
0.939343 
0.940155 
0.940956 
0.941745 
0.942524 
0.943291 
0.944048 
0.944794 
0.94553 
0.946256 
0.946972 
0.947677 
0.948374 
0.94906 
0.949738 
0.950406 
0.951065 
0.951715 
0.952357 
0.95299 
0.953614 
0.95423 
0.954838 
0.955437 
0.956029 
0.956612 
0.957188 
0.957756 
0.958317 
0.95887 
0.959416 
0.959954 
0.960486 
0.96101 
0.961527 
0.962038 
0.962542 
0.963038 
0.963529 
0.964013 
0.96449 
0.964961 
0.965426 
0.965884 
0.966337 
0.966783 
0.967224 
0.967658 
0.968087 
0.96851 
0.968927 
0.969338 
0.969744 
0.970145 
0.97054 
0.97093 
0.971314 
0.971694 
0.972068 
0.972437 
0.972801 
0.97316 
0.973514 
0.973863 
0.974207 
0.974547 
0.974882 
0.975212 
0.975538 
0.975859 
0.976175 
0.976488 
0.976796 
0.977099 
0.977399 
0.977694 
0.977985 
0.978272 
0.978554 
0.978833 
0.979108 
0.979379 
0.979646 
0.979909 
0.980169 
0.980425 
0.980677 
0.980925 
0.98117 
0.981411 
0.981649 
0.981884 
0.982115 
