0.5 
0.5 
0.0801119 
0.0941825 
0.096365 
0.0970261 
0.098508 
0.101662 
0.107081 
0.115369 
0.127202 
0.143311 
0.164405 
0.191049 
0.223488 
0.261477 
0.304161 
0.35008 
0.397339 
0.443912 
0.487976 
0.528172 
0.563716 
0.594366 
0.620301 
0.641963 
0.659919 
0.674767 
0.687067 
0.697311 
0.705914 
0.713218 
0.719494 
0.724958 
0.729777 
0.734083 
0.737978 
0.741539 
0.744826 
0.747888 
0.750761 
0.753472 
0.756046 
0.758498 
0.760845 
0.763096 
0.765262 
0.76735 
0.769367 
0.771317 
0.773207 
0.775039 
0.776818 
0.778546 
0.780226 
0.781861 
0.783453 
0.785004 
0.786516 
0.787991 
0.789431 
0.790836 
0.792209 
0.793551 
0.794862 
0.796145 
0.7974 
0.798629 
0.799831 
0.801009 
0.802163 
0.803295 
0.804403 
0.805491 
0.806558 
0.807604 
0.808632 
0.80964 
0.81063 
0.811603 
0.812559 
0.813498 
0.814421 
0.815328 
0.81622 
0.817098 
0.817961 
0.81881 
0.819646 
0.820468 
0.821278 
0.822075 
0.82286 
0.823633 
0.824394 
0.825145 
0.825884 
0.826612 
0.82733 
0.828038 
0.828736 
0.829424 
0.830102 
0.830771 
0.831431 
0.832082 
0.832725 
0.833358 
0.833984 
0.834601 
0.83521 
0.835811 
0.836405 
0.836991 
0.83757 
0.838142 
0.838706 
0.839263 
0.839814 
0.840358 
0.840895 
0.841426 
0.841951 
0.84247 
0.842982 
0.843488 
0.843989 
0.844484 
0.844973 
0.845456 
0.845935 
0.846407 
0.846875 
0.847337 
0.847794 
0.848247 
0.848694 
0.849137 
0.849574 
0.850007 
0.850436 
0.85086 
0.851279 
0.851695 
0.852105 
0.852512 
0.852914 
0.853313 
0.853707 
0.854097 
0.854484 
0.854866 
0.855245 
0.85562 
0.855991 
0.856359 
0.856723 
0.857084 
0.857441 
0.857795 
0.858145 
0.858492 
0.858836 
0.859177 
0.859514 
0.859849 
0.86018 
0.860508 
0.860833 
0.861155 
0.861475 
0.861791 
0.862105 
0.862416 
0.862724 
0.863029 
0.863332 
0.863632 
0.863929 
0.864224 
0.864517 
0.864806 
0.865094 
0.865379 
0.865661 
0.865941 
0.866219 
0.866494 
0.866768 
0.867038 
0.867307 
0.867574 
0.867838 
0.8681 
0.86836 
0.868618 
0.868874 
0.869128 
0.86938 
0.869629 
0.869877 
