0.5 
0.5 
0.138533 
0.178005 
0.251487 
0.333757 
0.415705 
0.493897 
0.560925 
0.613606 
0.652777 
0.681344 
0.702624 
0.719262 
0.733025 
0.745002 
0.755849 
0.765955 
0.775549 
0.784765 
0.793678 
0.802325 
0.810717 
0.818851 
0.826715 
0.83429 
0.841558 
0.8485 
0.855101 
0.86135 
0.86724 
0.872772 
0.877949 
0.88278 
0.887279 
0.891459 
0.895341 
0.898943 
0.902285 
0.905388 
0.908272 
0.910956 
0.913459 
0.915799 
0.91799 
0.920047 
0.921985 
0.923814 
0.925547 
0.927191 
0.928757 
0.930252 
0.931682 
0.933054 
0.934373 
0.935643 
0.936869 
0.938055 
0.939204 
0.940318 
0.9414 
0.942452 
0.943477 
0.944476 
0.94545 
0.946401 
0.94733 
0.948239 
0.949128 
0.949998 
0.95085 
0.951684 
0.952503 
0.953305 
0.954091 
0.954863 
0.95562 
0.956363 
0.957092 
0.957809 
0.958512 
0.959203 
0.959881 
0.960548 
0.961203 
0.961846 
0.962478 
0.9631 
0.963711 
0.964311 
0.964901 
0.965481 
0.966051 
0.966612 
0.967163 
0.967705 
0.968238 
0.968762 
0.969277 
0.969784 
0.970282 
0.970772 
0.971254 
0.971728 
0.972193 
0.972652 
0.973102 
0.973545 
0.973981 
0.97441 
0.974831 
0.975246 
0.975653 
0.976054 
0.976448 
0.976836 
0.977217 
0.977592 
0.97796 
0.978323 
0.978679 
0.97903 
0.979374 
0.979713 
0.980046 
0.980373 
0.980695 
0.981011 
0.981322 
0.981628 
0.981929 
0.982224 
0.982514 
0.982799 
0.98308 
0.983355 
0.983626 
0.983892 
0.984153 
0.98441 
0.984662 
0.98491 
0.985154 
0.985393 
0.985628 
0.985858 
0.986085 
0.986307 
0.986526 
0.98674 
0.986951 
0.987157 
0.98736 
0.98756 
0.987755 
0.987947 
0.988135 
0.98832 
0.988502 
0.98868 
0.988854 
0.989026 
0.989194 
0.989359 
0.989521 
0.989679 
0.989835 
0.989987 
0.990137 
0.990284 
0.990428 
0.990569 
0.990707 
0.990843 
0.990976 
0.991106 
0.991234 
0.991359 
0.991482 
0.991602 
0.99172 
0.991835 
0.991948 
0.992059 
0.992167 
0.992274 
0.992378 
0.99248 
0.99258 
0.992678 
0.992773 
0.992867 
0.992959 
0.993049 
0.993137 
0.993223 
0.993308 
0.993391 
0.993471 
0.993551 
0.993628 
