0.5 
0.5 
0.135991 
0.172758 
0.215692 
0.266437 
0.312125 
0.347916 
0.377352 
0.404263 
0.430533 
0.456753 
0.482898 
0.508674 
0.533702 
0.557609 
0.580082 
0.600891 
0.619896 
0.637043 
0.652355 
0.665917 
0.67786 
0.688344 
0.697541 
0.705626 
0.712763 
0.7191 
0.724768 
0.729881 
0.734532 
0.738801 
0.74275 
0.746434 
0.749893 
0.753163 
0.756271 
0.75924 
0.762087 
0.764826 
0.76747 
0.770028 
0.772508 
0.774916 
0.777257 
0.779536 
0.781756 
0.78392 
0.786031 
0.788091 
0.790102 
0.792065 
0.793982 
0.795854 
0.797683 
0.799468 
0.801212 
0.802914 
0.804577 
0.806199 
0.807783 
0.809328 
0.810836 
0.812307 
0.813741 
0.81514 
0.816503 
0.817831 
0.819125 
0.820386 
0.821613 
0.822808 
0.823971 
0.825103 
0.826203 
0.827273 
0.828314 
0.829325 
0.830308 
0.831262 
0.832189 
0.833089 
0.833962 
0.834809 
0.835632 
0.836429 
0.837202 
0.837951 
0.838677 
0.83938 
0.840062 
0.840721 
0.84136 
0.841978 
0.842576 
0.843154 
0.843714 
0.844254 
0.844777 
0.845282 
0.84577 
0.846241 
0.846696 
0.847135 
0.847559 
0.847967 
0.848362 
0.848742 
0.849108 
0.849461 
0.849801 
0.850128 
0.850443 
0.850747 
0.851039 
0.851319 
0.851589 
0.851848 
0.852097 
0.852336 
0.852565 
0.852786 
0.852997 
0.853199 
0.853393 
0.853578 
0.853756 
0.853925 
0.854087 
0.854242 
0.85439 
0.854531 
0.854666 
0.854794 
0.854915 
0.855031 
0.855141 
0.855245 
0.855344 
0.855437 
0.855525 
0.855608 
0.855687 
0.855761 
0.85583 
0.855895 
0.855955 
0.856012 
0.856064 
0.856113 
0.856157 
0.856199 
0.856236 
0.856271 
0.856302 
0.856329 
0.856354 
0.856376 
0.856395 
0.856411 
0.856424 
0.856435 
0.856443 
0.856449 
0.856452 
0.856453 
0.856452 
0.856449 
0.856443 
0.856436 
0.856427 
0.856415 
0.856402 
0.856387 
0.85637 
0.856352 
0.856332 
0.856311 
0.856288 
0.856263 
0.856237 
0.85621 
0.856181 
0.856151 
0.85612 
0.856088 
0.856055 
0.85602 
0.855984 
0.855948 
0.85591 
0.855871 
0.855832 
0.855791 
0.85575 
0.855707 
0.855664 
0.85562 
0.855575 
0.85553 
0.855484 
