0.5 
0.5 
0.0771031 
0.0833743 
0.0832612 
0.0834033 
0.0849186 
0.0883001 
0.0941004 
0.103017 
0.115884 
0.133609 
0.157031 
0.186685 
0.222516 
0.263627 
0.308235 
0.353931 
0.398185 
0.438898 
0.474752 
0.50526 
0.530599 
0.551342 
0.568234 
0.582024 
0.593382 
0.602866 
0.610918 
0.61788 
0.62401 
0.629501 
0.634494 
0.639096 
0.643384 
0.647415 
0.651233 
0.654869 
0.658349 
0.661689 
0.664906 
0.668011 
0.671012 
0.673919 
0.676736 
0.67947 
0.682126 
0.684708 
0.687218 
0.689662 
0.692042 
0.69436 
0.69662 
0.698824 
0.700974 
0.703073 
0.705121 
0.707123 
0.709078 
0.710989 
0.712857 
0.714684 
0.716472 
0.718222 
0.719935 
0.721612 
0.723254 
0.724864 
0.726441 
0.727987 
0.729503 
0.730989 
0.732448 
0.733879 
0.735283 
0.736661 
0.738015 
0.739344 
0.74065 
0.741932 
0.743193 
0.744431 
0.745649 
0.746846 
0.748024 
0.749182 
0.750321 
0.751441 
0.752544 
0.75363 
0.754698 
0.75575 
0.756786 
0.757806 
0.75881 
0.7598 
0.760775 
0.761736 
0.762682 
0.763615 
0.764535 
0.765442 
0.766336 
0.767218 
0.768088 
0.768945 
0.769791 
0.770626 
0.77145 
0.772262 
0.773065 
0.773856 
0.774638 
0.775409 
0.776171 
0.776923 
0.777666 
0.778399 
0.779123 
0.779839 
0.780546 
0.781244 
0.781934 
0.782616 
0.78329 
0.783956 
0.784614 
0.785265 
0.785908 
0.786544 
0.787172 
0.787794 
0.788409 
0.789016 
0.789618 
0.790212 
0.7908 
0.791382 
0.791958 
0.792527 
0.79309 
0.793648 
0.7942 
0.794745 
0.795286 
0.79582 
0.79635 
0.796874 
0.797392 
0.797906 
0.798414 
0.798917 
0.799415 
0.799909 
0.800398 
0.800881 
0.801361 
0.801835 
0.802305 
0.802771 
0.803232 
0.803689 
0.804142 
0.804591 
0.805035 
0.805475 
0.805912 
0.806344 
0.806772 
0.807197 
0.807618 
0.808035 
0.808448 
0.808858 
0.809264 
0.809667 
0.810066 
0.810462 
0.810854 
0.811243 
0.811629 
0.812011 
0.81239 
0.812766 
0.813139 
0.813509 
0.813876 
0.814239 
0.8146 
0.814958 
0.815313 
0.815665 
0.816014 
0.81636 
0.816704 
0.817045 
0.817383 
0.817719 
0.818051 
0.818382 
0.81871 
