0.001
0.00351054
0.00640201
0.00952123
0.0127832
0.0161374
0.019552
0.023006
0.026485
0.0299791
0.0334809
0.0369853
0.0404886
0.0439881
0.0474818
0.0509683
0.0544465
0.0579157
0.0613755
0.0648254
0.0682653
0.071695
0.0751143
0.0785233
0.0819219
0.0853101
0.088688
0.0920554
0.0954126
0.0987594
0.102096
0.105422
0.108738
0.112044
0.115339
0.118624
0.121899
0.125164
0.128419
0.131663
0.134897
0.13812
0.141334
0.144537
0.14773
0.150912
0.154084
0.157246
0.160397
0.163538
0.166668
0.169788
0.172898
0.175997
0.179085
0.182164
0.185231
0.188288
0.191335
0.194371
0.197396
0.200411
0.203415
0.206409
0.209392
0.212365
0.215327
0.218278
0.221219
0.22415
0.227069
0.229978
0.232877
0.235765
0.238642
0.241509
0.244365
0.247211
0.250046
0.252871
0.255685
0.258489
0.261282
0.264065
0.266837
0.269599
0.272351
0.275092
0.277822
0.280543
0.283253
0.285952
0.288641
0.29132
0.293989
0.296648
0.299296
0.301934
0.304562
0.307179
0.309787
0.312384
0.314972
0.317549
0.320116
0.322673
0.325221
0.327758
0.330285
0.332803
0.33531
0.337808
0.340296
0.342774
0.345243
0.347701
0.35015
0.352589
0.355019
0.357439
0.359849
0.36225
0.364641
0.367023
0.369395
0.371758
0.374112
0.376456
0.378791
0.381116
0.383432
0.385739
0.388036
0.390325
0.392604
0.394874
0.397135
0.399387
0.40163
0.403864
0.406089
0.408305
0.410511
0.41271
0.414899
0.417079
0.419251
0.421414
0.423568
0.425713
0.42785
0.429978
0.432097
0.434208
0.436311
0.438404
0.44049
0.442567
0.444635
0.446695
0.448747
0.45079
0.452825
0.454852
0.45687
0.458881
0.460883
0.462877
0.464862
0.46684
0.46881
0.470771
0.472725
0.474671
0.476608
0.478538
0.48046
0.482374
0.48428
0.486179
0.48807
0.489952
0.491828
0.493695
0.495555
0.497407
0.499252
0.501089
0.502919
0.504741
0.506556
0.508363
0.510162
0.511955
0.51374
0.515518
0.517288
0.519051
0.520807
0.522555
0.524297
0.526031
0.527758
0.529478
0.531191
0.532897
0.534596
0.536288
0.537973
0.539651
0.541322
0.542986
0.544643
0.546293
0.547937
0.549574
0.551204
0.552827
0.554444
0.556054
0.557657
0.559254
0.560844
0.562427
0.564004
0.565575
0.567138
0.568696
0.570247
0.571791
0.57333
0.574861
0.576387
0.577906
0.579419
0.580925
0.582426
0.58392
0.585408
0.58689
0.588365
0.589835
0.591298
0.592755
0.594207
0.595652
0.597091
0.598524
0.599952
0.601373
0.602788
0.604198
0.605602
0.607
0.608392
0.609778
0.611158
0.612533
0.613902
0.615265
0.616623
0.617975
0.619321
0.620662
0.621997
0.623327
0.624651
0.62597
0.627283
0.62859
0.629892
0.631189
0.63248
0.633766
0.635047
0.636322
0.637592
0.638857
0.640116
0.64137
0.642619
0.643862
0.645101
0.646334
0.647562
0.648785
0.650003
0.651215
0.652423
0.653626
0.654823
0.656016
0.657203
0.658386
0.659564
0.660736
0.661904
0.663067
0.664225
0.665378
0.666527
0.66767
0.668809
0.669943
0.671072
0.672197
0.673317
0.674432
0.675542
0.676648
0.677749
0.678846
0.679938
0.681025
0.682108
0.683186
0.68426
0.685329
0.686394
0.687454
0.68851
0.689561
0.690608
0.691651
0.692689
0.693723
0.694752
0.695777
0.696798
0.697815
0.698827
0.699835
0.700839
0.701838
0.702834
0.703825
0.704812
0.705795
0.706774
0.707748
0.708719
0.709685
0.710647
0.711606
0.71256
0.71351
0.714456
0.715399
0.716337
0.717271
0.718202
0.719128
0.720051
0.720969
0.721884
0.722795
0.723702
0.724606
0.725505
0.726401
0.727293
0.728181
0.729065
0.729946
0.730823
0.731696
0.732566
0.733431
0.734294
0.735152
0.736007
0.736859
0.737706
0.738551
0.739391
0.740228
0.741062
0.741892
0.742718
0.743541
0.744361
0.745177
0.745989
0.746799
0.747604
0.748407
0.749206
0.750001
0.750794
0.751582
0.752368
0.75315
0.753929
0.754705
0.755477
0.756246
0.757012
0.757774
0.758534
0.75929
0.760043
0.760792
0.761539
0.762282
0.763023
0.76376
0.764494
0.765224
0.765952
0.766677
0.767399
0.768117
0.768833
0.769545
0.770255
0.770961
0.771664
0.772365
0.773062
0.773757
0.774449
0.775137
0.775823
0.776506
0.777186
0.777863
0.778537
0.779208
0.779877
0.780542
0.781205
0.781865
0.782522
0.783177
0.783828
0.784477
0.785123
0.785767
0.786407
0.787045
0.78768
0.788313
0.788943
0.78957
0.790194
0.790816
0.791435
0.792052
0.792666
0.793277
0.793886
0.794492
0.795095
0.795696
0.796295
0.796891
0.797484
0.798075
0.798663
0.799249
0.799832
0.800413
0.800991
0.801567
0.802141
0.802712
0.80328
0.803846
0.80441
0.804971
0.80553
0.806087
0.806641
0.807193
0.807742
0.80829
0.808834
0.809377
0.809917
0.810455
0.810991
0.811524
0.812055
0.812584
0.81311
0.813634
0.814157
0.814676
0.815194
0.815709
0.816223
0.816734
0.817242
0.817749
0.818254
0.818756
0.819256
0.819754
0.82025
0.820744
0.821236
0.821725
0.822213
0.822698
0.823182
0.823663
0.824142
0.82462
0.825095
0.825568
0.826039
0.826508
0.826975
0.827441
0.827904
0.828365
0.828824
0.829281
0.829737
0.83019
0.830641
0.831091
0.831538
0.831984
0.832428
0.83287
0.83331
0.833748
0.834184
0.834618
0.835051
0.835481
0.83591
0.836337
0.836762
0.837186
0.837607
0.838027
0.838445
0.838861
0.839275
0.839688
0.840099
0.840508
0.840915
0.841321
0.841725
0.842127
0.842527
0.842926
0.843323
0.843718
0.844112
0.844503
0.844894
0.845282
0.845669
0.846054
0.846438
0.84682
0.8472
0.847579
0.847956
0.848331
0.848705
0.849077
0.849448
0.849817
0.850185
0.850551
0.850915
0.851278
0.851639
0.851999
0.852357
0.852713
0.853068
0.853422
0.853774
0.854125
0.854474
0.854821
0.855167
0.855512
0.855855
0.856196
0.856537
0.856875
0.857213
0.857548
0.857883
0.858216
0.858547
0.858877
0.859206
0.859533
0.859859
0.860183
0.860507
0.860828
0.861148
0.861467
0.861785
0.862101
0.862416
0.86273
0.863042
0.863352
0.863662
0.86397
0.864277
0.864582
0.864887
0.86519
0.865491
0.865791
0.86609
0.866388
0.866685
0.86698
0.867274
0.867566
0.867858
0.868148
0.868437
0.868724
0.869011
0.869296
0.86958
0.869863
0.870144
0.870425
0.870704
0.870982
0.871258
0.871534
0.871808
0.872081
0.872353
0.872624
0.872894
0.873163
0.87343
0.873696
0.873961
0.874225
0.874488
0.87475
0.87501
0.87527
0.875528
0.875785
0.876041
0.876296
0.87655
0.876803
0.877055
0.877305
0.877555
0.877803
0.878051
0.878297
0.878542
0.878787
0.87903
0.879272
0.879513
0.879753
0.879992
0.88023
0.880467
0.880703
0.880938
0.881172
0.881405
0.881637
0.881868
0.882098
0.882327
0.882555
0.882782
0.883008
0.883233
0.883457
0.88368
0.883902
0.884124
0.884344
0.884563
0.884781
0.884999
0.885215
0.885431
0.885646
0.885859
0.886072
0.886284
0.886495
0.886705
0.886914
0.887122
0.88733
0.887536
0.887742
0.887946
0.88815
0.888353
0.888555
0.888756
0.888957
0.889156
0.889355
0.889552
0.889749
0.889945
0.89014
0.890335
0.890528
0.890721
0.890913
0.891104
0.891294
0.891483
0.891672
0.89186
0.892047
0.892233
0.892418
0.892603
0.892787
0.892969
0.893152
0.893333
0.893514
0.893693
0.893873
0.894051
0.894228
0.894405
0.894581
0.894756
0.894931
0.895104
0.895277
0.89545
0.895621
0.895792
0.895962
0.896131
0.8963
0.896468
0.896635
0.896801
0.896967
0.897132
0.897296
0.897459
0.897622
0.897784
0.897946
0.898106
0.898267
0.898426
0.898585
0.898742
0.8989
0.899056
0.899212
0.899368
0.899522
0.899676
0.899829
0.899982
0.900134
0.900285
0.900436
0.900586
0.900735
0.900884
0.901032
0.901179
0.901326
0.901472
0.901618
0.901763
0.901907
0.902051
0.902194
0.902336
0.902478
0.902619
0.90276
0.9029
0.903039
0.903178
0.903316
0.903453
0.90359
0.903727
0.903863
0.903998
0.904132
0.904266
0.9044
0.904533
0.904665
0.904797
0.904928
0.905059
0.905189
0.905318
0.905447
0.905575
0.905703
0.905831
0.905957
0.906083
0.906209
0.906334
0.906459
0.906583
0.906706
0.906829
0.906951
0.907073
0.907195
0.907316
0.907436
0.907556
0.907675
0.907794
0.907912
0.90803
0.908147
0.908264
0.90838
0.908495
0.908611
0.908725
0.90884
0.908953
0.909067
0.909179
0.909292
0.909403
0.909515
0.909625
0.909736
0.909846
0.909955
0.910064
0.910172
0.91028
0.910388
0.910495
0.910601
0.910708
0.910813
0.910918
0.911023
0.911127
0.911231
0.911335
0.911438
0.91154
0.911642
0.911744
0.911845
0.911946
0.912046
0.912146
0.912245
0.912344
0.912443
0.912541
0.912639
0.912736
0.912833
0.91293
0.913026
0.913121
0.913216
0.913311
0.913406
0.9135
0.913593
0.913686
0.913779
0.913872
0.913964
0.914055
0.914146
0.914237
0.914328
0.914418
0.914507
0.914596
0.914685
0.914774
0.914862
0.91495
0.915037
0.915124
0.91521
0.915297
0.915382
0.915468
0.915553
0.915638
0.915722
0.915806
0.91589
0.915973
0.916056
0.916138
0.916221
0.916302
0.916384
0.916465
0.916546
0.916626
0.916706
0.916786
0.916865
0.916944
0.917023
0.917102
0.91718
0.917257
0.917335
0.917412
0.917488
0.917565
0.917641
0.917716
0.917792
0.917867
0.917942
0.918016
0.91809
0.918164
0.918237
0.91831
0.918383
0.918456
0.918528
0.9186
0.918671
0.918742
0.918813
0.918884
0.918954
0.919024
0.919094
0.919163
0.919232
0.919301
0.91937
0.919438
0.919506
0.919574
0.919641
0.919708
0.919775
0.919841
0.919907
0.919973
0.920039
0.920104
0.920169
0.920234
0.920298
0.920363
0.920426
0.92049
0.920554
0.920617
0.920679
0.920742
0.920804
0.920866
0.920928
0.920989
0.921051
0.921112
0.921172
0.921233
0.921293
0.921353
0.921412
0.921472
0.921531
0.92159
0.921648
0.921707
0.921765
0.921823
0.92188
0.921938
0.921995
0.922052
0.922108
0.922165
0.922221
0.922277
0.922332
0.922388
0.922443
0.922498
0.922552
0.922607
0.922661
0.922715
0.922769
0.922822
0.922876
0.922929
0.922981
0.923034
0.923086
0.923139
0.92319
0.923242
0.923294
0.923345
0.923396
0.923447
0.923497
0.923548
0.923598
0.923648
0.923697
0.923747
0.923796
0.923845
0.923894
0.923943
0.923991
0.924039
0.924087
0.924135
0.924183
0.92423
0.924277
0.924324
0.924371
0.924418
0.924464
0.92451
0.924556
0.924602
0.924647
0.924693
0.924738
0.924783
0.924828
0.924872
0.924917
0.924961
0.925005
0.925049
0.925093
0.925136
0.925179
0.925222
0.925265
0.925308
0.92535
0.925393
0.925435
0.925477
0.925519
0.92556
0.925602
0.925643
0.925684
0.925725
0.925766
0.925806
0.925847
0.925887
0.925927
0.925967
0.926006
0.926046
0.926085
0.926124
0.926163
0.926202
0.926241
0.926279
0.926318
0.926356
0.926394
0.926431
0.926469
0.926507
0.926544
0.926581
0.926618
0.926655
0.926692
0.926728
0.926765
0.926801
0.926837
0.926873
0.926909
0.926944
0.92698
0.927015
0.92705
0.927085
0.92712
0.927154
0.927189
0.927223
0.927258
0.927292
0.927326
0.927359
0.927393
0.927427
0.92746
0.927493
0.927526
0.927559
0.927592
0.927624
0.927657
0.927689
0.927722
0.927754
0.927786
0.927817
0.927849
0.927881
0.927912
0.927943
0.927974
0.928005
0.928036
0.928067
0.928097
0.928128
0.928158
0.928188
0.928218
0.928248
0.928278
0.928308
0.928337
0.928367
0.928396
0.928425
0.928454
0.928483
0.928512
0.928541
0.928569
0.928597
0.928626
0.928654
0.928682
0.92871
0.928738
0.928765
0.928793
0.92882
0.928848
0.928875
0.928902
0.928929
0.928956
0.928982
0.929009
0.929036
0.929062
0.929088
0.929114
0.92914
0.929166
0.929192
0.929218
0.929243
0.929269
0.929294
0.92932
0.929345
0.92937
0.929395
0.92942
0.929444
0.929469
0.929493
0.929518
0.929542
0.929566
0.92959
0.929614
0.929638
0.929662
0.929686
0.929709
0.929733
0.929756
0.929779
0.929803
0.929826
0.929849
0.929871
0.929894
0.929917
0.92994
0.929962
0.929984
0.930007
0.930029
0.930051
0.930073
0.930095
0.930117
0.930138
0.93016
0.930181
0.930203
0.930224
0.930245
0.930267
0.930288
0.930309
0.93033
0.93035
0.930371
0.930392
0.930412
0.930433
0.930453
0.930473
0.930493
0.930513
0.930533
0.930553
0.930573
0.930593
0.930612
0.930632
0.930652
0.930671
0.93069
0.930709
0.930729
0.930748
0.930767
0.930786
0.930804
0.930823
0.930842
0.93086
0.930879
0.930897
0.930916
0.930934
0.930952
0.93097
0.930988
0.931006
0.931024
0.931042
0.931059
0.931077
0.931095
0.931112
0.931129
0.931147
0.931164
0.931181
0.931198
0.931215
0.931232
0.931249
0.931266
0.931283
0.931299
0.931316
0.931333
0.931349
0.931365
0.931382
0.931398
0.931414
0.93143
0.931446
0.931462
0.931478
0.931494
0.93151
0.931525
0.931541
0.931556
0.931572
0.931587
0.931603
0.931618
0.931633
0.931648
0.931663
0.931678
0.931693
0.931708
0.931723
0.931738
0.931753
0.931767
0.931782
0.931796
0.931811
0.931825
0.931839
0.931854
0.931868
0.931882
0.931896
0.93191
0.931924
0.931938
0.931952
0.931966
0.931979
0.931993
0.932007
0.93202
0.932034
0.932047
0.93206
0.932074
0.932087
0.9321
0.932113
0.932126
0.932139
0.932152
0.932165
0.932178
0.932191
0.932204
0.932216
0.932229
0.932241
0.932254
0.932266
0.932279
0.932291
0.932304
0.932316
0.932328
0.93234
0.932352
0.932364
0.932376
0.932388
0.9324
0.932412
0.932424
0.932435
0.932447
0.932459
0.93247
0.932482
0.932493
0.932505
0.932516
0.932528
0.932539
0.93255
0.932561
0.932572
0.932583
0.932595
0.932606
0.932616
0.932627
0.932638
0.932649
0.93266
0.932671
0.932681
0.932692
0.932702
0.932713
0.932723
0.932734
0.932744
0.932755
0.932765
0.932775
0.932785
0.932796
0.932806
0.932816
0.932826
0.932836
0.932846
0.932856
0.932866
0.932875
0.932885
0.932895
0.932905
0.932914
0.932924
0.932933
0.932943
0.932953
0.932962
0.932971
0.932981
0.93299
0.932999
0.933009
0.933018
0.933027
0.933036
0.933045
0.933054
0.933063
0.933072
0.933081
0.93309
0.933099
0.933108
0.933117
0.933125
0.933134
0.933143
0.933151
0.93316
0.933169
0.933177
0.933186
0.933194
0.933202
0.933211
0.933219
0.933227
0.933236
0.933244
0.933252
0.93326
0.933268
0.933276
0.933285
0.933293
0.933301
0.933309
0.933316
0.933324
0.933332
0.93334
0.933348
0.933356
0.933363
0.933371
0.933379
0.933386
0.933394
0.933401
0.933409
0.933416
0.933424
0.933431
0.933439
0.933446
0.933453
0.933461
0.933468
0.933475
0.933482
0.933489
0.933497
0.933504
0.933511
0.933518
0.933525
0.933532
0.933539
0.933546
0.933553
0.93356
0.933566
0.933573
0.93358
0.933587
0.933593
0.9336
0.933607
0.933613
0.93362
0.933627
0.933633
0.93364
0.933646
0.933653
0.933659
0.933665
0.933672
0.933678
0.933685
0.933691
0.933697
0.933703
0.93371
0.933716
0.933722
0.933728
0.933734
0.93374
0.933746
0.933752
0.933758
0.933764
0.93377
0.933776
0.933782
0.933788
0.933794
0.9338
0.933806
0.933811
0.933817
0.933823
0.933829
0.933834
0.93384
0.933846
0.933851
0.933857
0.933862
0.933868
0.933873
0.933879
0.933884
0.93389
0.933895
0.933901
0.933906
0.933911
0.933917
0.933922
0.933927
0.933932
0.933938
0.933943
0.933948
0.933953
0.933958
0.933964
0.933969
0.933974
0.933979
0.933984
0.933989
0.933994
0.933999
0.934004
0.934009
0.934014
0.934019
0.934023
0.934028
0.934033
0.934038
0.934043
0.934047
0.934052
0.934057
0.934062
0.934066
0.934071
0.934076
0.93408
0.934085
0.934089
0.934094
0.934098
0.934103
0.934108
0.934112
0.934116
0.934121
0.934125
0.93413
0.934134
0.934139
0.934143
0.934147
0.934152
0.934156
0.93416
0.934164
0.934169
0.934173
0.934177
0.934181
0.934185
0.93419
0.934194
0.934198
0.934202
0.934206
0.93421
0.934214
0.934218
0.934222
0.934226
0.93423
0.934234
0.934238
0.934242
0.934246
0.93425
0.934254
0.934258
0.934261
0.934265
0.934269
0.934273
0.934277
0.93428
0.934284
0.934288
0.934292
0.934295
0.934299
0.934303
0.934306
0.93431
0.934314
0.934317
0.934321
0.934324
0.934328
0.934331
0.934335
0.934338
0.934342
0.934345
0.934349
0.934352
0.934356
0.934359
0.934363
0.934366
0.934369
0.934373
0.934376
0.934379
0.934383
0.934386
0.934389
0.934393
0.934396
0.934399
0.934402
0.934406
0.934409
0.934412
0.934415
0.934418
0.934422
0.934425
0.934428
0.934431
0.934434
0.934437
0.93444
0.934443
0.934446
0.934449
0.934452
0.934455
0.934458
0.934461
0.934464
0.934467
0.93447
0.934473
0.934476
0.934479
0.934482
0.934485
0.934488
0.934491
0.934494
0.934496
0.934499
0.934502
0.934505
0.934508
0.93451
0.934513
0.934516
0.934519
0.934521
0.934524
0.934527
0.93453
0.934532
0.934535
0.934538
0.93454
0.934543
0.934545
0.934548
0.934551
0.934553
0.934556
0.934558
0.934561
0.934564
0.934566
0.934569
0.934571
0.934574
0.934576
0.934579
0.934581
0.934584
0.934586
0.934588
0.934591
0.934593
0.934596
0.934598
0.934601
0.934603
0.934605
0.934608
0.93461
0.934612
0.934615
0.934617
0.934619
0.934622
0.934624
0.934626
0.934629
0.934631
0.934633
0.934635
0.934638
0.93464
0.934642
0.934644
0.934646
0.934649
0.934651
0.934653
0.934655
0.934657
0.934659
0.934662
0.934664
0.934666
0.934668
0.93467
0.934672
0.934674
0.934676
0.934678
0.93468
0.934682
0.934684
0.934686
0.934689
0.934691
0.934693
0.934695
0.934697
0.934699
0.9347
0.934702
0.934704
0.934706
0.934708
0.93471
0.934712
0.934714
0.934716
0.934718
0.93472
0.934722
0.934723
0.934725
0.934727
0.934729
0.934731
0.934733
0.934735
0.934736
0.934738
0.93474
0.934742
0.934744
0.934745
0.934747
0.934749
0.934751
0.934752
0.934754
0.934756
0.934758
0.934759
0.934761
0.934763
0.934764
0.934766
0.934768
0.93477
0.934771
0.934773
0.934775
0.934776
0.934778
0.934779
0.934781
0.934783
0.934784
0.934786
0.934788
0.934789
0.934791
0.934792
0.934794
0.934795
0.934797
0.934799
0.9348
0.934802
0.934803
0.934805
0.934806
0.934808
0.934809
0.934811
0.934812
0.934814
0.934815
0.934817
0.934818
0.93482
0.934821
0.934823
0.934824
0.934826
0.934827
0.934828
0.93483
0.934831
0.934833
0.934834
0.934835
0.934837
0.934838
0.93484
0.934841
0.934842
0.934844
0.934845
0.934846
0.934848
0.934849
0.934851
0.934852
0.934853
0.934854
0.934856
0.934857
0.934858
0.93486
0.934861
0.934862
0.934864
0.934865
0.934866
0.934867
0.934869
0.93487
0.934871
0.934872
0.934874
0.934875
0.934876
0.934877
0.934879
0.93488
0.934881
0.934882
0.934883
0.934885
0.934886
0.934887
0.934888
0.934889
0.934891
0.934892
0.934893
0.934894
0.934895
0.934896
0.934897
0.934899
0.9349
0.934901
0.934902
0.934903
0.934904
0.934905
0.934906
0.934908
0.934909
0.93491
0.934911
0.934912
0.934913
0.934914
0.934915
0.934916
0.934917
0.934918
0.934919
0.93492
0.934921
0.934922
0.934924
0.934925
0.934926
0.934927
0.934928
0.934929
0.93493
0.934931
0.934932
0.934933
0.934934
0.934935
0.934936
0.934937
0.934938
0.934939
0.93494
0.93494
0.934941
0.934942
0.934943
0.934944
0.934945
0.934946
0.934947
0.934948
0.934949
0.93495
0.934951
0.934952
0.934953
0.934954
0.934954
0.934955
0.934956
0.934957
0.934958
0.934959
0.93496
0.934961
0.934962
0.934962
0.934963
0.934964
0.934965
0.934966
0.934967
0.934968
0.934968
0.934969
0.93497
0.934971
0.934972
0.934973
0.934973
0.934974
0.934975
0.934976
0.934977
0.934978
0.934978
0.934979
0.93498
0.934981
0.934982
0.934982
0.934983
0.934984
0.934985
0.934986
0.934986
0.934987
0.934988
0.934989
0.934989
0.93499
0.934991
0.934992
0.934992
0.934993
0.934994
0.934995
0.934995
0.934996
0.934997
0.934998
0.934998
0.934999
0.935
0.935
0.935001
0.935002
0.935003
0.935003
0.935004
0.935005
0.935005
0.935006
0.935007
0.935007
0.935008
0.935009
0.93501
0.93501
0.935011
0.935012
0.935012
0.935013
0.935014
0.935014
0.935015
0.935016
0.935016
0.935017
0.935017
0.935018
0.935019
0.935019
0.93502
0.935021
0.935021
0.935022
0.935023
0.935023
0.935024
0.935024
0.935025
0.935026
0.935026
0.935027
0.935028
0.935028
0.935029
0.935029
0.93503
0.935031
0.935031
0.935032
0.935032
0.935033
0.935033
0.935034
0.935035
0.935035
0.935036
0.935036
0.935037
0.935037
0.935038
0.935039
0.935039
0.93504
0.93504
0.935041
0.935041
0.935042
0.935043
0.935043
0.935044
0.935044
0.935045
0.935045
0.935046
0.935046
0.935047
0.935047
0.935048
0.935048
0.935049
0.935049
0.93505
0.93505
0.935051
0.935051
0.935052
0.935053
0.935053
0.935054
0.935054
0.935055
0.935055
0.935056
0.935056
0.935057
0.935057
0.935057
0.935058
0.935058
0.935059
0.935059
0.93506
0.93506
0.935061
0.935061
0.935062
0.935062
0.935063
0.935063
0.935064
0.935064
0.935065
0.935065
0.935065
0.935066
0.935066
0.935067
0.935067
0.935068
0.935068
0.935069
0.935069
0.93507
0.93507
0.93507
0.935071
0.935071
0.935072
0.935072
0.935073
0.935073
0.935073
0.935074
0.935074
0.935075
0.935075
0.935076
0.935076
0.935076
0.935077
0.935077
0.935078
0.935078
0.935078
0.935079
0.935079
0.93508
0.93508
0.93508
0.935081
0.935081
0.935082
0.935082
0.935082
0.935083
0.935083
0.935084
0.935084
0.935084
0.935085
0.935085
0.935085
0.935086
0.935086
0.935087
0.935087
0.935087
0.935088
0.935088
0.935088
0.935089
0.935089
0.935089
0.93509
0.93509
0.935091
0.935091
0.935091
0.935092
0.935092
0.935092
0.935093
0.935093
0.935093
0.935094
0.935094
0.935094
0.935095
0.935095
0.935095
0.935096
0.935096
0.935096
0.935097
0.935097
0.935097
0.935098
0.935098
0.935098
0.935099
0.935099
0.935099
0.9351
0.9351
0.9351
0.935101
0.935101
0.935101
0.935102
0.935102
0.935102
0.935103
0.935103
0.935103
0.935104
0.935104
0.935104
0.935104
0.935105
0.935105
0.935105
0.935106
0.935106
0.935106
0.935107
0.935107
0.935107
0.935107
0.935108
0.935108
0.935108
0.935109
0.935109
0.935109
0.935109
0.93511
0.93511
0.93511
0.935111
0.935111
0.935111
0.935111
0.935112
0.935112
0.935112
0.935112
0.935113
0.935113
0.935113
0.935114
0.935114
0.935114
0.935114
0.935115
0.935115
0.935115
0.935115
0.935116
0.935116
0.935116
0.935116
0.935117
0.935117
0.935117
0.935118
0.935118
0.935118
0.935118
0.935119
0.935119
0.935119
0.935119
0.93512
0.93512
0.93512
0.93512
0.935121
0.935121
0.935121
0.935121
0.935121
0.935122
0.935122
0.935122
0.935122
0.935123
0.935123
0.935123
0.935123
0.935124
0.935124
0.935124
0.935124
0.935125
0.935125
0.935125
0.935125
0.935125
0.935126
0.935126
0.935126
0.935126
0.935127
0.935127
0.935127
0.935127
0.935127
0.935128
0.935128
0.935128
0.935128
0.935129
0.935129
0.935129
0.935129
0.935129
0.93513
0.93513
0.93513
0.93513
0.93513
0.935131
0.935131
0.935131
0.935131
0.935131
0.935132
0.935132
0.935132
0.935132
0.935132
0.935133
0.935133
0.935133
0.935133
0.935133
0.935134
0.935134
0.935134
0.935134
0.935134
0.935135
0.935135
0.935135
0.935135
0.935135
0.935136
0.935136
0.935136
0.935136
0.935136
0.935136
0.935137
0.935137
0.935137
0.935137
0.935137
0.935138
0.935138
0.935138
0.935138
0.935138
0.935138
0.935139
0.935139
0.935139
0.935139
0.935139
0.93514
0.93514
0.93514
0.93514
0.93514
0.93514
0.935141
0.935141
0.935141
0.935141
0.935141
0.935141
0.935142
0.935142
0.935142
0.935142
0.935142
0.935142
0.935143
0.935143
0.935143
0.935143
0.935143
0.935143
0.935144
0.935144
0.935144
0.935144
0.935144
0.935144
0.935145
0.935145
0.935145
0.935145
0.935145
0.935145
0.935145
0.935146
0.935146
0.935146
0.935146
0.935146
0.935146
0.935146
0.935147
0.935147
0.935147
0.935147
0.935147
0.935147
0.935148
0.935148
0.935148
0.935148
0.935148
0.935148
0.935148
0.935149
0.935149
0.935149
0.935149
0.935149
0.935149
0.935149
0.93515
0.93515
0.93515
0.93515
0.93515
0.93515
0.93515
0.935151
0.935151
0.935151
0.935151
0.935151
0.935151
0.935151
0.935151
0.935152
0.935152
0.935152
0.935152
0.935152
0.935152
0.935152
0.935152
0.935153
0.935153
0.935153
0.935153
0.935153
0.935153
0.935153
0.935154
0.935154
0.935154
0.935154
0.935154
0.935154
0.935154
0.935154
0.935155
0.935155
0.935155
0.935155
0.935155
0.935155
0.935155
0.935155
0.935155
0.935156
0.935156
0.935156
0.935156
0.935156
0.935156
0.935156
0.935156
0.935157
0.935157
0.935157
0.935157
0.935157
0.935157
0.935157
0.935157
0.935157
0.935158
0.935158
0.935158
0.935158
0.935158
0.935158
0.935158
0.935158
0.935158
0.935159
0.935159
0.935159
0.935159
0.935159
0.935159
0.935159
0.935159
0.935159
0.93516
0.93516
0.93516
0.93516
0.93516
0.93516
0.93516
0.93516
0.93516
0.93516
0.935161
0.935161
0.935161
0.935161
0.935161
0.935161
0.935161
0.935161
0.935161
0.935162
0.935162
0.935162
0.935162
0.935162
0.935162
0.935162
0.935162
0.935162
0.935162
0.935162
0.935163
0.935163
0.935163
0.935163
0.935163
0.935163
0.935163
0.935163
0.935163
0.935163
0.935164
0.935164
0.935164
0.935164
0.935164
0.935164
0.935164
0.935164
0.935164
0.935164
0.935164
0.935165
0.935165
0.935165
0.935165
0.935165
0.935165
0.935165
0.935165
0.935165
0.935165
0.935165
0.935166
0.935166
0.935166
0.935166
0.935166
0.935166
0.935166
0.935166
0.935166
0.935166
0.935166
0.935166
0.935167
0.935167
0.935167
0.935167
0.935167
0.935167
0.935167
0.935167
0.935167
0.935167
0.935167
0.935167
0.935168
0.935168
0.935168
0.935168
0.935168
0.935168
0.935168
0.935168
0.935168
0.935168
0.935168
0.935168
0.935169
0.935169
0.935169
0.935169
0.935169
0.935169
0.935169
0.935169
0.935169
0.935169
0.935169
0.935169
0.935169
0.93517
0.93517
0.93517
0.93517
0.93517
0.93517
0.93517
0.93517
0.93517
0.93517
0.93517
0.93517
0.93517
0.93517
0.935171
0.935171
0.935171
0.935171
0.935171
0.935171
0.935171
0.935171
0.935171
0.935171
0.935171
0.935171
0.935171
0.935171
0.935172
0.935172
0.935172
0.935172
0.935172
0.935172
0.935172
0.935172
0.935172
0.935172
0.935172
0.935172
0.935172
0.935172
0.935173
0.935173
0.935173
0.935173
0.935173
0.935173
0.935173
0.935173
0.935173
0.935173
0.935173
0.935173
0.935173
0.935173
0.935173
0.935173
0.935174
0.935174
0.935174
0.935174
0.935174
0.935174
0.935174
0.935174
0.935174
0.935174
0.935174
0.935174
0.935174
0.935174
0.935174
0.935174
0.935175
0.935175
0.935175
0.935175
0.935175
0.935175
0.935175
0.935175
0.935175
0.935175
0.935175
0.935175
0.935175
0.935175
0.935175
0.935175
0.935176
0.935176
0.935176
0.935176
0.935176
0.935176
0.935176
0.935176
0.935176
0.935176
0.935176
0.935176
0.935176
0.935176
0.935176
0.935176
0.935176
0.935176
0.935177
0.935177
0.935177
0.935177
0.935177
0.935177
0.935177
0.935177
0.935177
0.935177
0.935177
0.935177
0.935177
0.935177
0.935177
0.935177
0.935177
0.935177
0.935178
0.935178
0.935178
0.935178
0.935178
0.935178
0.935178
0.935178
0.935178
0.935178
0.935178
0.935178
0.935178
0.935178
0.935178
0.935178
0.935178
0.935178
0.935178
0.935179
0.935179
0.935179
0.935179
0.935179
0.935179
0.935179
0.935179
0.935179
0.935179
0.935179
0.935179
0.935179
0.935179
0.935179
0.935179
0.935179
0.935179
0.935179
0.935179
0.935179
0.93518
0.93518
0.93518
0.93518
0.93518
0.93518
0.93518
0.93518
0.93518
0.93518
0.93518
0.93518
0.93518
0.93518
0.93518
0.93518
0.93518
0.93518
0.93518
0.93518
0.93518
0.935181
0.935181
0.935181
0.935181
0.935181
0.935181
0.935181
0.935181
0.935181
0.935181
0.935181
0.935181
0.935181
0.935181
0.935181
0.935181
0.935181
0.935181
0.935181
0.935181
0.935181
0.935181
0.935181
0.935182
0.935182
0.935182
0.935182
0.935182
0.935182
0.935182
0.935182
0.935182
0.935182
0.935182
0.935182
0.935182
0.935182
0.935182
0.935182
0.935182
0.935182
0.935182
0.935182
0.935182
0.935182
0.935182
0.935182
0.935183
0.935183
0.935183
0.935183
0.935183
0.935183
0.935183
0.935183
0.935183
0.935183
0.935183
0.935183
0.935183
0.935183
0.935183
0.935183
0.935183
0.935183
0.935183
0.935183
0.935183
0.935183
0.935183
0.935183
0.935183
0.935184
0.935184
0.935184
0.935184
0.935184
0.935184
0.935184
0.935184
0.935184
0.935184
0.935184
0.935184
0.935184
0.935184
0.935184
0.935184
0.935184
0.935184
0.935184
0.935184
0.935184
0.935184
0.935184
0.935184
0.935184
0.935184
0.935184
0.935185
0.935185
0.935185
0.935185
0.935185
0.935185
0.935185
0.935185
0.935185
0.935185
0.935185
0.935185
0.935185
0.935185
0.935185
0.935185
0.935185
0.935185
0.935185
0.935185
0.935185
0.935185
0.935185
0.935185
0.935185
0.935185
0.935185
0.935185
0.935186
0.935186
0.935186
0.935186
0.935186
0.935186
0.935186
0.935186
0.935186
0.935186
0.935186
0.935186
0.935186
0.935186
0.935186
0.935186
0.935186
0.935186
0.935186
0.935186
0.935186
0.935186
0.935186
0.935186
0.935186
0.935186
0.935186
0.935186
0.935186
0.935186
0.935186
0.935187
0.935187
0.935187
0.935187
0.935187
0.935187
0.935187
0.935187
0.935187
0.935187
0.935187
0.935187
0.935187
0.935187
0.935187
0.935187
0.935187
0.935187
0.935187
0.935187
0.935187
0.935187
0.935187
0.935187
0.935187
0.935187
0.935187
0.935187
0.935187
0.935187
0.935187
0.935187
0.935188
0.935188
0.935188
0.935188
0.935188
0.935188
0.935188
0.935188
0.935188
0.935188
0.935188
0.935188
0.935188
0.935188
0.935188
0.935188
0.935188
0.935188
0.935188
0.935188
0.935188
0.935188
0.935188
0.935188
0.935188
0.935188
0.935188
0.935188
0.935188
0.935188
0.935188
0.935188
0.935188
0.935188
0.935188
0.935189
0.935189
0.935189
0.935189
0.935189
0.935189
0.935189
0.935189
0.935189
0.935189
0.935189
0.935189
0.935189
0.935189
0.935189
0.935189
0.935189
0.935189
0.935189
0.935189
0.935189
0.935189
0.935189
0.935189
0.935189
0.935189
0.935189
0.935189
0.935189
0.935189
0.935189
0.935189
0.935189
0.935189
0.935189
0.935189
0.935189
0.93519
0.93519
0.93519
0.93519
0.93519
0.93519
0.93519
0.93519
0.93519
0.93519
0.93519
0.93519
0.93519
0.93519
0.93519
0.93519
0.93519
0.93519
0.93519
0.93519
0.93519
0.93519
0.93519
0.93519
0.93519
0.93519
0.93519
0.93519
0.93519
0.93519
0.93519
0.93519
0.93519
0.93519
0.93519
0.93519
0.93519
0.93519
0.93519
0.93519
0.93519
0.935191
0.935191
0.935191
0.935191
0.935191
0.935191
0.935191
0.935191
0.935191
0.935191
0.935191
0.935191
0.935191
0.935191
0.935191
0.935191
0.935191
0.935191
0.935191
0.935191
0.935191
0.935191
0.935191
0.935191
0.935191
0.935191
0.935191
0.935191
0.935191
0.935191
0.935191
0.935191
0.935191
0.935191
0.935191
0.935191
0.935191
0.935191
0.935191
0.935191
0.935191
0.935191
0.935191
0.935192
0.935192
0.935192
0.935192
0.935192
0.935192
0.935192
0.935192
0.935192
0.935192
0.935192
0.935192
0.935192
0.935192
0.935192
0.935192
0.935192
0.935192
0.935192
0.935192
0.935192
0.935192
0.935192
0.935192
0.935192
0.935192
0.935192
0.935192
0.935192
0.935192
0.935192
0.935192
0.935192
0.935192
0.935192
0.935192
0.935192
0.935192
0.935192
0.935192
0.935192
0.935192
0.935192
0.935192
0.935192
0.935192
0.935192
0.935193
0.935193
0.935193
0.935193
0.935193
0.935193
0.935193
0.935193
0.935193
0.935193
0.935193
0.935193
0.935193
0.935193
0.935193
0.935193
0.935193
0.935193
0.935193
0.935193
0.935193
0.935193
0.935193
0.935193
0.935193
0.935193
0.935193
0.935193
0.935193
0.935193
0.935193
0.935193
0.935193
0.935193
0.935193
0.935193
0.935193
0.935193
0.935193
0.935193
0.935193
0.935193
0.935193
0.935193
0.935193
0.935193
0.935193
0.935193
0.935193
0.935193
0.935193
0.935194
0.935194
0.935194
0.935194
0.935194
0.935194
0.935194
0.935194
0.935194
0.935194
0.935194
0.935194
0.935194
0.935194
0.935194
0.935194
0.935194
0.935194
0.935194
0.935194
0.935194
0.935194
0.935194
0.935194
0.935194
0.935194
0.935194
0.935194
0.935194
0.935194
0.935194
0.935194
0.935194
0.935194
0.935194
0.935194
0.935194
0.935194
0.935194
0.935194
0.935194
0.935194
0.935194
0.935194
0.935194
0.935194
0.935194
0.935194
0.935194
0.935194
0.935194
0.935194
0.935194
0.935194
0.935194
0.935194
0.935195
0.935195
0.935195
0.935195
0.935195
0.935195
0.935195
0.935195
0.935195
0.935195
0.935195
0.935195
0.935195
0.935195
0.935195
0.935195
0.935195
0.935195
0.935195
0.935195
0.935195
0.935195
0.935195
0.935195
0.935195
0.935195
0.935195
0.935195
0.935195
0.935195
0.935195
0.935195
0.935195
0.935195
0.935195
0.935195
0.935195
0.935195
0.935195
0.935195
0.935195
0.935195
0.935195
0.935195
0.935195
0.935195
0.935195
0.935195
0.935195
0.935195
0.935195
0.935195
0.935195
0.935195
0.935195
0.935195
0.935195
0.935195
0.935195
0.935195
0.935195
0.935196
0.935196
0.935196
0.935196
0.935196
0.935196
0.935196
0.935196
0.935196
0.935196
0.935196
0.935196
0.935196
0.935196
0.935196
0.935196
0.935196
0.935196
0.935196
0.935196
0.935196
0.935196
0.935196
0.935196
0.935196
0.935196
0.935196
0.935196
0.935196
0.935196
0.935196
0.935196
0.935196
0.935196
0.935196
0.935196
0.935196
0.935196
0.935196
0.935196
0.935196
0.935196
0.935196
0.935196
0.935196
0.935196
0.935196
0.935196
0.935196
0.935196
0.935196
0.935196
0.935196
0.935196
0.935196
0.935196
0.935196
0.935196
0.935196
0.935196
0.935196
0.935196
0.935196
0.935196
0.935196
0.935196
0.935196
0.935197
0.935197
0.935197
0.935197
0.935197
0.935197
0.935197
0.935197
0.935197
0.935197
0.935197
0.935197
0.935197
0.935197
0.935197
0.935197
0.935197
0.935197
0.935197
0.935197
0.935197
0.935197
0.935197
0.935197
0.935197
0.935197
0.935197
0.935197
0.935197
0.935197
0.935197
0.935197
0.935197
0.935197
0.935197
0.935197
0.935197
0.935197
0.935197
0.935197
0.935197
0.935197
0.935197
0.935197
0.935197
0.935197
0.935197
0.935197
0.935197
0.935197
0.935197
0.935197
0.935197
0.935197
0.935197
0.935197
0.935197
0.935197
0.935197
0.935197
0.935197
0.935197
0.935197
0.935197
0.935197
0.935197
0.935197
0.935197
0.935197
0.935197
0.935197
0.935197
0.935197
0.935197
0.935198
0.935198
0.935198
0.935198
0.935198
0.935198
0.935198
0.935198
0.935198
0.935198
0.935198
0.935198
0.935198
0.935198
0.935198
0.935198
0.935198
0.935198
0.935198
0.935198
0.935198
0.935198
0.935198
0.935198
0.935198
0.935198
0.935198
0.935198
0.935198
0.935198
0.935198
0.935198
0.935198
0.935198
0.935198
0.935198
0.935198
0.935198
0.935198
0.935198
0.935198
0.935198
0.935198
0.935198
0.935198
0.935198
0.935198
0.935198
0.935198
0.935198
0.935198
0.935198
0.935198
0.935198
0.935198
0.935198
0.935198
0.935198
0.935198
0.935198
0.935198
0.935198
0.935198
0.935198
0.935198
0.935198
0.935198
0.935198
0.935198
0.935198
0.935198
0.935198
0.935198
0.935198
0.935198
0.935198
0.935198
0.935198
0.935198
0.935198
0.935198
0.935198
0.935199
0.935199
0.935199
0.935199
0.935199
0.935199
0.935199
0.935199
0.935199
0.935199
0.935199
0.935199
0.935199
0.935199
0.935199
0.935199
0.935199
0.935199
0.935199
0.935199
0.935199
0.935199
0.935199
0.935199
0.935199
0.935199
0.935199
0.935199
0.935199
0.935199
0.935199
0.935199
0.935199
0.935199
0.935199
0.935199
0.935199
0.935199
0.935199
0.935199
0.935199
0.935199
0.935199
0.935199
0.935199
0.935199
0.935199
0.935199
0.935199
0.935199
0.935199
0.935199
0.935199
0.935199
0.935199
0.935199
0.935199
0.935199
0.935199
0.935199
0.935199
0.935199
0.935199
0.935199
0.935199
0.935199
0.935199
0.935199
0.935199
0.935199
0.935199
0.935199
0.935199
0.935199
0.935199
0.935199
0.935199
0.935199
0.935199
0.935199
0.935199
0.935199
0.935199
0.935199
0.935199
0.935199
0.935199
0.935199
0.935199
0.935199
0.935199
0.935199
0.935199
0.9352
0.9352
0.9352
0.9352
0.9352
0.9352
0.9352
0.9352
0.9352
0.9352
0.9352
0.9352
0.9352
0.9352
0.9352
0.9352
0.9352
0.9352
0.9352
0.9352
0.9352
0.9352
0.9352
0.9352
0.9352
0.9352
0.9352
0.9352
0.9352
0.9352
0.9352
0.9352
0.9352
0.9352
0.9352
0.9352
0.9352
0.9352
0.9352
0.9352
0.9352
0.9352
0.9352
0.9352
0.9352
0.9352
0.9352
0.9352
0.9352
0.9352
0.9352
0.9352
0.9352
0.9352
0.9352
0.9352
0.9352
0.9352
0.9352
0.9352
0.9352
0.9352
0.9352
0.9352
0.9352
0.9352
0.9352
0.9352
0.9352
0.9352
0.9352
0.9352
0.9352
0.9352
0.9352
0.9352
0.9352
0.9352
0.9352
0.9352
0.9352
0.9352
0.9352
0.9352
0.9352
0.9352
0.9352
0.9352
0.9352
0.9352
0.9352
0.9352
0.9352
0.9352
0.9352
0.9352
0.9352
0.9352
0.9352
0.9352
0.9352
0.9352
0.9352
0.9352
0.9352
0.935201
0.935201
0.935201
0.935201
0.935201
0.935201
0.935201
0.935201
0.935201
0.935201
0.935201
0.935201
0.935201
0.935201
0.935201
0.935201
0.935201
0.935201
0.935201
0.935201
0.935201
0.935201
0.935201
0.935201
0.935201
0.935201
0.935201
0.935201
0.935201
0.935201
0.935201
0.935201
0.935201
0.935201
0.935201
0.935201
0.935201
0.935201
0.935201
0.935201
0.935201
0.935201
0.935201
0.935201
0.935201
0.935201
0.935201
0.935201
0.935201
0.935201
0.935201
0.935201
0.935201
0.935201
0.935201
0.935201
0.935201
0.935201
0.935201
0.935201
0.935201
0.935201
0.935201
0.935201
0.935201
0.935201
0.935201
0.935201
0.935201
0.935201
0.935201
0.935201
0.935201
0.935201
0.935201
0.935201
0.935201
0.935201
0.935201
0.935201
0.935201
0.935201
0.935201
0.935201
0.935201
0.935201
0.935201
0.935201
0.935201
0.935201
0.935201
0.935201
0.935201
0.935201
0.935201
0.935201
0.935201
0.935201
0.935201
0.935201
0.935201
0.935201
0.935201
0.935201
0.935201
0.935201
0.935201
0.935201
0.935201
0.935201
0.935201
0.935201
0.935201
0.935201
0.935201
0.935201
0.935201
0.935201
0.935201
0.935201
0.935201
0.935202
0.935202
0.935202
0.935202
0.935202
0.935202
0.935202
0.935202
0.935202
0.935202
0.935202
0.935202
0.935202
0.935202
0.935202
0.935202
0.935202
0.935202
0.935202
0.935202
0.935202
0.935202
0.935202
0.935202
0.935202
0.935202
0.935202
0.935202
0.935202
0.935202
0.935202
0.935202
0.935202
0.935202
0.935202
0.935202
0.935202
0.935202
0.935202
0.935202
0.935202
0.935202
0.935202
0.935202
0.935202
0.935202
0.935202
0.935202
0.935202
0.935202
0.935202
0.935202
0.935202
0.935202
0.935202
0.935202
0.935202
0.935202
0.935202
0.935202
0.935202
0.935202
0.935202
0.935202
0.935202
0.935202
0.935202
0.935202
0.935202
0.935202
0.935202
0.935202
0.935202
0.935202
0.935202
0.935202
0.935202
0.935202
0.935202
0.935202
0.935202
0.935202
0.935202
0.935202
0.935202
0.935202
0.935202
0.935202
0.935202
0.935202
0.935202
0.935202
0.935202
0.935202
0.935202
0.935202
0.935202
0.935202
0.935202
0.935202
0.935202
0.935202
0.935202
0.935202
0.935202
0.935202
0.935202
0.935202
0.935202
0.935202
0.935202
0.935202
0.935202
0.935202
0.935202
0.935202
0.935202
0.935202
0.935202
0.935202
0.935202
0.935202
0.935202
0.935202
0.935202
0.935202
0.935202
0.935202
0.935202
0.935202
0.935202
0.935202
0.935202
0.935202
0.935202
0.935202
0.935202
0.935202
0.935202
0.935202
0.935202
0.935202
0.935203
0.935203
0.935203
0.935203
0.935203
0.935203
0.935203
0.935203
0.935203
0.935203
0.935203
0.935203
0.935203
0.935203
0.935203
0.935203
0.935203
0.935203
0.935203
0.935203
0.935203
0.935203
0.935203
0.935203
0.935203
0.935203
0.935203
0.935203
0.935203
0.935203
0.935203
0.935203
0.935203
0.935203
0.935203
0.935203
0.935203
0.935203
0.935203
0.935203
0.935203
0.935203
0.935203
0.935203
0.935203
0.935203
0.935203
0.935203
0.935203
0.935203
0.935203
0.935203
0.935203
0.935203
0.935203
0.935203
0.935203
0.935203
0.935203
0.935203
0.935203
0.935203
0.935203
0.935203
0.935203
0.935203
0.935203
0.935203
0.935203
0.935203
0.935203
0.935203
0.935203
0.935203
0.935203
0.935203
0.935203
0.935203
0.935203
0.935203
0.935203
0.935203
0.935203
0.935203
0.935203
0.935203
0.935203
0.935203
0.935203
0.935203
0.935203
0.935203
0.935203
0.935203
0.935203
0.935203
0.935203
0.935203
0.935203
0.935203
0.935203
0.935203
0.935203
0.935203
0.935203
0.935203
0.935203
0.935203
0.935203
0.935203
0.935203
0.935203
0.935203
0.935203
0.935203
0.935203
0.935203
0.935203
0.935203
0.935203
0.935203
0.935203
0.935203
0.935203
0.935203
0.935203
0.935203
0.935203
0.935203
0.935203
0.935203
0.935203
0.935203
0.935203
0.935203
0.935203
0.935203
0.935203
0.935203
0.935203
0.935203
0.935203
0.935203
0.935203
0.935203
0.935203
0.935203
0.935203
0.935203
0.935203
0.935203
0.935203
0.935203
0.935203
0.935203
0.935203
0.935203
0.935203
0.935203
0.935203
0.935203
0.935203
0.935203
0.935203
0.935203
0.935203
0.935203
0.935203
0.935203
0.935203
0.935203
0.935204
0.935204
0.935204
0.935204
0.935204
0.935204
0.935204
0.935204
0.935204
0.935204
0.935204
0.935204
0.935204
0.935204
0.935204
0.935204
0.935204
0.935204
0.935204
0.935204
0.935204
0.935204
0.935204
0.935204
0.935204
0.935204
0.935204
0.935204
0.935204
0.935204
0.935204
0.935204
0.935204
0.935204
0.935204
0.935204
0.935204
0.935204
0.935204
0.935204
0.935204
0.935204
0.935204
0.935204
0.935204
0.935204
0.935204
0.935204
0.935204
0.935204
0.935204
0.935204
0.935204
0.935204
0.935204
0.935204
0.935204
0.935204
0.935204
0.935204
0.935204
0.935204
0.935204
0.935204
0.935204
0.935204
0.935204
0.935204
0.935204
0.935204
0.935204
0.935204
0.935204
0.935204
0.935204
0.935204
0.935204
0.935204
0.935204
0.935204
0.935204
0.935204
0.935204
0.935204
0.935204
0.935204
0.935204
0.935204
0.935204
0.935204
0.935204
0.935204
0.935204
0.935204
0.935204
0.935204
0.935204
0.935204
0.935204
0.935204
0.935204
0.935204
0.935204
0.935204
0.935204
0.935204
0.935204
0.935204
0.935204
0.935204
0.935204
0.935204
0.935204
0.935204
0.935204
0.935204
0.935204
0.935204
0.935204
0.935204
0.935204
0.935204
0.935204
0.935204
0.935204
0.935204
0.935204
0.935204
0.935204
0.935204
0.935204
0.935204
0.935204
0.935204
0.935204
0.935204
0.935204
0.935204
0.935204
0.935204
0.935204
0.935204
0.935204
0.935204
0.935204
0.935204
0.935204
0.935204
0.935204
0.935204
0.935204
0.935204
0.935204
0.935204
0.935204
0.935204
0.935204
0.935204
0.935204
0.935204
0.935204
0.935204
0.935204
0.935204
0.935204
0.935204
0.935204
0.935204
0.935204
0.935204
0.935204
0.935204
0.935204
0.935204
0.935204
0.935204
0.935204
0.935204
0.935204
0.935204
0.935204
0.935204
0.935204
0.935204
0.935204
0.935204
0.935204
0.935204
0.935204
0.935204
0.935204
0.935204
0.935204
0.935204
0.935204
0.935204
0.935204
0.935204
0.935204
0.935204
0.935204
0.935204
0.935204
0.935204
0.935204
0.935204
0.935204
0.935204
0.935204
0.935204
0.935204
0.935204
0.935204
0.935204
0.935205
0.935205
0.935205
0.935205
0.935205
0.935205
0.935205
0.935205
0.935205
0.935205
0.935205
0.935205
0.935205
0.935205
0.935205
0.935205
0.935205
0.935205
0.935205
0.935205
0.935205
0.935205
0.935205
0.935205
0.935205
0.935205
0.935205
0.935205
0.935205
0.935205
0.935205
0.935205
0.935205
0.935205
0.935205
0.935205
0.935205
0.935205
0.935205
0.935205
0.935205
0.935205
0.935205
0.935205
0.935205
0.935205
0.935205
0.935205
0.935205
0.935205
0.935205
0.935205
0.935205
0.935205
0.935205
0.935205
0.935205
0.935205
0.935205
0.935205
0.935205
0.935205
0.935205
0.935205
0.935205
0.935205
0.935205
0.935205
0.935205
0.935205
0.935205
0.935205
0.935205
0.935205
0.935205
0.935205
0.935205
0.935205
0.935205
0.935205
0.935205
0.935205
0.935205
0.935205
0.935205
0.935205
0.935205
0.935205
0.935205
0.935205
0.935205
0.935205
0.935205
0.935205
0.935205
0.935205
0.935205
0.935205
0.935205
0.935205
0.935205
0.935205
0.935205
0.935205
0.935205
0.935205
0.935205
0.935205
0.935205
0.935205
0.935205
0.935205
0.935205
0.935205
0.935205
0.935205
0.935205
0.935205
0.935205
0.935205
0.935205
0.935205
0.935205
0.935205
0.935205
0.935205
0.935205
0.935205
0.935205
0.935205
0.935205
0.935205
0.935205
0.935205
0.935205
0.935205
0.935205
0.935205
0.935205
0.935205
0.935205
0.935205
0.935205
0.935205
0.935205
0.935205
0.935205
0.935205
0.935205
0.935205
0.935205
0.935205
0.935205
0.935205
0.935205
0.935205
0.935205
0.935205
0.935205
0.935205
0.935205
0.935205
0.935205
0.935205
0.935205
0.935205
0.935205
0.935205
0.935205
0.935205
0.935205
0.935205
0.935205
0.935205
0.935205
0.935205
0.935205
0.935205
0.935205
0.935205
0.935205
0.935205
0.935205
0.935205
0.935205
0.935205
0.935205
0.935205
0.935205
0.935205
0.935205
0.935205
0.935205
0.935205
0.935205
0.935205
0.935205
0.935205
0.935205
0.935205
0.935205
0.935205
0.935205
0.935205
0.935205
0.935205
0.935205
0.935205
0.935205
0.935205
0.935205
0.935205
0.935205
0.935205
0.935205
0.935205
0.935205
0.935205
0.935205
0.935205
0.935205
0.935205
0.935205
0.935205
0.935205
0.935205
0.935205
0.935205
0.935205
0.935205
0.935205
0.935205
0.935205
0.935205
0.935205
0.935205
0.935205
0.935205
0.935205
0.935205
0.935205
0.935205
0.935205
0.935205
0.935205
0.935205
0.935205
0.935205
0.935205
0.935205
0.935205
0.935205
0.935205
0.935205
0.935205
0.935205
0.935205
0.935205
0.935205
0.935205
0.935205
0.935205
0.935205
0.935205
0.935205
0.935205
0.935205
0.935205
0.935205
0.935205
0.935205
0.935205
0.935205
0.935205
0.935205
0.935205
0.935205
0.935205
0.935205
0.935205
0.935205
0.935205
0.935205
0.935205
0.935205
0.935206
0.935206
0.935206
0.935206
0.935206
0.935206
0.935206
0.935206
0.935206
0.935206
0.935206
0.935206
0.935206
0.935206
0.935206
0.935206
0.935206
0.935206
0.935206
0.935206
0.935206
0.935206
0.935206
0.935206
0.935206
0.935206
0.935206
0.935206
0.935206
0.935206
0.935206
0.935206
0.935206
0.935206
0.935206
0.935206
0.935206
0.935206
0.935206
0.935206
0.935206
0.935206
0.935206
0.935206
0.935206
0.935206
0.935206
0.935206
0.935206
0.935206
0.935206
0.935206
0.935206
0.935206
0.935206
0.935206
0.935206
0.935206
0.935206
0.935206
0.935206
0.935206
0.935206
0.935206
0.935206
0.935206
0.935206
0.935206
0.935206
0.935206
0.935206
0.935206
0.935206
0.935206
0.935206
0.935206
0.935206
0.935206
0.935206
0.935206
0.935206
0.935206
0.935206
0.935206
0.935206
0.935206
0.935206
0.935206
0.935206
0.935206
0.935206
0.935206
0.935206
0.935206
0.935206
0.935206
0.935206
0.935206
0.935206
0.935206
0.935206
0.935206
0.935206
0.935206
0.935206
0.935206
0.935206
0.935206
0.935206
0.935206
0.935206
0.935206
0.935206
0.935206
0.935206
0.935206
0.935206
0.935206
0.935206
0.935206
0.935206
0.935206
0.935206
0.935206
0.935206
0.935206
0.935206
0.935206
0.935206
0.935206
0.935206
0.935206
0.935206
0.935206
0.935206
0.935206
0.935206
0.935206
0.935206
0.935206
0.935206
0.935206
0.935206
0.935206
0.935206
0.935206
0.935206
0.935206
0.935206
0.935206
0.935206
0.935206
0.935206
0.935206
0.935206
0.935206
0.935206
0.935206
0.935206
0.935206
0.935206
0.935206
0.935206
0.935206
0.935206
0.935206
0.935206
0.935206
0.935206
0.935206
0.935206
0.935206
0.935206
0.935206
0.935206
0.935206
0.935206
0.935206
0.935206
0.935206
0.935206
0.935206
0.935206
0.935206
0.935206
0.935206
0.935206
0.935206
0.935206
0.935206
0.935206
0.935206
0.935206
0.935206
0.935206
0.935206
0.935206
0.935206
0.935206
0.935206
0.935206
0.935206
0.935206
0.935206
0.935206
0.935206
0.935206
0.935206
0.935206
0.935206
0.935206
0.935206
0.935206
0.935206
0.935206
0.935206
0.935206
0.935206
0.935206
0.935206
0.935206
0.935206
0.935206
0.935206
0.935206
0.935206
0.935206
0.935206
0.935206
0.935206
0.935206
0.935206
0.935206
0.935206
0.935206
0.935206
0.935206
0.935206
0.935206
0.935206
0.935206
0.935206
0.935206
0.935206
0.935206
0.935206
0.935206
0.935206
0.935206
0.935206
