1e-06
0.0111979
0.0224745
0.0326415
0.0413976
0.0487952
0.0550108
0.0602462
0.0646886
0.068497
0.0718008
0.0747023
0.0772815
0.0796
0.0817052
0.0836334
0.0854126
0.0870641
0.0886048
0.0900476
0.0914029
0.0926791
0.093883
0.0950203
0.0960959
0.097114
0.0980783
0.0989921
0.0998584
0.10068
0.101459
0.102199
0.102901
0.103567
0.1042
0.1048
0.105371
0.105913
0.106428
0.106917
0.107382
0.107824
0.108244
0.108643
0.109023
0.109384
0.109727
0.110054
0.110365
0.11066
0.110942
0.111209
0.111464
0.111707
0.111937
0.112157
0.112366
0.112565
0.112755
0.112935
0.113107
0.113271
0.113427
0.113575
0.113716
0.113851
0.113979
0.114101
0.114218
0.114329
0.114434
0.114535
0.114631
0.114722
0.114809
0.114892
0.114971
0.115047
0.115118
0.115187
0.115252
0.115314
0.115373
0.11543
0.115483
0.115535
0.115583
0.11563
0.115674
0.115717
0.115757
0.115795
0.115832
0.115867
0.1159
0.115932
0.115962
0.115991
0.116018
0.116044
0.116069
0.116093
0.116116
0.116137
0.116158
0.116178
0.116196
0.116214
0.116231
0.116247
0.116263
0.116278
0.116292
0.116305
0.116318
0.11633
0.116342
0.116353
0.116363
0.116373
0.116383
0.116392
0.116401
0.116409
0.116417
0.116424
0.116432
0.116439
0.116445
0.116451
0.116457
0.116463
0.116468
0.116473
0.116478
0.116483
0.116488
0.116492
0.116496
0.1165
0.116503
0.116507
0.11651
0.116513
0.116517
0.116519
0.116522
0.116525
0.116527
0.11653
0.116532
0.116534
0.116536
0.116538
0.11654
0.116542
0.116544
0.116545
0.116547
0.116548
0.11655
0.116551
0.116552
0.116554
0.116555
0.116556
0.116557
0.116558
0.116559
0.11656
0.116561
0.116562
0.116562
0.116563
0.116564
0.116565
0.116565
0.116566
0.116567
0.116567
0.116568
0.116568
0.116569
0.116569
0.11657
0.11657
0.11657
0.116571
0.116571
0.116572
0.116572
0.116572
0.116573
0.116573
0.116573
0.116573
0.116574
0.116574
0.116574
0.116574
0.116575
0.116575
0.116575
0.116575
0.116575
0.116575
0.116576
0.116576
0.116576
0.116576
0.116576
0.116576
0.116576
0.116577
0.116577
0.116577
0.116577
0.116577
0.116577
0.116577
0.116577
0.116577
0.116577
0.116577
0.116577
0.116578
0.116578
0.116578
0.116578
0.116578
0.116578
0.116578
0.116578
0.116578
0.116578
0.116578
0.116578
0.116578
0.116578
0.116578
0.116578
0.116578
0.116578
0.116578
0.116578
0.116578
0.116578
0.116578
0.116578
0.116578
0.116578
0.116578
0.116578
0.116579
0.116579
0.116579
0.116579
0.116579
0.116579
0.116579
0.116579
0.116579
0.116579
0.116579
0.116579
0.116579
0.116579
0.116579
0.116579
0.116579
0.116579
0.116579
0.116579
0.116579
0.116579
0.116579
0.116579
0.116579
0.116579
0.116579
0.116579
0.116579
0.116579
0.116579
0.116579
0.116579
0.116579
0.116579
0.116579
0.116579
0.116579
0.116579
0.116579
0.116579
0.116579
0.116579
0.116579
0.116579
0.116579
0.116579
0.116579
0.116579
0.116579
0.116579
0.116579
0.116579
0.116579
0.116579
0.116579
0.116579
0.116579
0.116579
0.116579
0.116579
0.116579
0.116579
0.116579
0.116579
0.116579
0.116579
0.116579
0.116579
0.116579
0.116579
0.116579
0.116579
0.116579
0.116579
0.116579
0.116579
0.116579
0.116579
0.116579
0.116579
0.116579
0.116579
0.116579
0.116579
0.116579
0.116579
0.116579
0.116579
0.116579
0.116579
0.116579
0.116579
0.116579
0.116579
0.116579
0.116579
0.116579
0.116579
0.116579
0.116579
0.116579
0.116579
0.116579
0.116579
0.116579
0.116579
0.116579
0.116579
0.116579
0.116579
0.116579
0.116579
0.116579
0.116579
0.116579
0.116579
0.116579
0.116579
0.116579
0.116579
0.116579
0.116579
0.116579
0.116579
0.116579
0.116579
0.116579
0.116579
0.116579
0.116579
0.116579
0.116579
0.116579
0.116579
0.116579
0.116579
0.116579
0.116579
0.116579
0.116579
0.116579
0.116579
0.116579
0.116579
0.116579
0.116579
0.116579
0.116579
0.116579
0.116579
0.116579
0.116579
0.116579
0.116579
0.116579
0.116579
0.116579
0.116579
0.116579
0.116579
0.116579
0.116579
0.116579
0.116579
0.116579
0.116579
0.116579
0.116579
0.116579
0.116579
0.116579
0.116579
0.116579
0.116579
0.116579
0.116579
0.116579
0.116579
0.116579
0.116579
0.116579
0.116579
0.116579
0.116579
0.116579
0.116579
0.116579
0.116579
0.116579
0.116579
0.116579
0.116579
0.116579
0.116579
0.116579
0.116579
0.116579
0.116579
0.116579
0.116579
0.116579
0.116579
0.116579
0.116579
0.116579
0.116579
0.116579
0.116579
0.116579
0.116579
0.116579
0.116579
0.116579
0.116579
0.116579
0.116579
0.116579
0.116579
0.116579
0.116579
0.116579
0.116579
0.116579
0.116579
0.116579
0.116579
0.116579
0.116579
0.116579
0.116579
0.116579
0.116579
0.116579
0.116579
0.116579
0.116579
0.116579
0.116579
0.116579
0.116579
0.116579
0.116579
0.116579
0.116579
0.116579
0.116579
0.116579
0.116579
0.116579
0.116579
0.116579
0.116579
0.116579
0.116579
0.116579
0.116579
0.116579
0.116579
0.116579
0.116579
0.116579
0.116579
0.116579
0.116579
0.116579
0.116579
0.116579
0.116579
0.116579
0.116579
0.116579
0.116579
0.116579
0.116579
0.116579
0.116579
0.116579
0.116579
0.116579
0.116579
0.116579
0.116579
0.116579
0.116579
0.116579
0.116579
0.116579
0.116579
0.116579
0.116579
0.116579
0.116579
0.116579
0.116579
0.116579
0.116579
0.116579
0.116579
0.116579
0.116579
0.116579
0.116579
0.116579
0.116579
0.116579
0.116579
0.116579
0.116579
0.116579
0.116579
0.116579
0.116579
0.116579
0.116579
0.116579
0.116579
0.116579
0.116579
0.116579
0.116579
0.116579
0.116579
0.116579
0.116579
0.116579
0.116579
0.116579
0.116579
0.116579
0.116579
0.116579
0.116579
0.116579
0.116579
0.116579
0.116579
0.116579
0.116579
0.116579
0.116579
0.116579
0.116579
0.116579
0.116579
0.116579
0.116579
0.116579
0.116579
0.116579
0.116579
0.116579
0.116579
0.116579
0.116579
0.116579
0.116579
0.116579
0.116579
0.116579
0.116579
0.116579
0.116579
0.116579
0.116579
0.116579
0.116579
0.116579
0.116579
0.116579
0.116579
0.116579
0.116579
0.116579
0.116579
0.116579
0.116579
0.116579
0.116579
0.116579
0.116579
0.116579
0.116579
0.116579
0.116579
0.116579
0.116579
0.116579
0.116579
0.116579
0.116579
0.116579
0.116579
0.116579
0.116579
0.116579
0.116579
0.116579
0.116579
0.116579
0.116579
0.116579
0.116579
0.116579
0.116579
0.116579
0.116579
0.116579
0.116579
0.116579
0.116579
0.116579
0.116579
0.116579
0.116579
0.116579
0.116579
0.116579
0.116579
0.116579
0.116579
0.116579
0.116579
0.116579
0.116579
0.116579
0.116579
0.116579
0.116579
0.116579
0.116579
0.116579
0.116579
0.116579
0.116579
0.116579
0.116579
0.116579
0.116579
0.116579
0.116579
0.116579
0.116579
0.116579
0.116579
0.116579
0.116579
0.116579
0.116579
0.116579
0.116579
0.116579
0.116579
0.116579
0.116579
0.116579
0.116579
0.116579
0.116579
0.116579
0.116579
0.116579
0.116579
0.116579
0.116579
0.116579
0.116579
0.116579
0.116579
0.116579
0.116579
0.116579
0.116579
0.116579
0.116579
0.116579
0.116579
0.116579
0.116579
0.116579
0.116579
0.116579
0.116579
0.116579
0.116579
0.116579
0.116579
0.116579
0.116579
0.116579
0.116579
0.116579
0.116579
0.116579
0.116579
0.116579
0.116579
0.116579
0.116579
0.116579
0.116579
0.116579
0.116579
0.116579
0.116579
0.116579
0.116579
0.116579
0.116579
0.116579
0.116579
0.116579
0.116579
0.116579
0.116579
0.116579
0.116579
0.116579
0.116579
0.116579
0.116579
0.116579
0.116579
0.116579
0.116579
0.116579
0.116579
0.116579
0.116579
0.116579
0.116579
0.116579
0.116579
0.116579
0.116579
0.116579
0.116579
0.116579
0.116579
0.116579
0.116579
0.116579
0.116579
0.116579
0.116579
0.116579
0.116579
0.116579
0.116579
0.116579
0.116579
0.116579
0.116579
0.116579
0.116579
0.116579
0.116579
0.116579
0.116579
0.116579
0.116579
0.116579
0.116579
0.116579
0.116579
0.116579
0.116579
0.116579
0.116579
0.116579
0.116579
0.116579
0.116579
0.116579
0.116579
0.116579
0.116579
0.116579
0.116579
0.116579
0.116579
0.116579
0.116579
0.116579
0.116579
0.116579
0.116579
0.116579
0.116579
0.116579
0.116579
0.116579
0.116579
0.116579
0.116579
0.116579
0.116579
0.116579
0.116579
0.116579
0.116579
0.116579
0.116579
0.116579
0.116579
0.116579
0.116579
0.116579
0.116579
0.116579
0.116579
0.116579
0.116579
0.116579
0.116579
0.116579
0.116579
0.116579
0.116579
0.116579
0.116579
0.116579
0.116579
0.116579
0.116579
0.116579
0.116579
0.116579
0.116579
0.116579
0.116579
0.116579
0.116579
0.116579
0.116579
0.116579
0.116579
0.116579
0.116579
0.116579
0.116579
0.116579
0.116579
0.116579
0.116579
0.116579
0.116579
0.116579
0.116579
0.116579
0.116579
0.116579
0.116579
0.116579
0.116579
0.116579
0.116579
0.116579
0.116579
0.116579
0.116579
0.116579
0.116579
0.116579
0.116579
0.116579
0.116579
0.116579
0.116579
0.116579
0.116579
0.116579
0.116579
0.116579
0.116579
0.116579
0.116579
0.116579
0.116579
0.116579
0.116579
0.116579
0.116579
0.116579
0.116579
0.116579
0.116579
0.116579
0.116579
0.116579
0.116579
0.116579
0.116579
0.116579
0.116579
0.116579
0.116579
0.116579
0.116579
0.116579
0.116579
0.116579
0.116579
0.116579
0.116579
0.116579
0.116579
0.116579
0.116579
0.116579
0.116579
0.116579
0.116579
0.116579
0.116579
0.116579
0.116579
0.116579
0.116579
0.116579
0.116579
0.116579
0.116579
0.116579
0.116579
0.116579
0.116579
0.116579
0.116579
0.116579
0.116579
0.116579
0.116579
0.116579
0.116579
0.116579
0.116579
0.116579
0.116579
0.116579
0.116579
0.116579
0.116579
0.116579
0.116579
0.116579
0.116579
0.116579
0.116579
0.116579
0.116579
0.116579
0.116579
0.116579
0.116579
0.116579
0.116579
0.116579
0.116579
0.116579
0.116579
0.116579
0.116579
0.116579
0.116579
0.116579
0.116579
0.116579
0.116579
0.116579
0.116579
0.116579
0.116579
0.116579
0.116579
0.116579
0.116579
0.116579
0.116579
0.116579
0.116579
0.116579
0.116579
0.116579
0.116579
0.116579
0.116579
0.116579
0.116579
0.116579
0.116579
0.116579
0.116579
0.116579
0.116579
0.116579
0.116579
0.116579
0.116579
0.116579
0.116579
0.116579
0.116579
0.116579
0.116579
0.116579
0.116579
0.116579
0.116579
0.116579
0.116579
0.116579
0.116579
0.116579
0.116579
0.116579
0.116579
0.116579
0.116579
0.116579
0.116579
0.116579
0.116579
0.116579
0.116579
0.116579
0.116579
0.116579
0.116579
0.116579
0.116579
0.116579
0.116579
0.116579
0.116579
0.116579
0.116579
0.116579
0.116579
0.116579
0.116579
0.116579
0.116579
0.116579
0.116579
0.116579
0.116579
0.116579
0.116579
0.116579
0.116579
0.116579
0.116579
0.116579
0.116579
0.116579
0.116579
0.116579
0.116579
0.116579
0.116579
0.116579
0.116579
0.116579
0.116579
0.116579
0.116579
0.116579
0.116579
0.116579
0.116579
0.116579
0.116579
0.116579
0.116579
0.116579
0.116579
0.116579
0.116579
0.116579
0.116579
0.116579
0.116579
0.116579
0.116579
0.116579
0.116579
0.116579
0.116579
0.116579
0.116579
0.116579
0.116579
0.116579
0.116579
0.116579
0.116579
0.116579
0.116579
0.116579
0.116579
0.116579
0.116579
0.116579
0.116579
0.116579
0.116579
0.116579
0.116579
0.116579
0.116579
0.116579
0.116579
0.116579
0.116579
0.116579
0.116579
0.116579
0.116579
0.116579
0.116579
0.116579
0.116579
0.116579
0.116579
0.116579
0.116579
0.116579
0.116579
0.116579
0.116579
0.116579
0.116579
0.116579
0.116579
0.116579
0.116579
0.116579
0.116579
0.116579
0.116579
0.116579
0.116579
0.116579
0.116579
0.116579
0.116579
0.116579
0.116579
0.116579
0.116579
0.116579
0.116579
0.116579
0.116579
0.116579
0.116579
0.116579
0.116579
0.116579
0.116579
0.116579
0.116579
0.116579
0.116579
0.116579
0.116579
0.116579
0.116579
0.116579
0.116579
0.116579
0.116579
0.116579
0.116579
0.116579
0.116579
0.116579
0.116579
0.116579
0.116579
0.116579
0.116579
0.116579
0.116579
0.116579
0.116579
0.116579
0.116579
0.116579
0.116579
0.116579
0.116579
0.116579
0.116579
0.116579
0.116579
0.116579
0.116579
0.116579
0.116579
0.116579
0.116579
0.116579
0.116579
0.116579
0.116579
0.116579
0.116579
0.116579
0.116579
0.116579
0.116579
0.116579
0.116579
0.116579
0.116579
0.116579
0.116579
0.116579
0.116579
0.116579
0.116579
0.116579
0.116579
0.116579
0.116579
0.116579
0.116579
0.116579
0.116579
0.116579
0.116579
0.116579
0.116579
0.116579
0.116579
0.116579
0.116579
0.116579
0.116579
0.116579
0.116579
0.116579
0.116579
0.116579
0.116579
0.116579
0.116579
0.116579
0.116579
0.116579
0.116579
0.116579
0.116579
0.116579
0.116579
0.116579
0.116579
0.116579
0.116579
0.116579
0.116579
0.116579
0.116579
0.116579
0.116579
0.116579
0.116579
0.116579
0.116579
0.116579
0.116579
0.116579
0.116579
0.116579
0.116579
0.116579
0.116579
0.116579
0.116579
0.116579
0.116579
0.116579
0.116579
0.116579
0.116579
0.116579
0.116579
0.116579
0.116579
0.116579
0.116579
0.116579
0.116579
0.116579
0.116579
0.116579
0.116579
0.116579
0.116579
0.116579
0.116579
0.116579
0.116579
0.116579
0.116579
0.116579
0.116579
0.116579
0.116579
0.116579
0.116579
0.116579
0.116579
0.116579
0.116579
0.116579
0.116579
0.116579
0.116579
0.116579
0.116579
0.116579
0.116579
0.116579
0.116579
0.116579
0.116579
0.116579
0.116579
0.116579
0.116579
0.116579
0.116579
0.116579
0.116579
0.116579
0.116579
0.116579
0.116579
0.116579
0.116579
0.116579
0.116579
0.116579
0.116579
0.116579
0.116579
0.116579
0.116579
0.116579
0.116579
0.116579
0.116579
0.116579
0.116579
0.116579
0.116579
0.116579
0.116579
0.116579
0.116579
0.116579
0.116579
0.116579
0.116579
0.116579
0.116579
0.116579
0.116579
0.116579
0.116579
0.116579
0.116579
0.116579
0.116579
0.116579
0.116579
0.116579
0.116579
0.116579
0.116579
0.116579
0.116579
0.116579
0.116579
0.116579
0.116579
0.116579
0.116579
0.116579
0.116579
0.116579
0.116579
0.116579
0.116579
0.116579
0.116579
0.116579
0.116579
0.116579
0.116579
0.116579
0.116579
0.116579
0.116579
0.116579
0.116579
0.116579
0.116579
0.116579
0.116579
0.116579
0.116579
0.116579
0.116579
0.116579
0.116579
0.116579
0.116579
0.116579
0.116579
0.116579
0.116579
0.116579
0.116579
0.116579
0.116579
0.116579
0.116579
0.116579
0.116579
0.116579
0.116579
0.116579
0.116579
0.116579
0.116579
0.116579
0.116579
0.116579
0.116579
0.116579
0.116579
0.116579
0.116579
0.116579
0.116579
0.116579
0.116579
0.116579
0.116579
0.116579
0.116579
0.116579
0.116579
0.116579
0.116579
0.116579
0.116579
0.116579
0.116579
0.116579
0.116579
0.116579
0.116579
0.116579
0.116579
0.116579
0.116579
0.116579
0.116579
0.116579
0.116579
0.116579
0.116579
0.116579
0.116579
0.116579
0.116579
0.116579
0.116579
0.116579
0.116579
0.116579
0.116579
0.116579
0.116579
0.116579
0.116579
0.116579
0.116579
0.116579
0.116579
0.116579
0.116579
0.116579
0.116579
0.116579
0.116579
0.116579
0.116579
0.116579
0.116579
0.116579
0.116579
0.116579
0.116579
0.116579
0.116579
0.116579
0.116579
0.116579
0.116579
0.116579
0.116579
0.116579
0.116579
0.116579
0.116579
0.116579
0.116579
0.116579
0.116579
0.116579
0.116579
0.116579
0.116579
0.116579
0.116579
0.116579
0.116579
0.116579
0.116579
0.116579
0.116579
0.116579
0.116579
0.116579
0.116579
0.116579
0.116579
0.116579
0.116579
0.116579
0.116579
0.116579
0.116579
0.116579
0.116579
0.116579
0.116579
0.116579
0.116579
0.116579
0.116579
0.116579
0.116579
0.116579
0.116579
0.116579
0.116579
0.116579
0.116579
0.116579
0.116579
0.116579
0.116579
0.116579
0.116579
0.116579
0.116579
0.116579
0.116579
0.116579
0.116579
0.116579
0.116579
0.116579
0.116579
0.116579
0.116579
0.116579
0.116579
0.116579
0.116579
0.116579
0.116579
0.116579
0.116579
0.116579
0.116579
0.116579
0.116579
0.116579
0.116579
0.116579
0.116579
0.116579
0.116579
0.116579
0.116579
0.116579
0.116579
0.116579
0.116579
0.116579
0.116579
0.116579
0.116579
0.116579
0.116579
0.116579
0.116579
0.116579
0.116579
0.116579
0.116579
0.116579
0.116579
0.116579
0.116579
0.116579
0.116579
0.116579
0.116579
0.116579
0.116579
0.116579
0.116579
0.116579
0.116579
0.116579
0.116579
0.116579
0.116579
0.116579
0.116579
0.116579
0.116579
0.116579
0.116579
0.116579
0.116579
0.116579
0.116579
0.116579
0.116579
0.116579
0.116579
0.116579
0.116579
0.116579
0.116579
0.116579
0.116579
0.116579
0.116579
0.116579
0.116579
0.116579
0.116579
0.116579
0.116579
0.116579
0.116579
0.116579
0.116579
0.116579
0.116579
0.116579
0.116579
0.116579
0.116579
0.116579
0.116579
0.116579
0.116579
0.116579
0.116579
0.116579
0.116579
0.116579
0.116579
0.116579
0.116579
0.116579
0.116579
0.116579
0.116579
0.116579
0.116579
0.116579
0.116579
0.116579
0.116579
0.116579
0.116579
0.116579
0.116579
0.116579
0.116579
0.116579
0.116579
0.116579
0.116579
0.116579
0.116579
0.116579
0.116579
0.116579
0.116579
0.116579
0.116579
0.116579
0.116579
0.116579
0.116579
0.116579
0.116579
0.116579
0.116579
0.116579
0.116579
0.116579
0.116579
0.116579
0.116579
0.116579
0.116579
0.116579
0.116579
0.116579
0.116579
0.116579
0.116579
0.116579
0.116579
0.116579
0.116579
0.116579
0.116579
0.116579
0.116579
0.116579
0.116579
0.116579
0.116579
0.116579
0.116579
0.116579
0.116579
0.116579
0.116579
0.116579
0.116579
0.116579
0.116579
0.116579
0.116579
0.116579
0.116579
0.116579
0.116579
0.116579
0.116579
0.116579
0.116579
0.116579
0.116579
0.116579
0.116579
0.116579
0.116579
0.116579
0.116579
0.116579
0.116579
0.116579
0.116579
0.116579
0.116579
0.116579
0.116579
0.116579
0.116579
0.116579
0.116579
0.116579
0.116579
0.116579
0.116579
0.116579
0.116579
0.116579
0.116579
0.116579
0.116579
0.116579
0.116579
0.116579
0.116579
0.116579
0.116579
0.116579
0.116579
0.116579
0.116579
0.116579
0.116579
0.116579
0.116579
0.116579
0.116579
0.116579
0.116579
0.116579
0.116579
0.116579
0.116579
0.116579
0.116579
0.116579
0.116579
0.116579
0.116579
0.116579
0.116579
0.116579
0.116579
0.116579
0.116579
0.116579
0.116579
0.116579
0.116579
0.116579
0.116579
0.116579
0.116579
0.116579
0.116579
0.116579
0.116579
0.116579
0.116579
0.116579
0.116579
0.116579
0.116579
0.116579
0.116579
0.116579
0.116579
0.116579
0.116579
0.116579
0.116579
0.116579
0.116579
0.116579
0.116579
0.116579
0.116579
0.116579
0.116579
0.116579
0.116579
0.116579
0.116579
0.116579
0.116579
0.116579
0.116579
0.116579
0.116579
0.116579
0.116579
0.116579
0.116579
0.116579
0.116579
0.116579
0.116579
0.116579
0.116579
0.116579
0.116579
0.116579
0.116579
0.116579
0.116579
0.116579
0.116579
0.116579
0.116579
0.116579
0.116579
0.116579
0.116579
0.116579
0.116579
0.116579
0.116579
0.116579
0.116579
0.116579
0.116579
0.116579
0.116579
0.116579
0.116579
0.116579
0.116579
0.116579
0.116579
0.116579
0.116579
0.116579
0.116579
0.116579
0.116579
0.116579
0.116579
0.116579
0.116579
0.116579
0.116579
0.116579
0.116579
0.116579
0.116579
0.116579
0.116579
0.116579
0.116579
0.116579
0.116579
0.116579
0.116579
0.116579
0.116579
0.116579
0.116579
0.116579
0.116579
0.116579
0.116579
0.116579
0.116579
0.116579
0.116579
0.116579
0.116579
0.116579
0.116579
0.116579
0.116579
0.116579
0.116579
0.116579
0.116579
0.116579
0.116579
0.116579
0.116579
0.116579
0.116579
0.116579
0.116579
0.116579
0.116579
0.116579
0.116579
0.116579
0.116579
0.116579
0.116579
0.116579
0.116579
0.116579
0.116579
0.116579
0.116579
0.116579
0.116579
0.116579
0.116579
0.116579
0.116579
0.116579
0.116579
0.116579
0.116579
0.116579
0.116579
0.116579
0.116579
0.116579
0.116579
0.116579
0.116579
0.116579
0.116579
0.116579
0.116579
0.116579
0.116579
0.116579
0.116579
0.116579
0.116579
0.116579
0.116579
0.116579
0.116579
0.116579
0.116579
0.116579
0.116579
0.116579
0.116579
0.116579
0.116579
0.116579
0.116579
0.116579
0.116579
0.116579
0.116579
0.116579
0.116579
0.116579
0.116579
0.116579
0.116579
0.116579
0.116579
0.116579
0.116579
0.116579
0.116579
0.116579
0.116579
0.116579
0.116579
0.116579
0.116579
0.116579
0.116579
0.116579
0.116579
0.116579
0.116579
0.116579
0.116579
0.116579
0.116579
0.116579
0.116579
0.116579
0.116579
0.116579
0.116579
0.116579
0.116579
0.116579
0.116579
0.116579
0.116579
0.116579
0.116579
0.116579
0.116579
0.116579
0.116579
0.116579
0.116579
0.116579
0.116579
0.116579
0.116579
0.116579
0.116579
0.116579
0.116579
0.116579
0.116579
0.116579
0.116579
0.116579
0.116579
0.116579
0.116579
0.116579
0.116579
0.116579
0.116579
0.116579
0.116579
0.116579
0.116579
0.116579
0.116579
0.116579
0.116579
0.116579
0.116579
0.116579
0.116579
0.116579
0.116579
0.116579
0.116579
0.116579
0.116579
0.116579
0.116579
0.116579
0.116579
0.116579
0.116579
0.116579
0.116579
0.116579
0.116579
0.116579
0.116579
0.116579
0.116579
0.116579
0.116579
0.116579
0.116579
0.116579
0.116579
0.116579
0.116579
0.116579
0.116579
0.116579
0.116579
0.116579
0.116579
0.116579
0.116579
0.116579
0.116579
0.116579
0.116579
0.116579
0.116579
0.116579
0.116579
0.116579
0.116579
0.116579
0.116579
0.116579
0.116579
0.116579
0.116579
0.116579
0.116579
0.116579
0.116579
0.116579
0.116579
0.116579
0.116579
0.116579
0.116579
0.116579
0.116579
0.116579
0.116579
0.116579
0.116579
0.116579
0.116579
0.116579
0.116579
0.116579
0.116579
0.116579
0.116579
0.116579
0.116579
0.116579
0.116579
0.116579
0.116579
0.116579
0.116579
0.116579
0.116579
0.116579
0.116579
0.116579
0.116579
0.116579
0.116579
0.116579
0.116579
0.116579
0.116579
0.116579
0.116579
0.116579
0.116579
0.116579
0.116579
0.116579
0.116579
0.116579
0.116579
0.116579
0.116579
0.116579
0.116579
0.116579
0.116579
0.116579
0.116579
0.116579
0.116579
0.116579
0.116579
0.116579
0.116579
0.116579
0.116579
0.116579
0.116579
0.116579
0.116579
0.116579
0.116579
0.116579
0.116579
0.116579
0.116579
0.116579
0.116579
0.116579
0.116579
0.116579
0.116579
0.116579
0.116579
0.116579
0.116579
0.116579
0.116579
0.116579
0.116579
0.116579
0.116579
0.116579
0.116579
0.116579
0.116579
0.116579
0.116579
0.116579
0.116579
0.116579
0.116579
0.116579
0.116579
0.116579
0.116579
0.116579
0.116579
0.116579
0.116579
0.116579
0.116579
0.116579
0.116579
0.116579
0.116579
0.116579
0.116579
0.116579
0.116579
0.116579
0.116579
0.116579
0.116579
0.116579
0.116579
0.116579
0.116579
0.116579
0.116579
0.116579
0.116579
0.116579
0.116579
0.116579
0.116579
0.116579
0.116579
0.116579
0.116579
0.116579
0.116579
0.116579
0.116579
0.116579
0.116579
0.116579
0.116579
0.116579
0.116579
0.116579
0.116579
0.116579
0.116579
0.116579
0.116579
0.116579
0.116579
0.116579
0.116579
0.116579
0.116579
0.116579
0.116579
0.116579
0.116579
0.116579
0.116579
0.116579
0.116579
0.116579
0.116579
0.116579
0.116579
0.116579
0.116579
0.116579
0.116579
0.116579
0.116579
0.116579
0.116579
0.116579
0.116579
0.116579
0.116579
0.116579
0.116579
0.116579
0.116579
0.116579
0.116579
0.116579
0.116579
0.116579
0.116579
0.116579
0.116579
0.116579
0.116579
0.116579
0.116579
0.116579
0.116579
0.116579
0.116579
0.116579
0.116579
0.116579
0.116579
0.116579
0.116579
0.116579
0.116579
0.116579
0.116579
0.116579
0.116579
0.116579
0.116579
0.116579
0.116579
0.116579
0.116579
0.116579
0.116579
0.116579
0.116579
0.116579
0.116579
0.116579
0.116579
0.116579
0.116579
0.116579
0.116579
0.116579
0.116579
0.116579
0.116579
0.116579
0.116579
0.116579
0.116579
0.116579
0.116579
0.116579
0.116579
0.116579
0.116579
0.116579
0.116579
0.116579
0.116579
0.116579
0.116579
0.116579
0.116579
0.116579
0.116579
0.116579
0.116579
0.116579
0.116579
0.116579
0.116579
0.116579
0.116579
0.116579
0.116579
0.116579
0.116579
0.116579
0.116579
0.116579
0.116579
0.116579
0.116579
0.116579
0.116579
0.116579
0.116579
0.116579
0.116579
0.116579
0.116579
0.116579
0.116579
0.116579
0.116579
0.116579
0.116579
0.116579
0.116579
0.116579
0.116579
0.116579
0.116579
0.116579
0.116579
0.116579
0.116579
0.116579
0.116579
0.116579
0.116579
0.116579
0.116579
0.116579
0.116579
0.116579
0.116579
0.116579
0.116579
0.116579
0.116579
0.116579
0.116579
0.116579
0.116579
0.116579
0.116579
0.116579
0.116579
0.116579
0.116579
0.116579
0.116579
0.116579
0.116579
0.116579
0.116579
0.116579
0.116579
0.116579
0.116579
0.116579
0.116579
0.116579
0.116579
0.116579
0.116579
0.116579
0.116579
0.116579
0.116579
0.116579
0.116579
0.116579
0.116579
0.116579
0.116579
0.116579
0.116579
0.116579
0.116579
0.116579
0.116579
0.116579
0.116579
0.116579
0.116579
0.116579
0.116579
0.116579
0.116579
0.116579
0.116579
0.116579
0.116579
0.116579
0.116579
0.116579
0.116579
0.116579
0.116579
0.116579
0.116579
0.116579
0.116579
0.116579
0.116579
0.116579
0.116579
0.116579
0.116579
0.116579
0.116579
0.116579
0.116579
0.116579
0.116579
0.116579
0.116579
0.116579
0.116579
0.116579
0.116579
0.116579
0.116579
0.116579
0.116579
0.116579
0.116579
0.116579
0.116579
0.116579
0.116579
0.116579
0.116579
0.116579
0.116579
0.116579
0.116579
0.116579
0.116579
0.116579
0.116579
0.116579
0.116579
0.116579
0.116579
0.116579
0.116579
0.116579
0.116579
0.116579
0.116579
0.116579
0.116579
0.116579
0.116579
0.116579
0.116579
0.116579
0.116579
0.116579
0.116579
0.116579
0.116579
0.116579
0.116579
0.116579
0.116579
0.116579
0.116579
0.116579
0.116579
0.116579
0.116579
0.116579
0.116579
0.116579
0.116579
0.116579
0.116579
0.116579
0.116579
0.116579
0.116579
0.116579
0.116579
0.116579
0.116579
0.116579
0.116579
0.116579
0.116579
0.116579
0.116579
0.116579
0.116579
0.116579
0.116579
0.116579
0.116579
0.116579
0.116579
0.116579
0.116579
0.116579
0.116579
0.116579
0.116579
0.116579
0.116579
0.116579
0.116579
0.116579
0.116579
0.116579
0.116579
0.116579
0.116579
0.116579
0.116579
0.116579
0.116579
0.116579
0.116579
0.116579
0.116579
0.116579
0.116579
0.116579
0.116579
0.116579
0.116579
0.116579
0.116579
0.116579
0.116579
0.116579
0.116579
0.116579
0.116579
0.116579
0.116579
0.116579
0.116579
0.116579
0.116579
0.116579
0.116579
0.116579
0.116579
0.116579
0.116579
0.116579
0.116579
0.116579
0.116579
0.116579
0.116579
0.116579
0.116579
0.116579
0.116579
0.116579
0.116579
0.116579
0.116579
0.116579
0.116579
0.116579
0.116579
0.116579
0.116579
0.116579
0.116579
0.116579
0.116579
0.116579
0.116579
0.116579
0.116579
0.116579
0.116579
0.116579
0.116579
0.116579
0.116579
0.116579
0.116579
0.116579
0.116579
0.116579
0.116579
0.116579
0.116579
0.116579
0.116579
0.116579
0.116579
0.116579
0.116579
0.116579
0.116579
0.116579
0.116579
0.116579
0.116579
0.116579
0.116579
0.116579
0.116579
0.116579
0.116579
0.116579
0.116579
0.116579
0.116579
0.116579
0.116579
0.116579
0.116579
0.116579
0.116579
0.116579
0.116579
0.116579
0.116579
0.116579
0.116579
0.116579
0.116579
0.116579
0.116579
0.116579
0.116579
0.116579
0.116579
0.116579
0.116579
0.116579
0.116579
0.116579
0.116579
0.116579
0.116579
0.116579
0.116579
0.116579
0.116579
0.116579
0.116579
0.116579
0.116579
0.116579
0.116579
0.116579
0.116579
0.116579
0.116579
0.116579
0.116579
0.116579
0.116579
0.116579
0.116579
0.116579
0.116579
0.116579
0.116579
0.116579
0.116579
0.116579
0.116579
0.116579
0.116579
0.116579
0.116579
0.116579
0.116579
0.116579
0.116579
0.116579
0.116579
0.116579
0.116579
0.116579
0.116579
0.116579
0.116579
0.116579
0.116579
0.116579
0.116579
0.116579
0.116579
0.116579
0.116579
0.116579
0.116579
0.116579
0.116579
0.116579
0.116579
0.116579
0.116579
0.116579
0.116579
0.116579
0.116579
0.116579
0.116579
0.116579
0.116579
0.116579
0.116579
0.116579
0.116579
0.116579
0.116579
0.116579
0.116579
0.116579
0.116579
0.116579
0.116579
0.116579
0.116579
0.116579
0.116579
0.116579
0.116579
0.116579
0.116579
0.116579
0.116579
0.116579
0.116579
0.116579
0.116579
0.116579
0.116579
0.116579
0.116579
0.116579
0.116579
0.116579
0.116579
0.116579
0.116579
0.116579
0.116579
0.116579
0.116579
0.116579
0.116579
0.116579
0.116579
0.116579
0.116579
0.116579
0.116579
0.116579
0.116579
0.116579
0.116579
0.116579
0.116579
0.116579
0.116579
0.116579
0.116579
0.116579
0.116579
0.116579
0.116579
0.116579
0.116579
0.116579
0.116579
0.116579
0.116579
0.116579
0.116579
0.116579
0.116579
0.116579
0.116579
0.116579
0.116579
0.116579
0.116579
0.116579
0.116579
0.116579
0.116579
0.116579
0.116579
0.116579
0.116579
0.116579
0.116579
0.116579
0.116579
0.116579
0.116579
0.116579
0.116579
0.116579
0.116579
0.116579
0.116579
0.116579
0.116579
0.116579
0.116579
0.116579
0.116579
0.116579
0.116579
0.116579
0.116579
0.116579
0.116579
0.116579
0.116579
0.116579
0.116579
0.116579
0.116579
0.116579
0.116579
0.116579
0.116579
0.116579
0.116579
0.116579
0.116579
0.116579
0.116579
0.116579
0.116579
0.116579
0.116579
0.116579
0.116579
0.116579
0.116579
0.116579
0.116579
0.116579
0.116579
0.116579
0.116579
0.116579
0.116579
0.116579
0.116579
0.116579
0.116579
0.116579
0.116579
0.116579
0.116579
0.116579
0.116579
0.116579
0.116579
0.116579
0.116579
0.116579
0.116579
0.116579
0.116579
0.116579
0.116579
0.116579
0.116579
0.116579
0.116579
0.116579
0.116579
0.116579
0.116579
0.116579
0.116579
0.116579
0.116579
0.116579
0.116579
0.116579
0.116579
0.116579
0.116579
0.116579
0.116579
0.116579
0.116579
0.116579
0.116579
0.116579
0.116579
0.116579
0.116579
0.116579
0.116579
0.116579
0.116579
0.116579
0.116579
0.116579
0.116579
0.116579
0.116579
0.116579
0.116579
0.116579
0.116579
0.116579
0.116579
0.116579
0.116579
0.116579
0.116579
0.116579
0.116579
0.116579
0.116579
0.116579
0.116579
0.116579
0.116579
0.116579
0.116579
0.116579
0.116579
0.116579
0.116579
0.116579
0.116579
0.116579
0.116579
0.116579
0.116579
0.116579
0.116579
0.116579
0.116579
0.116579
0.116579
0.116579
0.116579
0.116579
0.116579
0.116579
0.116579
0.116579
0.116579
0.116579
0.116579
0.116579
0.116579
0.116579
0.116579
0.116579
0.116579
0.116579
0.116579
0.116579
0.116579
0.116579
0.116579
0.116579
0.116579
0.116579
0.116579
0.116579
0.116579
0.116579
0.116579
0.116579
0.116579
0.116579
0.116579
0.116579
0.116579
0.116579
0.116579
0.116579
0.116579
0.116579
0.116579
0.116579
0.116579
0.116579
0.116579
0.116579
0.116579
0.116579
0.116579
0.116579
0.116579
0.116579
0.116579
0.116579
0.116579
0.116579
0.116579
0.116579
0.116579
0.116579
0.116579
0.116579
0.116579
0.116579
0.116579
0.116579
0.116579
0.116579
0.116579
0.116579
0.116579
0.116579
0.116579
0.116579
0.116579
0.116579
0.116579
0.116579
0.116579
0.116579
0.116579
0.116579
0.116579
0.116579
0.116579
0.116579
0.116579
0.116579
0.116579
0.116579
0.116579
0.116579
0.116579
0.116579
0.116579
0.116579
0.116579
0.116579
0.116579
0.116579
0.116579
0.116579
0.116579
0.116579
0.116579
0.116579
0.116579
0.116579
0.116579
0.116579
0.116579
0.116579
0.116579
0.116579
0.116579
0.116579
0.116579
0.116579
0.116579
0.116579
0.116579
0.116579
0.116579
0.116579
0.116579
0.116579
0.116579
0.116579
0.116579
0.116579
0.116579
0.116579
0.116579
0.116579
0.116579
0.116579
0.116579
0.116579
0.116579
0.116579
0.116579
0.116579
0.116579
0.116579
0.116579
0.116579
0.116579
0.116579
0.116579
0.116579
0.116579
0.116579
0.116579
0.116579
0.116579
0.116579
0.116579
0.116579
0.116579
0.116579
0.116579
0.116579
0.116579
0.116579
0.116579
0.116579
0.116579
0.116579
0.116579
0.116579
0.116579
0.116579
0.116579
0.116579
0.116579
0.116579
0.116579
0.116579
0.116579
0.116579
0.116579
0.116579
0.116579
0.116579
0.116579
0.116579
0.116579
0.116579
0.116579
0.116579
0.116579
0.116579
0.116579
0.116579
0.116579
0.116579
0.116579
0.116579
0.116579
0.116579
0.116579
0.116579
0.116579
0.116579
0.116579
0.116579
0.116579
0.116579
0.116579
0.116579
0.116579
0.116579
0.116579
0.116579
0.116579
0.116579
0.116579
0.116579
0.116579
0.116579
0.116579
0.116579
0.116579
0.116579
0.116579
0.116579
0.116579
0.116579
0.116579
0.116579
0.116579
0.116579
0.116579
0.116579
0.116579
0.116579
0.116579
0.116579
0.116579
0.116579
0.116579
0.116579
0.116579
0.116579
0.116579
0.116579
0.116579
0.116579
0.116579
0.116579
0.116579
0.116579
0.116579
0.116579
0.116579
0.116579
0.116579
0.116579
0.116579
0.116579
0.116579
0.116579
0.116579
0.116579
0.116579
0.116579
0.116579
0.116579
0.116579
0.116579
0.116579
0.116579
0.116579
0.116579
0.116579
0.116579
0.116579
0.116579
0.116579
0.116579
0.116579
0.116579
0.116579
0.116579
0.116579
0.116579
0.116579
0.116579
0.116579
0.116579
0.116579
0.116579
0.116579
0.116579
0.116579
0.116579
0.116579
0.116579
0.116579
0.116579
0.116579
0.116579
0.116579
0.116579
0.116579
0.116579
0.116579
0.116579
0.116579
0.116579
0.116579
0.116579
0.116579
0.116579
0.116579
0.116579
0.116579
0.116579
0.116579
0.116579
0.116579
0.116579
0.116579
0.116579
0.116579
0.116579
0.116579
0.116579
0.116579
0.116579
0.116579
0.116579
0.116579
0.116579
0.116579
0.116579
0.116579
0.116579
0.116579
0.116579
0.116579
0.116579
0.116579
0.116579
0.116579
0.116579
0.116579
0.116579
0.116579
0.116579
0.116579
0.116579
0.116579
0.116579
0.116579
0.116579
0.116579
0.116579
0.116579
0.116579
0.116579
0.116579
0.116579
0.116579
0.116579
0.116579
0.116579
0.116579
0.116579
0.116579
0.116579
0.116579
0.116579
0.116579
0.116579
0.116579
0.116579
0.116579
0.116579
0.116579
0.116579
0.116579
0.116579
0.116579
0.116579
0.116579
0.116579
0.116579
0.116579
0.116579
0.116579
0.116579
0.116579
0.116579
0.116579
0.116579
0.116579
0.116579
0.116579
0.116579
0.116579
0.116579
0.116579
0.116579
0.116579
0.116579
0.116579
0.116579
0.116579
0.116579
0.116579
0.116579
0.116579
0.116579
0.116579
0.116579
0.116579
0.116579
0.116579
0.116579
0.116579
0.116579
0.116579
0.116579
0.116579
0.116579
0.116579
0.116579
0.116579
0.116579
0.116579
0.116579
0.116579
0.116579
0.116579
0.116579
0.116579
0.116579
0.116579
0.116579
0.116579
0.116579
0.116579
0.116579
0.116579
0.116579
0.116579
0.116579
0.116579
0.116579
0.116579
0.116579
0.116579
0.116579
0.116579
0.116579
0.116579
0.116579
0.116579
0.116579
0.116579
0.116579
0.116579
0.116579
0.116579
0.116579
0.116579
0.116579
0.116579
0.116579
0.116579
0.116579
0.116579
0.116579
0.116579
0.116579
0.116579
0.116579
0.116579
0.116579
0.116579
0.116579
0.116579
0.116579
0.116579
0.116579
0.116579
0.116579
0.116579
0.116579
0.116579
0.116579
0.116579
0.116579
0.116579
0.116579
0.116579
0.116579
0.116579
0.116579
0.116579
0.116579
0.116579
0.116579
0.116579
0.116579
0.116579
0.116579
0.116579
0.116579
0.116579
0.116579
0.116579
0.116579
0.116579
0.116579
0.116579
0.116579
0.116579
0.116579
0.116579
0.116579
0.116579
0.116579
0.116579
0.116579
0.116579
0.116579
0.116579
0.116579
0.116579
0.116579
0.116579
0.116579
0.116579
0.116579
0.116579
0.116579
0.116579
0.116579
0.116579
0.116579
0.116579
0.116579
0.116579
0.116579
0.116579
0.116579
0.116579
0.116579
0.116579
0.116579
0.116579
0.116579
0.116579
0.116579
0.116579
0.116579
0.116579
0.116579
0.116579
0.116579
0.116579
0.116579
0.116579
0.116579
0.116579
0.116579
0.116579
0.116579
0.116579
0.116579
0.116579
0.116579
0.116579
0.116579
0.116579
0.116579
0.116579
0.116579
0.116579
0.116579
0.116579
0.116579
0.116579
0.116579
0.116579
0.116579
0.116579
0.116579
0.116579
0.116579
0.116579
0.116579
0.116579
0.116579
0.116579
0.116579
0.116579
0.116579
0.116579
0.116579
0.116579
0.116579
0.116579
0.116579
0.116579
0.116579
0.116579
0.116579
0.116579
0.116579
0.116579
0.116579
0.116579
0.116579
0.116579
0.116579
0.116579
0.116579
0.116579
0.116579
0.116579
0.116579
0.116579
0.116579
0.116579
0.116579
0.116579
0.116579
0.116579
0.116579
0.116579
0.116579
0.116579
0.116579
0.116579
0.116579
0.116579
0.116579
0.116579
0.116579
0.116579
0.116579
0.116579
0.116579
0.116579
0.116579
0.116579
0.116579
0.116579
0.116579
0.116579
0.116579
0.116579
0.116579
0.116579
0.116579
0.116579
0.116579
0.116579
0.116579
0.116579
0.116579
0.116579
0.116579
0.116579
0.116579
0.116579
0.116579
0.116579
0.116579
0.116579
0.116579
0.116579
0.116579
0.116579
0.116579
0.116579
0.116579
0.116579
0.116579
0.116579
0.116579
0.116579
0.116579
0.116579
0.116579
0.116579
0.116579
0.116579
0.116579
0.116579
0.116579
0.116579
0.116579
0.116579
0.116579
0.116579
0.116579
0.116579
0.116579
0.116579
0.116579
0.116579
0.116579
0.116579
0.116579
0.116579
0.116579
0.116579
0.116579
0.116579
0.116579
0.116579
0.116579
0.116579
0.116579
0.116579
0.116579
0.116579
0.116579
0.116579
0.116579
0.116579
0.116579
0.116579
0.116579
0.116579
0.116579
0.116579
0.116579
0.116579
0.116579
0.116579
0.116579
0.116579
0.116579
0.116579
0.116579
0.116579
0.116579
0.116579
0.116579
0.116579
0.116579
0.116579
0.116579
0.116579
0.116579
0.116579
0.116579
0.116579
0.116579
0.116579
0.116579
0.116579
0.116579
0.116579
0.116579
0.116579
0.116579
0.116579
0.116579
0.116579
0.116579
0.116579
0.116579
0.116579
0.116579
0.116579
0.116579
0.116579
0.116579
0.116579
0.116579
0.116579
0.116579
0.116579
0.116579
0.116579
0.116579
0.116579
0.116579
0.116579
0.116579
0.116579
0.116579
0.116579
0.116579
0.116579
0.116579
0.116579
0.116579
0.116579
0.116579
0.116579
0.116579
0.116579
0.116579
0.116579
0.116579
0.116579
0.116579
0.116579
0.116579
0.116579
0.116579
0.116579
0.116579
0.116579
0.116579
0.116579
0.116579
0.116579
0.116579
0.116579
0.116579
0.116579
0.116579
0.116579
0.116579
0.116579
0.116579
0.116579
0.116579
0.116579
0.116579
0.116579
0.116579
0.116579
0.116579
0.116579
0.116579
0.116579
0.116579
0.116579
0.116579
0.116579
0.116579
0.116579
0.116579
0.116579
0.116579
0.116579
0.116579
0.116579
0.116579
0.116579
0.116579
0.116579
0.116579
0.116579
0.116579
0.116579
0.116579
0.116579
0.116579
0.116579
0.116579
0.116579
0.116579
0.116579
0.116579
0.116579
0.116579
0.116579
0.116579
0.116579
0.116579
0.116579
0.116579
0.116579
0.116579
0.116579
0.116579
0.116579
0.116579
0.116579
0.116579
0.116579
0.116579
0.116579
0.116579
0.116579
0.116579
0.116579
0.116579
0.116579
0.116579
0.116579
0.116579
0.116579
0.116579
0.116579
0.116579
0.116579
0.116579
0.116579
0.116579
0.116579
0.116579
0.116579
0.116579
0.116579
0.116579
0.116579
0.116579
0.116579
0.116579
0.116579
0.116579
0.116579
0.116579
0.116579
0.116579
0.116579
0.116579
0.116579
0.116579
0.116579
0.116579
0.116579
0.116579
0.116579
0.116579
0.116579
0.116579
0.116579
0.116579
0.116579
0.116579
0.116579
0.116579
0.116579
0.116579
0.116579
0.116579
0.116579
0.116579
0.116579
0.116579
0.116579
0.116579
0.116579
0.116579
0.116579
0.116579
0.116579
0.116579
0.116579
0.116579
0.116579
0.116579
0.116579
0.116579
0.116579
0.116579
0.116579
0.116579
0.116579
0.116579
0.116579
0.116579
0.116579
0.116579
0.116579
0.116579
0.116579
0.116579
0.116579
0.116579
0.116579
0.116579
0.116579
0.116579
0.116579
0.116579
0.116579
0.116579
0.116579
0.116579
0.116579
0.116579
0.116579
0.116579
0.116579
0.116579
0.116579
0.116579
0.116579
0.116579
0.116579
0.116579
0.116579
0.116579
0.116579
0.116579
0.116579
0.116579
0.116579
0.116579
0.116579
0.116579
0.116579
0.116579
0.116579
0.116579
0.116579
0.116579
0.116579
0.116579
0.116579
0.116579
0.116579
0.116579
0.116579
0.116579
0.116579
0.116579
0.116579
0.116579
0.116579
0.116579
0.116579
0.116579
0.116579
0.116579
0.116579
0.116579
0.116579
0.116579
0.116579
0.116579
0.116579
0.116579
0.116579
0.116579
0.116579
0.116579
0.116579
0.116579
0.116579
0.116579
0.116579
0.116579
0.116579
0.116579
0.116579
0.116579
0.116579
0.116579
0.116579
0.116579
0.116579
0.116579
0.116579
0.116579
0.116579
0.116579
0.116579
0.116579
0.116579
0.116579
0.116579
0.116579
0.116579
0.116579
0.116579
0.116579
0.116579
0.116579
0.116579
0.116579
0.116579
0.116579
0.116579
0.116579
0.116579
0.116579
0.116579
0.116579
0.116579
0.116579
0.116579
0.116579
0.116579
0.116579
0.116579
0.116579
0.116579
0.116579
0.116579
0.116579
0.116579
0.116579
0.116579
0.116579
0.116579
0.116579
0.116579
0.116579
0.116579
0.116579
0.116579
0.116579
0.116579
0.116579
0.116579
0.116579
0.116579
0.116579
0.116579
0.116579
0.116579
0.116579
0.116579
0.116579
0.116579
0.116579
0.116579
0.116579
0.116579
0.116579
0.116579
0.116579
0.116579
0.116579
0.116579
0.116579
0.116579
0.116579
0.116579
0.116579
0.116579
0.116579
0.116579
0.116579
0.116579
0.116579
0.116579
0.116579
0.116579
0.116579
0.116579
0.116579
0.116579
0.116579
0.116579
0.116579
0.116579
0.116579
0.116579
0.116579
0.116579
0.116579
0.116579
0.116579
0.116579
0.116579
0.116579
0.116579
0.116579
0.116579
0.116579
0.116579
0.116579
0.116579
0.116579
0.116579
0.116579
0.116579
0.116579
0.116579
0.116579
0.116579
0.116579
0.116579
0.116579
0.116579
0.116579
0.116579
0.116579
0.116579
0.116579
0.116579
0.116579
0.116579
0.116579
0.116579
0.116579
0.116579
0.116579
0.116579
0.116579
0.116579
0.116579
0.116579
0.116579
0.116579
0.116579
0.116579
0.116579
0.116579
0.116579
0.116579
0.116579
0.116579
0.116579
0.116579
0.116579
0.116579
0.116579
0.116579
0.116579
0.116579
0.116579
0.116579
0.116579
0.116579
0.116579
0.116579
0.116579
0.116579
0.116579
0.116579
0.116579
0.116579
0.116579
0.116579
0.116579
0.116579
0.116579
0.116579
0.116579
0.116579
0.116579
0.116579
0.116579
0.116579
0.116579
0.116579
0.116579
0.116579
0.116579
0.116579
0.116579
0.116579
0.116579
0.116579
0.116579
0.116579
0.116579
0.116579
0.116579
0.116579
0.116579
0.116579
0.116579
0.116579
0.116579
0.116579
0.116579
0.116579
0.116579
0.116579
0.116579
0.116579
0.116579
0.116579
0.116579
0.116579
0.116579
0.116579
0.116579
0.116579
0.116579
0.116579
0.116579
0.116579
0.116579
0.116579
0.116579
0.116579
0.116579
0.116579
0.116579
0.116579
0.116579
0.116579
0.116579
0.116579
0.116579
0.116579
0.116579
0.116579
0.116579
0.116579
0.116579
0.116579
0.116579
0.116579
0.116579
0.116579
0.116579
0.116579
0.116579
0.116579
0.116579
0.116579
0.116579
0.116579
0.116579
0.116579
0.116579
0.116579
0.116579
0.116579
0.116579
0.116579
0.116579
0.116579
0.116579
0.116579
0.116579
0.116579
0.116579
0.116579
0.116579
0.116579
0.116579
0.116579
0.116579
0.116579
0.116579
0.116579
0.116579
0.116579
0.116579
0.116579
0.116579
0.116579
0.116579
0.116579
0.116579
0.116579
0.116579
0.116579
0.116579
0.116579
0.116579
0.116579
0.116579
0.116579
0.116579
0.116579
0.116579
0.116579
0.116579
0.116579
0.116579
0.116579
0.116579
0.116579
0.116579
0.116579
0.116579
0.116579
0.116579
0.116579
0.116579
0.116579
0.116579
0.116579
0.116579
0.116579
0.116579
0.116579
0.116579
0.116579
0.116579
0.116579
0.116579
0.116579
0.116579
0.116579
0.116579
0.116579
0.116579
0.116579
0.116579
0.116579
0.116579
0.116579
0.116579
0.116579
0.116579
0.116579
0.116579
0.116579
0.116579
0.116579
0.116579
0.116579
0.116579
0.116579
0.116579
0.116579
0.116579
0.116579
0.116579
0.116579
0.116579
0.116579
0.116579
0.116579
0.116579
0.116579
0.116579
0.116579
0.116579
0.116579
0.116579
0.116579
0.116579
0.116579
0.116579
0.116579
0.116579
0.116579
0.116579
0.116579
0.116579
0.116579
0.116579
0.116579
0.116579
0.116579
0.116579
0.116579
0.116579
0.116579
0.116579
0.116579
0.116579
0.116579
0.116579
0.116579
0.116579
0.116579
0.116579
0.116579
0.116579
0.116579
0.116579
0.116579
0.116579
0.116579
0.116579
0.116579
0.116579
0.116579
0.116579
0.116579
0.116579
0.116579
0.116579
0.116579
0.116579
0.116579
0.116579
0.116579
0.116579
0.116579
0.116579
0.116579
0.116579
0.116579
0.116579
0.116579
0.116579
0.116579
0.116579
0.116579
0.116579
0.116579
0.116579
0.116579
0.116579
0.116579
0.116579
0.116579
0.116579
0.116579
0.116579
0.116579
0.116579
0.116579
0.116579
0.116579
0.116579
0.116579
0.116579
0.116579
0.116579
0.116579
0.116579
0.116579
0.116579
0.116579
0.116579
0.116579
0.116579
0.116579
0.116579
0.116579
0.116579
0.116579
0.116579
0.116579
0.116579
0.116579
0.116579
0.116579
0.116579
0.116579
0.116579
0.116579
0.116579
0.116579
0.116579
0.116579
0.116579
0.116579
0.116579
0.116579
0.116579
0.116579
0.116579
0.116579
0.116579
0.116579
0.116579
0.116579
0.116579
0.116579
0.116579
0.116579
0.116579
0.116579
0.116579
0.116579
0.116579
0.116579
0.116579
0.116579
0.116579
0.116579
0.116579
0.116579
0.116579
0.116579
0.116579
0.116579
0.116579
0.116579
0.116579
0.116579
0.116579
0.116579
0.116579
0.116579
0.116579
0.116579
0.116579
0.116579
0.116579
0.116579
0.116579
0.116579
0.116579
0.116579
0.116579
0.116579
0.116579
0.116579
0.116579
0.116579
0.116579
0.116579
0.116579
0.116579
0.116579
0.116579
0.116579
0.116579
0.116579
0.116579
0.116579
0.116579
0.116579
0.116579
0.116579
0.116579
0.116579
0.116579
0.116579
0.116579
0.116579
0.116579
0.116579
0.116579
0.116579
0.116579
0.116579
0.116579
0.116579
0.116579
0.116579
0.116579
0.116579
0.116579
0.116579
0.116579
0.116579
0.116579
0.116579
0.116579
0.116579
0.116579
0.116579
0.116579
0.116579
0.116579
0.116579
0.116579
0.116579
0.116579
0.116579
0.116579
0.116579
0.116579
0.116579
0.116579
0.116579
0.116579
0.116579
0.116579
0.116579
0.116579
0.116579
0.116579
0.116579
0.116579
0.116579
0.116579
0.116579
0.116579
0.116579
0.116579
0.116579
0.116579
0.116579
0.116579
0.116579
0.116579
0.116579
0.116579
0.116579
0.116579
0.116579
0.116579
0.116579
0.116579
0.116579
0.116579
0.116579
0.116579
0.116579
0.116579
0.116579
0.116579
0.116579
0.116579
0.116579
0.116579
0.116579
0.116579
0.116579
0.116579
0.116579
0.116579
0.116579
0.116579
0.116579
0.116579
0.116579
0.116579
0.116579
0.116579
0.116579
0.116579
0.116579
0.116579
0.116579
0.116579
0.116579
0.116579
0.116579
0.116579
0.116579
0.116579
0.116579
0.116579
0.116579
0.116579
0.116579
0.116579
0.116579
0.116579
0.116579
0.116579
0.116579
0.116579
0.116579
0.116579
0.116579
0.116579
0.116579
0.116579
0.116579
0.116579
0.116579
0.116579
0.116579
0.116579
0.116579
0.116579
0.116579
0.116579
0.116579
0.116579
0.116579
0.116579
0.116579
0.116579
0.116579
0.116579
0.116579
0.116579
0.116579
0.116579
0.116579
0.116579
0.116579
0.116579
0.116579
0.116579
0.116579
0.116579
0.116579
0.116579
0.116579
0.116579
0.116579
0.116579
0.116579
0.116579
0.116579
0.116579
0.116579
0.116579
0.116579
0.116579
0.116579
0.116579
0.116579
0.116579
0.116579
0.116579
0.116579
0.116579
0.116579
0.116579
0.116579
0.116579
0.116579
0.116579
0.116579
0.116579
0.116579
0.116579
0.116579
0.116579
0.116579
0.116579
0.116579
0.116579
0.116579
0.116579
0.116579
0.116579
0.116579
0.116579
0.116579
0.116579
0.116579
0.116579
0.116579
0.116579
0.116579
0.116579
0.116579
0.116579
0.116579
0.116579
0.116579
0.116579
0.116579
0.116579
0.116579
0.116579
0.116579
0.116579
0.116579
0.116579
0.116579
0.116579
0.116579
0.116579
0.116579
0.116579
0.116579
0.116579
0.116579
0.116579
0.116579
0.116579
0.116579
0.116579
0.116579
0.116579
0.116579
0.116579
0.116579
0.116579
0.116579
0.116579
0.116579
0.116579
0.116579
0.116579
0.116579
0.116579
0.116579
