0.001
0.0190105
0.0393599
0.0597658
0.0792749
0.0975241
0.114435
0.130067
0.144534
0.157974
0.170517
0.182287
0.19339
0.203918
0.21395
0.22355
0.232774
0.241669
0.250271
0.258615
0.266726
0.274627
0.282339
0.289878
0.297257
0.30449
0.311587
0.318557
0.325408
0.332147
0.338781
0.345314
0.351753
0.358101
0.364362
0.37054
0.376638
0.382659
0.388605
0.39448
0.400284
0.40602
0.41169
0.417296
0.422838
0.42832
0.43374
0.439102
0.444406
0.449654
0.454845
0.459982
0.465064
0.470094
0.475071
0.479997
0.484872
0.489697
0.494472
0.499199
0.503877
0.508508
0.513091
0.517628
0.52212
0.526565
0.530966
0.535322
0.539635
0.543904
0.54813
0.552313
0.556455
0.560554
0.564613
0.56863
0.572607
0.576545
0.580442
0.584301
0.588121
0.591902
0.595645
0.599351
0.603019
0.606651
0.610246
0.613805
0.617328
0.620816
0.624268
0.627686
0.631069
0.634419
0.637735
0.641017
0.644266
0.647483
0.650667
0.653819
0.65694
0.660028
0.663086
0.666113
0.66911
0.672076
0.675012
0.677919
0.680797
0.683645
0.686465
0.689256
0.692019
0.694754
0.697462
0.700142
0.702795
0.705422
0.708022
0.710595
0.713143
0.715665
0.718162
0.720633
0.723079
0.725501
0.727898
0.730271
0.73262
0.734945
0.737247
0.739525
0.741781
0.744013
0.746224
0.748411
0.750577
0.752721
0.754843
0.756943
0.759023
0.761081
0.763119
0.765136
0.767132
0.769108
0.771065
0.773001
0.774918
0.776816
0.778694
0.780554
0.782394
0.784216
0.78602
0.787805
0.789573
0.791322
0.793054
0.794768
0.796465
0.798144
0.799807
0.801453
0.803082
0.804695
0.806291
0.807872
0.809436
0.810984
0.812517
0.814034
0.815536
0.817023
0.818495
0.819951
0.821393
0.822821
0.824234
0.825633
0.827017
0.828388
0.829744
0.831087
0.832417
0.833733
0.835035
0.836325
0.837601
0.838864
0.840115
0.841353
0.842579
0.843792
0.844992
0.846181
0.847358
0.848522
0.849675
0.850817
0.851946
0.853065
0.854172
0.855267
0.856352
0.857426
0.858488
0.859541
0.860582
0.861613
0.862633
0.863643
0.864643
0.865633
0.866613
0.867583
0.868543
0.869493
0.870434
0.871365
0.872287
0.873199
0.874102
0.874996
0.875881
0.876757
0.877624
0.878483
0.879333
0.880174
0.881006
0.88183
0.882646
0.883454
0.884253
0.885045
0.885828
0.886603
0.887371
0.88813
0.888883
0.889627
0.890364
0.891093
0.891815
0.89253
0.893238
0.893938
0.894631
0.895318
0.895997
0.896669
0.897335
0.897994
0.898646
0.899292
0.899931
0.900564
0.90119
0.90181
0.902423
0.903031
0.903632
0.904227
0.904816
0.905399
0.905977
0.906548
0.907114
0.907674
0.908228
0.908777
0.90932
0.909857
0.91039
0.910916
0.911438
0.911954
0.912465
0.912971
0.913471
0.913967
0.914458
0.914943
0.915424
0.9159
0.916371
0.916837
0.917298
0.917755
0.918207
0.918655
0.919098
0.919537
0.919971
0.920401
0.920826
0.921247
0.921664
0.922077
0.922486
0.92289
0.92329
0.923686
0.924079
0.924467
0.924851
0.925231
0.925608
0.925981
0.92635
0.926715
0.927077
0.927434
0.927789
0.928139
0.928487
0.92883
0.92917
0.929507
0.92984
0.93017
0.930497
0.93082
0.93114
0.931457
0.93177
0.932081
0.932388
0.932692
0.932993
0.933291
0.933586
0.933878
0.934167
0.934453
0.934736
0.935017
0.935294
0.935569
0.935841
0.93611
0.936377
0.93664
0.936902
0.93716
0.937416
0.937669
0.93792
0.938168
0.938413
0.938657
0.938897
0.939136
0.939371
0.939605
0.939836
0.940065
0.940291
0.940515
0.940737
0.940957
0.941174
0.941389
0.941602
0.941813
0.942022
0.942229
0.942433
0.942636
0.942836
0.943034
0.943231
0.943425
0.943618
0.943808
0.943997
0.944183
0.944368
0.944551
0.944732
0.944911
0.945088
0.945264
0.945438
0.94561
0.94578
0.945949
0.946116
0.946281
0.946444
0.946606
0.946766
0.946925
0.947082
0.947237
0.947391
0.947544
0.947694
0.947843
0.947991
0.948137
0.948282
0.948425
0.948567
0.948708
0.948846
0.948984
0.94912
0.949255
0.949388
0.94952
0.949651
0.949781
0.949909
0.950035
0.950161
0.950285
0.950408
0.95053
0.95065
0.95077
0.950888
0.951005
0.95112
0.951235
0.951348
0.951461
0.951572
0.951682
0.95179
0.951898
0.952005
0.95211
0.952215
0.952318
0.952421
0.952522
0.952623
0.952722
0.95282
0.952918
0.953014
0.953109
0.953204
0.953297
0.95339
0.953481
0.953572
0.953662
0.95375
0.953838
0.953925
0.954011
0.954097
0.954181
0.954265
0.954347
0.954429
0.95451
0.954591
0.95467
0.954749
0.954826
0.954903
0.95498
0.955055
0.95513
0.955204
0.955277
0.955349
0.955421
0.955492
0.955562
0.955632
0.955701
0.955769
0.955837
0.955903
0.955969
0.956035
0.9561
0.956164
0.956227
0.95629
0.956352
0.956414
0.956475
0.956535
0.956595
0.956654
0.956713
0.956771
0.956828
0.956885
0.956941
0.956997
0.957052
0.957106
0.95716
0.957213
0.957266
0.957319
0.95737
0.957422
0.957472
0.957523
0.957572
0.957622
0.95767
0.957719
0.957766
0.957814
0.95786
0.957907
0.957953
0.957998
0.958043
0.958087
0.958131
0.958175
0.958218
0.958261
0.958303
0.958345
0.958386
0.958427
0.958468
0.958508
0.958548
0.958587
0.958626
0.958665
0.958703
0.958741
0.958778
0.958815
0.958852
0.958888
0.958924
0.95896
0.958995
0.95903
0.959064
0.959098
0.959132
0.959165
0.959199
0.959231
0.959264
0.959296
0.959328
0.959359
0.95939
0.959421
0.959452
0.959482
0.959512
0.959541
0.959571
0.9596
0.959628
0.959657
0.959685
0.959713
0.95974
0.959768
0.959795
0.959821
0.959848
0.959874
0.9599
0.959926
0.959951
0.959976
0.960001
0.960026
0.96005
0.960074
0.960098
0.960122
0.960145
0.960169
0.960191
0.960214
0.960237
0.960259
0.960281
0.960303
0.960324
0.960346
0.960367
0.960388
0.960409
0.960429
0.960449
0.96047
0.960489
0.960509
0.960529
0.960548
0.960567
0.960586
0.960605
0.960623
0.960642
0.96066
0.960678
0.960696
0.960713
0.960731
0.960748
0.960765
0.960782
0.960799
0.960815
0.960832
0.960848
0.960864
0.96088
0.960896
0.960911
0.960927
0.960942
0.960957
0.960972
0.960987
0.961002
0.961016
0.961031
0.961045
0.961059
0.961073
0.961087
0.9611
0.961114
0.961127
0.96114
0.961154
0.961167
0.961179
0.961192
0.961205
0.961217
0.961229
0.961242
0.961254
0.961266
0.961278
0.961289
0.961301
0.961312
0.961324
0.961335
0.961346
0.961357
0.961368
0.961379
0.96139
0.9614
0.961411
0.961421
0.961431
0.961442
0.961452
0.961462
0.961472
0.961481
0.961491
0.961501
0.96151
0.961519
0.961529
0.961538
0.961547
0.961556
0.961565
0.961574
0.961582
0.961591
0.9616
0.961608
0.961617
0.961625
0.961633
0.961641
0.961649
0.961657
0.961665
0.961673
0.961681
0.961688
0.961696
0.961703
0.961711
0.961718
0.961725
0.961733
0.96174
0.961747
0.961754
0.961761
0.961767
0.961774
0.961781
0.961788
0.961794
0.961801
0.961807
0.961813
0.96182
0.961826
0.961832
0.961838
0.961844
0.96185
0.961856
0.961862
0.961868
0.961874
0.961879
0.961885
0.961891
0.961896
0.961902
0.961907
0.961912
0.961918
0.961923
0.961928
0.961933
0.961938
0.961943
0.961948
0.961953
0.961958
0.961963
0.961968
0.961973
0.961977
0.961982
0.961987
0.961991
0.961996
0.962
0.962005
0.962009
0.962013
0.962018
0.962022
0.962026
0.96203
0.962034
0.962038
0.962042
0.962046
0.96205
0.962054
0.962058
0.962062
0.962066
0.962069
0.962073
0.962077
0.96208
0.962084
0.962088
0.962091
0.962095
0.962098
0.962102
0.962105
0.962108
0.962112
0.962115
0.962118
0.962121
0.962125
0.962128
0.962131
0.962134
0.962137
0.96214
0.962143
0.962146
0.962149
0.962152
0.962155
0.962158
0.96216
0.962163
0.962166
0.962169
0.962171
0.962174
0.962177
0.962179
0.962182
0.962185
0.962187
0.96219
0.962192
0.962195
0.962197
0.9622
0.962202
0.962204
0.962207
0.962209
0.962211
0.962214
0.962216
0.962218
0.96222
0.962222
0.962225
0.962227
0.962229
0.962231
0.962233
0.962235
0.962237
0.962239
0.962241
0.962243
0.962245
0.962247
0.962249
0.962251
0.962253
0.962255
0.962256
0.962258
0.96226
0.962262
0.962264
0.962265
0.962267
0.962269
0.962271
0.962272
0.962274
0.962276
0.962277
0.962279
0.96228
0.962282
0.962284
0.962285
0.962287
0.962288
0.96229
0.962291
0.962293
0.962294
0.962295
0.962297
0.962298
0.9623
0.962301
0.962302
0.962304
0.962305
0.962307
0.962308
0.962309
0.96231
0.962312
0.962313
0.962314
0.962315
0.962317
0.962318
0.962319
0.96232
0.962321
0.962323
0.962324
0.962325
0.962326
0.962327
0.962328
0.962329
0.96233
0.962332
0.962333
0.962334
0.962335
0.962336
0.962337
0.962338
0.962339
0.96234
0.962341
0.962342
0.962343
0.962344
0.962345
0.962345
0.962346
0.962347
0.962348
0.962349
0.96235
0.962351
0.962352
0.962353
0.962353
0.962354
0.962355
0.962356
0.962357
0.962358
0.962358
0.962359
0.96236
0.962361
0.962361
0.962362
0.962363
0.962364
0.962364
0.962365
0.962366
0.962367
0.962367
0.962368
0.962369
0.962369
0.96237
0.962371
0.962371
0.962372
0.962373
0.962373
0.962374
0.962375
0.962375
0.962376
0.962377
0.962377
0.962378
0.962378
0.962379
0.96238
0.96238
0.962381
0.962381
0.962382
0.962382
0.962383
0.962383
0.962384
0.962385
0.962385
0.962386
0.962386
0.962387
0.962387
0.962388
0.962388
0.962389
0.962389
0.96239
0.96239
0.962391
0.962391
0.962391
0.962392
0.962392
0.962393
0.962393
0.962394
0.962394
0.962395
0.962395
0.962395
0.962396
0.962396
0.962397
0.962397
0.962397
0.962398
0.962398
0.962399
0.962399
0.962399
0.9624
0.9624
0.9624
0.962401
0.962401
0.962402
0.962402
0.962402
0.962403
0.962403
0.962403
0.962404
0.962404
0.962404
0.962405
0.962405
0.962405
0.962406
0.962406
0.962406
0.962407
0.962407
0.962407
0.962407
0.962408
0.962408
0.962408
0.962409
0.962409
0.962409
0.962409
0.96241
0.96241
0.96241
0.962411
0.962411
0.962411
0.962411
0.962412
0.962412
0.962412
0.962412
0.962413
0.962413
0.962413
0.962413
0.962414
0.962414
0.962414
0.962414
0.962414
0.962415
0.962415
0.962415
0.962415
0.962416
0.962416
0.962416
0.962416
0.962416
0.962417
0.962417
0.962417
0.962417
0.962417
0.962418
0.962418
0.962418
0.962418
0.962418
0.962419
0.962419
0.962419
0.962419
0.962419
0.962419
0.96242
0.96242
0.96242
0.96242
0.96242
0.96242
0.962421
0.962421
0.962421
0.962421
0.962421
0.962421
0.962422
0.962422
0.962422
0.962422
0.962422
0.962422
0.962422
0.962423
0.962423
0.962423
0.962423
0.962423
0.962423
0.962423
0.962424
0.962424
0.962424
0.962424
0.962424
0.962424
0.962424
0.962424
0.962425
0.962425
0.962425
0.962425
0.962425
0.962425
0.962425
0.962425
0.962425
0.962426
0.962426
0.962426
0.962426
0.962426
0.962426
0.962426
0.962426
0.962426
0.962427
0.962427
0.962427
0.962427
0.962427
0.962427
0.962427
0.962427
0.962427
0.962427
0.962428
0.962428
0.962428
0.962428
0.962428
0.962428
0.962428
0.962428
0.962428
0.962428
0.962428
0.962429
0.962429
0.962429
0.962429
0.962429
0.962429
0.962429
0.962429
0.962429
0.962429
0.962429
0.962429
0.962429
0.96243
0.96243
0.96243
0.96243
0.96243
0.96243
0.96243
0.96243
0.96243
0.96243
0.96243
0.96243
0.96243
0.96243
0.96243
0.962431
0.962431
0.962431
0.962431
0.962431
0.962431
0.962431
0.962431
0.962431
0.962431
0.962431
0.962431
0.962431
0.962431
0.962431
0.962431
0.962431
0.962431
0.962432
0.962432
0.962432
0.962432
0.962432
0.962432
0.962432
0.962432
0.962432
0.962432
0.962432
0.962432
0.962432
0.962432
0.962432
0.962432
0.962432
0.962432
0.962432
0.962432
0.962432
0.962432
0.962433
0.962433
0.962433
0.962433
0.962433
0.962433
0.962433
0.962433
0.962433
0.962433
0.962433
0.962433
0.962433
0.962433
0.962433
0.962433
0.962433
0.962433
0.962433
0.962433
0.962433
0.962433
0.962433
0.962433
0.962433
0.962433
0.962433
0.962434
0.962434
0.962434
0.962434
0.962434
0.962434
0.962434
0.962434
0.962434
0.962434
0.962434
0.962434
0.962434
0.962434
0.962434
0.962434
0.962434
0.962434
0.962434
0.962434
0.962434
0.962434
0.962434
0.962434
0.962434
0.962434
0.962434
0.962434
0.962434
0.962434
0.962434
0.962434
0.962434
0.962434
0.962434
0.962434
0.962434
0.962434
0.962435
0.962435
0.962435
0.962435
0.962435
0.962435
0.962435
0.962435
0.962435
0.962435
0.962435
0.962435
0.962435
0.962435
0.962435
0.962435
0.962435
0.962435
0.962435
0.962435
0.962435
0.962435
0.962435
0.962435
0.962435
0.962435
0.962435
0.962435
0.962435
0.962435
0.962435
0.962435
0.962435
0.962435
0.962435
0.962435
0.962435
0.962435
0.962435
0.962435
0.962435
0.962435
0.962435
0.962435
0.962435
0.962435
0.962435
0.962435
0.962435
0.962435
0.962435
0.962435
0.962435
0.962435
0.962435
0.962435
0.962435
0.962435
0.962435
0.962435
0.962435
0.962435
0.962435
0.962435
0.962436
0.962436
0.962436
0.962436
0.962436
0.962436
0.962436
0.962436
0.962436
0.962436
0.962436
0.962436
0.962436
0.962436
0.962436
0.962436
0.962436
0.962436
0.962436
0.962436
0.962436
0.962436
0.962436
0.962436
0.962436
0.962436
0.962436
0.962436
0.962436
0.962436
0.962436
0.962436
0.962436
0.962436
0.962436
0.962436
0.962436
0.962436
0.962436
0.962436
0.962436
0.962436
0.962436
0.962436
0.962436
0.962436
0.962436
0.962436
0.962436
0.962436
0.962436
0.962436
0.962436
0.962436
0.962436
0.962436
0.962436
0.962436
0.962436
0.962436
0.962436
0.962436
0.962436
0.962436
0.962436
0.962436
0.962436
0.962436
0.962436
0.962436
0.962436
0.962436
0.962436
0.962436
0.962436
0.962436
0.962436
0.962436
0.962436
0.962436
0.962436
0.962436
0.962436
0.962436
0.962436
0.962436
0.962436
0.962436
0.962436
0.962436
0.962436
0.962436
0.962436
0.962436
0.962436
0.962436
0.962436
0.962436
0.962436
0.962436
0.962436
0.962436
0.962436
0.962436
0.962436
0.962436
0.962436
0.962436
0.962436
0.962436
0.962436
0.962436
0.962436
0.962436
0.962436
0.962436
0.962436
0.962436
0.962436
0.962436
0.962436
0.962436
0.962436
0.962436
0.962436
0.962436
0.962436
0.962436
0.962436
0.962436
0.962436
0.962436
0.962436
0.962436
0.962436
0.962436
0.962436
0.962436
0.962436
0.962436
0.962436
0.962436
0.962436
0.962436
0.962436
0.962436
0.962436
0.962436
0.962436
0.962436
0.962436
0.962436
0.962436
0.962436
0.962436
0.962436
0.962436
0.962436
0.962436
0.962436
0.962436
0.962436
0.962436
0.962436
0.962436
0.962436
0.962436
0.962436
0.962436
0.962436
0.962436
0.962436
0.962436
0.962436
0.962436
0.962436
0.962436
0.962436
0.962436
0.962436
0.962436
0.962436
0.962436
0.962436
0.962436
0.962436
0.962436
0.962436
0.962436
0.962436
0.962436
0.962436
0.962436
0.962436
0.962436
0.962436
0.962436
0.962436
0.962436
0.962436
0.962436
0.962436
0.962436
0.962436
0.962436
0.962436
0.962436
0.962436
0.962436
0.962436
0.962436
0.962436
0.962436
0.962436
0.962436
0.962436
0.962436
0.962436
0.962436
0.962436
0.962436
0.962436
0.962436
0.962436
0.962436
0.962436
0.962436
0.962436
0.962436
0.962436
0.962436
0.962436
0.962436
0.962436
0.962436
0.962436
0.962436
0.962436
0.962436
0.962436
0.962436
0.962436
0.962436
0.962437
0.962437
0.962437
0.962437
0.962437
0.962437
0.962437
0.962437
0.962437
0.962437
0.962437
0.962437
0.962437
0.962437
0.962437
0.962437
0.962437
0.962437
0.962437
0.962437
0.962437
0.962437
0.962437
0.962437
0.962437
0.962437
0.962437
0.962437
0.962437
0.962437
0.962437
0.962437
0.962437
0.962437
0.962437
0.962437
0.962437
0.962437
0.962437
0.962437
0.962437
0.962437
0.962437
0.962437
0.962437
0.962437
0.962437
0.962437
0.962437
0.962437
0.962437
0.962437
0.962437
0.962437
0.962437
0.962437
0.962437
0.962437
0.962437
0.962437
0.962437
0.962437
0.962437
0.962437
0.962437
0.962437
0.962437
0.962437
0.962437
0.962437
0.962437
0.962437
0.962437
0.962437
0.962437
0.962437
0.962437
0.962437
0.962437
0.962437
0.962437
0.962437
0.962437
0.962437
0.962437
0.962437
0.962437
0.962437
0.962437
0.962437
0.962437
0.962437
0.962437
0.962437
0.962437
0.962437
0.962437
0.962437
0.962437
0.962437
0.962437
0.962437
0.962437
0.962437
0.962437
0.962437
0.962437
0.962437
0.962437
0.962437
0.962437
0.962437
0.962437
0.962437
0.962437
0.962437
0.962437
0.962437
0.962437
0.962437
0.962437
0.962437
0.962437
0.962437
0.962437
0.962437
0.962437
0.962437
0.962437
0.962437
0.962437
0.962437
0.962437
0.962437
0.962437
0.962437
0.962437
0.962437
0.962437
0.962437
0.962437
0.962437
0.962437
0.962437
0.962437
0.962437
0.962437
0.962437
0.962437
0.962437
0.962437
0.962437
0.962437
0.962437
0.962437
0.962437
0.962437
0.962437
0.962437
0.962437
0.962437
0.962437
0.962437
0.962437
0.962437
0.962437
0.962437
0.962437
0.962437
0.962437
0.962437
0.962437
0.962437
0.962437
0.962437
0.962437
0.962437
0.962437
0.962437
0.962437
0.962437
0.962437
0.962437
0.962437
0.962437
0.962437
0.962437
0.962437
0.962437
0.962437
0.962437
0.962437
0.962437
0.962437
0.962437
0.962437
0.962437
0.962437
0.962437
0.962437
0.962437
0.962437
0.962437
0.962437
0.962437
0.962437
0.962437
0.962437
0.962437
0.962437
0.962437
0.962437
0.962437
0.962437
0.962437
0.962437
0.962437
0.962437
0.962437
0.962437
0.962437
0.962437
0.962437
0.962437
0.962437
0.962437
0.962437
0.962437
0.962437
0.962437
0.962437
0.962437
0.962437
0.962437
0.962437
0.962437
0.962437
0.962437
0.962437
0.962437
0.962437
0.962437
0.962437
0.962437
0.962437
0.962437
0.962437
0.962437
0.962437
0.962437
0.962437
0.962437
0.962437
0.962437
0.962437
0.962437
0.962437
0.962437
0.962437
0.962437
0.962437
0.962437
0.962437
0.962437
0.962437
0.962437
0.962437
0.962437
0.962437
0.962437
0.962437
0.962437
0.962437
0.962437
0.962437
0.962437
0.962437
0.962437
0.962437
0.962437
0.962437
0.962437
0.962437
0.962437
0.962437
0.962437
0.962437
0.962437
0.962437
0.962437
0.962437
0.962437
0.962437
0.962437
0.962437
0.962437
0.962437
0.962437
0.962437
0.962437
0.962437
0.962437
0.962437
0.962437
0.962437
0.962437
0.962437
0.962437
0.962437
0.962437
0.962437
0.962437
0.962437
0.962437
0.962437
0.962437
0.962437
0.962437
0.962437
0.962437
0.962437
0.962437
0.962437
0.962437
0.962437
0.962437
0.962437
0.962437
0.962437
0.962437
0.962437
0.962437
0.962437
0.962437
0.962437
0.962437
0.962437
0.962437
0.962437
0.962437
0.962437
0.962437
0.962437
0.962437
0.962437
0.962437
0.962437
0.962437
0.962437
0.962437
0.962437
0.962437
0.962437
0.962437
0.962437
0.962437
0.962437
0.962437
0.962437
0.962437
0.962437
0.962437
0.962437
0.962437
0.962437
0.962437
0.962437
0.962437
0.962437
0.962437
0.962437
0.962437
0.962437
0.962437
0.962437
0.962437
0.962437
0.962437
0.962437
0.962437
0.962437
0.962437
0.962437
0.962437
0.962437
0.962437
0.962437
0.962437
0.962437
0.962437
0.962437
0.962437
0.962437
0.962437
0.962437
0.962437
0.962437
0.962437
0.962437
0.962437
0.962437
0.962437
0.962437
0.962437
0.962437
0.962437
0.962437
0.962437
0.962437
0.962437
0.962437
0.962437
0.962437
0.962437
0.962437
0.962437
0.962437
0.962437
0.962437
0.962437
0.962437
0.962437
0.962437
0.962437
0.962437
0.962437
0.962437
0.962437
0.962437
0.962437
0.962437
0.962437
0.962437
0.962437
0.962437
0.962437
0.962437
0.962437
0.962437
0.962437
0.962437
0.962437
0.962437
0.962437
0.962437
0.962437
0.962437
0.962437
0.962437
0.962437
0.962437
0.962437
0.962437
0.962437
0.962437
0.962437
0.962437
0.962437
0.962437
0.962437
0.962437
0.962437
0.962437
0.962437
0.962437
0.962437
0.962437
0.962437
0.962437
0.962437
0.962437
0.962437
0.962437
0.962437
0.962437
0.962437
0.962437
0.962437
0.962437
0.962437
0.962437
0.962437
0.962437
0.962437
0.962437
0.962437
0.962437
0.962437
0.962437
0.962437
0.962437
0.962437
0.962437
0.962437
0.962437
0.962437
0.962437
0.962437
0.962437
0.962437
0.962437
0.962437
0.962437
0.962437
0.962437
0.962437
0.962437
0.962437
0.962437
0.962437
0.962437
0.962437
0.962437
0.962437
0.962437
0.962437
0.962437
0.962437
0.962437
0.962437
0.962437
0.962437
0.962437
0.962437
0.962437
0.962437
0.962437
0.962437
0.962437
0.962437
0.962437
0.962437
0.962437
0.962437
0.962437
0.962437
0.962437
0.962437
0.962437
0.962437
0.962437
0.962437
0.962437
0.962437
0.962437
0.962437
0.962437
0.962437
0.962437
0.962437
0.962437
0.962437
0.962437
0.962437
0.962437
0.962437
0.962437
0.962437
0.962437
0.962437
0.962437
0.962437
0.962437
0.962437
0.962437
0.962437
0.962437
0.962437
0.962437
0.962437
0.962437
0.962437
0.962437
0.962437
0.962437
0.962437
0.962437
0.962437
0.962437
0.962437
0.962437
0.962437
0.962437
0.962437
0.962437
0.962437
0.962437
0.962437
0.962437
0.962437
0.962437
0.962437
0.962437
0.962437
0.962437
0.962437
0.962437
0.962437
0.962437
0.962437
0.962437
0.962437
0.962437
0.962437
0.962437
0.962437
0.962437
0.962437
0.962437
0.962437
0.962437
0.962437
0.962437
0.962437
0.962437
0.962437
0.962437
0.962437
0.962437
0.962437
0.962437
0.962437
0.962437
0.962437
0.962437
0.962437
0.962437
0.962437
0.962437
0.962437
0.962437
0.962437
0.962437
0.962437
0.962437
0.962437
0.962437
0.962437
0.962437
0.962437
0.962437
0.962437
0.962437
0.962437
0.962437
0.962437
0.962437
0.962437
0.962437
0.962437
0.962437
0.962437
0.962437
0.962437
0.962437
0.962437
0.962437
0.962437
0.962437
0.962437
0.962437
0.962437
0.962437
0.962437
0.962437
0.962437
0.962437
0.962437
0.962437
0.962437
0.962437
0.962437
0.962437
0.962437
0.962437
0.962437
0.962437
0.962437
0.962437
0.962437
0.962437
0.962437
0.962437
0.962437
0.962437
0.962437
0.962437
0.962437
0.962437
0.962437
0.962437
0.962437
0.962437
0.962437
0.962437
0.962437
0.962437
0.962437
0.962437
0.962437
0.962437
0.962437
0.962437
0.962437
0.962437
0.962437
0.962437
0.962437
0.962437
0.962437
0.962437
0.962437
0.962437
0.962437
0.962437
0.962437
0.962437
0.962437
0.962437
0.962437
0.962437
0.962437
0.962437
0.962437
0.962437
0.962437
0.962437
0.962437
0.962437
0.962437
0.962437
0.962437
0.962437
0.962437
0.962437
0.962437
0.962437
0.962437
0.962437
0.962437
0.962437
0.962437
0.962437
0.962437
0.962437
0.962437
0.962437
0.962437
0.962437
0.962437
0.962437
0.962437
0.962437
0.962437
0.962437
0.962437
0.962437
0.962437
0.962437
0.962437
0.962437
0.962437
0.962437
0.962437
0.962437
0.962437
0.962437
0.962437
0.962437
0.962437
0.962437
0.962437
0.962437
0.962437
0.962437
0.962437
0.962437
0.962437
0.962437
0.962437
0.962437
0.962437
0.962437
0.962437
0.962437
0.962437
0.962437
0.962437
0.962437
0.962437
0.962437
0.962437
0.962437
0.962437
0.962437
0.962437
0.962437
0.962437
0.962437
0.962437
0.962437
0.962437
0.962437
0.962437
0.962437
0.962437
0.962437
0.962437
0.962437
0.962437
0.962437
0.962437
0.962437
0.962437
0.962437
0.962437
0.962437
0.962437
0.962437
0.962437
0.962437
0.962437
0.962437
0.962437
0.962437
0.962437
0.962437
0.962437
0.962437
0.962437
0.962437
0.962437
0.962437
0.962437
0.962437
0.962437
0.962437
0.962437
0.962437
0.962437
0.962437
0.962437
0.962437
0.962437
0.962437
0.962437
0.962437
0.962437
0.962437
0.962437
0.962437
0.962437
0.962437
0.962437
0.962437
0.962437
0.962437
0.962437
0.962437
0.962437
0.962437
0.962437
0.962437
0.962437
0.962437
0.962437
0.962437
0.962437
0.962437
0.962437
0.962437
0.962437
0.962437
0.962437
0.962437
0.962437
0.962437
0.962437
0.962437
0.962437
0.962437
0.962437
0.962437
0.962437
0.962437
0.962437
0.962437
0.962437
0.962437
0.962437
0.962437
0.962437
0.962437
0.962437
0.962437
0.962437
0.962437
0.962437
0.962437
0.962437
0.962437
0.962437
0.962437
0.962437
0.962437
0.962437
0.962437
0.962437
0.962437
0.962437
0.962437
0.962437
0.962437
0.962437
0.962437
0.962437
0.962437
0.962437
0.962437
0.962437
0.962437
0.962437
0.962437
0.962437
0.962437
0.962437
0.962437
0.962437
0.962437
0.962437
0.962437
0.962437
0.962437
0.962437
0.962437
0.962437
0.962437
0.962437
0.962437
0.962437
0.962437
0.962437
0.962437
0.962437
0.962437
0.962437
0.962437
0.962437
0.962437
0.962437
0.962437
0.962437
0.962437
0.962437
0.962437
0.962437
0.962437
0.962437
0.962437
0.962437
0.962437
0.962437
0.962437
0.962437
0.962437
0.962437
0.962437
0.962437
0.962437
0.962437
0.962437
0.962437
0.962437
0.962437
0.962437
0.962437
0.962437
0.962437
0.962437
0.962437
0.962437
0.962437
0.962437
0.962437
0.962437
0.962437
0.962437
0.962437
0.962437
0.962437
0.962437
0.962437
0.962437
0.962437
0.962437
0.962437
0.962437
0.962437
0.962437
0.962437
0.962437
0.962437
0.962437
0.962437
0.962437
0.962437
0.962437
0.962437
0.962437
0.962437
0.962437
0.962437
0.962437
0.962437
0.962437
0.962437
0.962437
0.962437
0.962437
0.962437
0.962437
0.962437
0.962437
0.962437
0.962437
0.962437
0.962437
0.962437
0.962437
0.962437
0.962437
0.962437
0.962437
0.962437
0.962437
0.962437
0.962437
0.962437
0.962437
0.962437
0.962437
0.962437
0.962437
0.962437
0.962437
0.962437
0.962437
0.962437
0.962437
0.962437
0.962437
0.962437
0.962437
0.962437
0.962437
0.962437
0.962437
0.962437
0.962437
0.962437
0.962437
0.962437
0.962437
0.962437
0.962437
0.962437
0.962437
0.962437
0.962437
0.962437
0.962437
0.962437
0.962437
0.962437
0.962437
0.962437
0.962437
0.962437
0.962437
0.962437
0.962437
0.962437
0.962437
0.962437
0.962437
0.962437
0.962437
0.962437
0.962437
0.962437
0.962437
0.962437
0.962437
0.962437
0.962437
0.962437
0.962437
0.962437
0.962437
0.962437
0.962437
0.962437
0.962437
0.962437
0.962437
0.962437
0.962437
0.962437
0.962437
0.962437
0.962437
0.962437
0.962437
0.962437
0.962437
0.962437
0.962437
0.962437
0.962437
0.962437
0.962437
0.962437
0.962437
0.962437
0.962437
0.962437
0.962437
0.962437
0.962437
0.962437
0.962437
0.962437
0.962437
0.962437
0.962437
0.962437
0.962437
0.962437
0.962437
0.962437
0.962437
0.962437
0.962437
0.962437
0.962437
0.962437
0.962437
0.962437
0.962437
0.962437
0.962437
0.962437
0.962437
0.962437
0.962437
0.962437
0.962437
0.962437
0.962437
0.962437
0.962437
0.962437
0.962437
0.962437
0.962437
0.962437
0.962437
0.962437
0.962437
0.962437
0.962437
0.962437
0.962437
0.962437
0.962437
0.962437
0.962437
0.962437
0.962437
0.962437
0.962437
0.962437
0.962437
0.962437
0.962437
0.962437
0.962437
0.962437
0.962437
0.962437
0.962437
0.962437
0.962437
0.962437
0.962437
0.962437
0.962437
0.962437
0.962437
0.962437
0.962437
0.962437
0.962437
0.962437
0.962437
0.962437
0.962437
0.962437
0.962437
0.962437
0.962437
0.962437
0.962437
0.962437
0.962437
0.962437
0.962437
0.962437
0.962437
0.962437
0.962437
0.962437
0.962437
0.962437
0.962437
0.962437
0.962437
0.962437
0.962437
0.962437
0.962437
0.962437
0.962437
0.962437
0.962437
0.962437
0.962437
0.962437
0.962437
0.962437
0.962437
0.962437
0.962437
0.962437
0.962437
0.962437
0.962437
0.962437
0.962437
0.962437
0.962437
0.962437
0.962437
0.962437
0.962437
0.962437
0.962437
0.962437
0.962437
0.962437
0.962437
0.962437
0.962437
0.962437
0.962437
0.962437
0.962437
0.962437
0.962437
0.962437
0.962437
0.962437
0.962437
0.962437
0.962437
0.962437
0.962437
0.962437
0.962437
0.962437
0.962437
0.962437
0.962437
0.962437
0.962437
0.962437
0.962437
0.962437
0.962437
0.962437
0.962437
0.962437
0.962437
0.962437
0.962437
0.962437
0.962437
0.962437
0.962437
0.962437
0.962437
0.962437
0.962437
0.962437
0.962437
0.962437
0.962437
0.962437
0.962437
0.962437
0.962437
0.962437
0.962437
0.962437
0.962437
0.962437
0.962437
0.962437
0.962437
0.962437
0.962437
0.962437
0.962437
0.962437
0.962437
0.962437
0.962437
0.962437
0.962437
0.962437
0.962437
0.962437
0.962437
0.962437
0.962437
0.962437
0.962437
0.962437
0.962437
0.962437
0.962437
0.962437
0.962437
0.962437
0.962437
0.962437
0.962437
0.962437
0.962437
0.962437
0.962437
0.962437
0.962437
0.962437
0.962437
0.962437
0.962437
0.962437
0.962437
0.962437
0.962437
0.962437
0.962437
0.962437
0.962437
0.962437
0.962437
0.962437
0.962437
0.962437
0.962437
0.962437
0.962437
0.962437
0.962437
0.962437
0.962437
0.962437
0.962437
0.962437
0.962437
0.962437
0.962437
0.962437
0.962437
0.962437
0.962437
0.962437
0.962437
0.962437
0.962437
0.962437
0.962437
0.962437
0.962437
0.962437
0.962437
0.962437
0.962437
0.962437
0.962437
0.962437
0.962437
0.962437
0.962437
0.962437
0.962437
0.962437
0.962437
0.962437
0.962437
0.962437
0.962437
0.962437
0.962437
0.962437
0.962437
0.962437
0.962437
0.962437
0.962437
0.962437
0.962437
0.962437
0.962437
0.962437
0.962437
0.962437
0.962437
0.962437
0.962437
0.962437
0.962437
0.962437
0.962437
0.962437
0.962437
0.962437
0.962437
0.962437
0.962437
0.962437
0.962437
0.962437
0.962437
0.962437
0.962437
0.962437
0.962437
0.962437
0.962437
0.962437
0.962437
0.962437
0.962437
0.962437
0.962437
0.962437
0.962437
0.962437
0.962437
0.962437
0.962437
0.962437
0.962437
0.962437
0.962437
0.962437
0.962437
0.962437
0.962437
0.962437
0.962437
0.962437
0.962437
0.962437
0.962437
0.962437
0.962437
0.962437
0.962437
0.962437
0.962437
0.962437
0.962437
0.962437
0.962437
0.962437
0.962437
0.962437
0.962437
0.962437
0.962437
0.962437
0.962437
0.962437
0.962437
0.962437
0.962437
0.962437
0.962437
0.962437
0.962437
0.962437
0.962437
0.962437
0.962437
0.962437
0.962437
0.962437
0.962437
0.962437
0.962437
0.962437
0.962437
0.962437
0.962437
0.962437
0.962437
0.962437
0.962437
0.962437
0.962437
0.962437
0.962437
0.962437
0.962437
0.962437
0.962437
0.962437
0.962437
0.962437
0.962437
0.962437
0.962437
0.962437
0.962437
0.962437
0.962437
0.962437
0.962437
0.962437
0.962437
0.962437
0.962437
0.962437
0.962437
0.962437
0.962437
0.962437
0.962437
0.962437
0.962437
0.962437
0.962437
0.962437
0.962437
0.962437
0.962437
0.962437
0.962437
0.962437
0.962437
0.962437
0.962437
0.962437
0.962437
0.962437
0.962437
0.962437
0.962437
0.962437
0.962437
0.962437
0.962437
0.962437
0.962437
0.962437
0.962437
0.962437
0.962437
0.962437
0.962437
0.962437
0.962437
0.962437
0.962437
0.962437
0.962437
0.962437
0.962437
0.962437
0.962437
0.962437
0.962437
0.962437
0.962437
0.962437
0.962437
0.962437
0.962437
0.962437
0.962437
0.962437
0.962437
0.962437
0.962437
0.962437
0.962437
0.962437
0.962437
0.962437
0.962437
0.962437
0.962437
0.962437
0.962437
0.962437
0.962437
0.962437
0.962437
0.962437
0.962437
0.962437
0.962437
0.962437
0.962437
0.962437
0.962437
0.962437
0.962437
0.962437
0.962437
0.962437
0.962437
0.962437
0.962437
0.962437
0.962437
0.962437
0.962437
0.962437
0.962437
0.962437
0.962437
0.962437
0.962437
0.962437
0.962437
0.962437
0.962437
0.962437
0.962437
0.962437
0.962437
0.962437
0.962437
0.962437
0.962437
0.962437
0.962437
0.962437
0.962437
0.962437
0.962437
0.962437
0.962437
0.962437
0.962437
0.962437
0.962437
0.962437
0.962437
0.962437
0.962437
0.962437
0.962437
0.962437
0.962437
0.962437
0.962437
0.962437
0.962437
0.962437
0.962437
0.962437
0.962437
0.962437
0.962437
0.962437
0.962437
0.962437
0.962437
0.962437
0.962437
0.962437
0.962437
0.962437
0.962437
0.962437
0.962437
0.962437
0.962437
0.962437
0.962437
0.962437
0.962437
0.962437
0.962437
0.962437
0.962437
0.962437
0.962437
0.962437
0.962437
0.962437
0.962437
0.962437
0.962437
0.962437
0.962437
0.962437
0.962437
0.962437
0.962437
0.962437
0.962437
0.962437
0.962437
0.962437
0.962437
0.962437
0.962437
0.962437
0.962437
0.962437
0.962437
0.962437
0.962437
0.962437
0.962437
0.962437
0.962437
0.962437
0.962437
0.962437
0.962437
0.962437
0.962437
0.962437
0.962437
0.962437
0.962437
0.962437
0.962437
0.962437
0.962437
0.962437
0.962437
0.962437
0.962437
0.962437
0.962437
0.962437
0.962437
0.962437
0.962437
0.962437
0.962437
0.962437
0.962437
0.962437
0.962437
0.962437
0.962437
0.962437
0.962437
0.962437
0.962437
0.962437
0.962437
0.962437
0.962437
0.962437
0.962437
0.962437
0.962437
0.962437
0.962437
0.962437
0.962437
0.962437
0.962437
0.962437
0.962437
0.962437
0.962437
0.962437
0.962437
0.962437
0.962437
0.962437
0.962437
0.962437
0.962437
0.962437
0.962437
0.962437
0.962437
0.962437
0.962437
0.962437
0.962437
0.962437
0.962437
0.962437
0.962437
0.962437
0.962437
0.962437
0.962437
0.962437
0.962437
0.962437
0.962437
0.962437
0.962437
0.962437
0.962437
0.962437
0.962437
0.962437
0.962437
0.962437
0.962437
0.962437
0.962437
0.962437
0.962437
0.962437
0.962437
0.962437
0.962437
0.962437
0.962437
0.962437
0.962437
0.962437
0.962437
0.962437
0.962437
0.962437
0.962437
0.962437
0.962437
0.962437
0.962437
0.962437
0.962437
0.962437
0.962437
0.962437
0.962437
0.962437
0.962437
0.962437
0.962437
0.962437
0.962437
0.962437
0.962437
0.962437
0.962437
0.962437
0.962437
0.962437
0.962437
0.962437
0.962437
0.962437
0.962437
0.962437
0.962437
0.962437
0.962437
0.962437
0.962437
0.962437
0.962437
0.962437
0.962437
0.962437
0.962437
0.962437
0.962437
0.962437
0.962437
0.962437
0.962437
0.962437
0.962437
0.962437
0.962437
0.962437
0.962437
0.962437
0.962437
0.962437
0.962437
0.962437
0.962437
0.962437
0.962437
0.962437
0.962437
0.962437
0.962437
0.962437
0.962437
0.962437
0.962437
0.962437
0.962437
0.962437
0.962437
0.962437
0.962437
0.962437
0.962437
0.962437
0.962437
0.962437
0.962437
0.962437
0.962437
0.962437
0.962437
0.962437
0.962437
0.962437
0.962437
0.962437
0.962437
0.962437
0.962437
0.962437
0.962437
0.962437
0.962437
0.962437
0.962437
0.962437
0.962437
0.962437
0.962437
0.962437
0.962437
0.962437
0.962437
0.962437
0.962437
0.962437
0.962437
0.962437
0.962437
0.962437
0.962437
0.962437
0.962437
0.962437
0.962437
0.962437
0.962437
0.962437
0.962437
0.962437
0.962437
0.962437
0.962437
0.962437
0.962437
0.962437
0.962437
0.962437
0.962437
0.962437
0.962437
0.962437
0.962437
0.962437
0.962437
0.962437
0.962437
0.962437
0.962437
0.962437
0.962437
0.962437
0.962437
0.962437
0.962437
0.962437
0.962437
0.962437
0.962437
0.962437
0.962437
0.962437
0.962437
0.962437
0.962437
0.962437
0.962437
0.962437
0.962437
0.962437
0.962437
0.962437
0.962437
0.962437
0.962437
0.962437
0.962437
0.962437
0.962437
0.962437
0.962437
0.962437
0.962437
0.962437
0.962437
0.962437
0.962437
0.962437
0.962437
0.962437
0.962437
0.962437
0.962437
0.962437
0.962437
0.962437
0.962437
0.962437
0.962437
0.962437
0.962437
0.962437
0.962437
0.962437
0.962437
0.962437
0.962437
0.962437
0.962437
0.962437
0.962437
0.962437
0.962437
0.962437
0.962437
0.962437
0.962437
0.962437
0.962437
0.962437
0.962437
0.962437
0.962437
0.962437
0.962437
0.962437
0.962437
0.962437
0.962437
0.962437
0.962437
0.962437
0.962437
0.962437
0.962437
0.962437
0.962437
0.962437
0.962437
0.962437
0.962437
0.962437
0.962437
0.962437
0.962437
0.962437
0.962437
0.962437
0.962437
0.962437
0.962437
0.962437
0.962437
0.962437
0.962437
0.962437
0.962437
0.962437
0.962437
0.962437
0.962437
0.962437
0.962437
0.962437
0.962437
0.962437
0.962437
0.962437
0.962437
0.962437
0.962437
0.962437
0.962437
0.962437
0.962437
0.962437
0.962437
0.962437
0.962437
0.962437
0.962437
0.962437
0.962437
0.962437
0.962437
0.962437
0.962437
0.962437
0.962437
0.962437
0.962437
0.962437
0.962437
0.962437
0.962437
0.962437
0.962437
0.962437
0.962437
0.962437
0.962437
0.962437
0.962437
0.962437
0.962437
0.962437
0.962437
0.962437
0.962437
0.962437
0.962437
0.962437
0.962437
0.962437
0.962437
0.962437
0.962437
0.962437
0.962437
0.962437
0.962437
0.962437
0.962437
0.962437
0.962437
0.962437
0.962437
0.962437
0.962437
0.962437
0.962437
0.962437
0.962437
0.962437
0.962437
0.962437
0.962437
0.962437
0.962437
0.962437
0.962437
0.962437
0.962437
0.962437
0.962437
0.962437
0.962437
0.962437
0.962437
0.962437
0.962437
0.962437
0.962437
0.962437
0.962437
0.962437
0.962437
0.962437
0.962437
0.962437
0.962437
0.962437
0.962437
0.962437
0.962437
0.962437
0.962437
0.962437
0.962437
0.962437
0.962437
0.962437
0.962437
0.962437
0.962437
0.962437
0.962437
0.962437
0.962437
0.962437
0.962437
0.962437
0.962437
0.962437
0.962437
0.962437
0.962437
0.962437
0.962437
0.962437
0.962437
0.962437
0.962437
0.962437
0.962437
0.962437
0.962437
0.962437
0.962437
0.962437
0.962437
0.962437
0.962437
0.962437
0.962437
0.962437
0.962437
0.962437
0.962437
0.962437
0.962437
0.962437
0.962437
0.962437
0.962437
0.962437
0.962437
0.962437
0.962437
0.962437
0.962437
0.962437
0.962437
0.962437
0.962437
0.962437
0.962437
0.962437
0.962437
0.962437
0.962437
0.962437
0.962437
0.962437
0.962437
0.962437
0.962437
0.962437
0.962437
0.962437
0.962437
0.962437
0.962437
0.962437
0.962437
0.962437
0.962437
0.962437
0.962437
0.962437
0.962437
0.962437
0.962437
0.962437
0.962437
0.962437
0.962437
0.962437
0.962437
0.962437
0.962437
0.962437
0.962437
0.962437
0.962437
0.962437
0.962437
0.962437
0.962437
0.962437
0.962437
0.962437
0.962437
0.962437
0.962437
0.962437
0.962437
0.962437
0.962437
0.962437
0.962437
0.962437
0.962437
0.962437
0.962437
0.962437
0.962437
0.962437
0.962437
0.962437
0.962437
0.962437
0.962437
0.962437
0.962437
0.962437
0.962437
0.962437
0.962437
0.962437
0.962437
0.962437
0.962437
0.962437
0.962437
0.962437
0.962437
0.962437
0.962437
0.962437
0.962437
0.962437
0.962437
0.962437
0.962437
0.962437
0.962437
0.962437
0.962437
0.962437
0.962437
0.962437
0.962437
0.962437
0.962437
0.962437
0.962437
0.962437
0.962437
0.962437
0.962437
0.962437
0.962437
0.962437
0.962437
0.962437
0.962437
0.962437
0.962437
0.962437
0.962437
0.962437
0.962437
0.962437
0.962437
0.962437
0.962437
0.962437
0.962437
0.962437
0.962437
0.962437
0.962437
0.962437
0.962437
0.962437
0.962437
0.962437
0.962437
0.962437
0.962437
0.962437
0.962437
0.962437
0.962437
0.962437
0.962437
0.962437
0.962437
0.962437
0.962437
0.962437
0.962437
0.962437
0.962437
0.962437
0.962437
0.962437
0.962437
0.962437
0.962437
0.962437
0.962437
0.962437
0.962437
0.962437
0.962437
0.962437
0.962437
0.962437
0.962437
0.962437
0.962437
0.962437
0.962437
0.962437
0.962437
0.962437
0.962437
0.962437
0.962437
0.962437
0.962437
0.962437
0.962437
0.962437
0.962437
0.962437
0.962437
0.962437
0.962437
0.962437
0.962437
0.962437
0.962437
0.962437
0.962437
0.962437
0.962437
0.962437
0.962437
0.962437
0.962437
0.962437
0.962437
0.962437
0.962437
0.962437
0.962437
0.962437
0.962437
0.962437
0.962437
0.962437
0.962437
0.962437
0.962437
0.962437
0.962437
0.962437
0.962437
0.962437
0.962437
0.962437
0.962437
0.962437
0.962437
0.962437
0.962437
0.962437
0.962437
0.962437
0.962437
0.962437
0.962437
0.962437
0.962437
0.962437
0.962437
0.962437
0.962437
0.962437
0.962437
0.962437
0.962437
0.962437
0.962437
0.962437
0.962437
0.962437
0.962437
0.962437
0.962437
0.962437
0.962437
0.962437
0.962437
0.962437
0.962437
0.962437
0.962437
0.962437
0.962437
0.962437
0.962437
0.962437
0.962437
0.962437
0.962437
0.962437
0.962437
0.962437
0.962437
0.962437
0.962437
0.962437
0.962437
0.962437
0.962437
0.962437
0.962437
0.962437
0.962437
0.962437
0.962437
0.962437
0.962437
0.962437
0.962437
0.962437
0.962437
0.962437
0.962437
0.962437
0.962437
0.962437
0.962437
0.962437
0.962437
0.962437
0.962437
0.962437
0.962437
0.962437
0.962437
0.962437
0.962437
0.962437
0.962437
0.962437
0.962437
0.962437
0.962437
0.962437
0.962437
0.962437
0.962437
0.962437
0.962437
0.962437
0.962437
0.962437
0.962437
0.962437
0.962437
0.962437
0.962437
0.962437
0.962437
0.962437
0.962437
0.962437
0.962437
0.962437
0.962437
0.962437
0.962437
0.962437
0.962437
0.962437
0.962437
0.962437
0.962437
0.962437
0.962437
0.962437
0.962437
0.962437
0.962437
0.962437
0.962437
0.962437
0.962437
0.962437
0.962437
0.962437
0.962437
0.962437
0.962437
0.962437
0.962437
0.962437
0.962437
0.962437
0.962437
0.962437
0.962437
0.962437
0.962437
0.962437
0.962437
0.962437
0.962437
0.962437
0.962437
0.962437
0.962437
0.962437
0.962437
0.962437
0.962437
0.962437
0.962437
0.962437
0.962437
0.962437
0.962437
0.962437
0.962437
0.962437
0.962437
0.962437
0.962437
0.962437
0.962437
0.962437
0.962437
0.962437
0.962437
0.962437
0.962437
0.962437
0.962437
0.962437
0.962437
0.962437
0.962437
0.962437
0.962437
0.962437
0.962437
0.962437
0.962437
0.962437
0.962437
0.962437
0.962437
0.962437
0.962437
0.962437
0.962437
0.962437
0.962437
0.962437
0.962437
0.962437
0.962437
0.962437
0.962437
0.962437
0.962437
0.962437
0.962437
0.962437
0.962437
0.962437
0.962437
0.962437
0.962437
0.962437
0.962437
0.962437
0.962437
0.962437
0.962437
0.962437
0.962437
0.962437
0.962437
0.962437
0.962437
0.962437
0.962437
0.962437
0.962437
0.962437
0.962437
0.962437
0.962437
0.962437
0.962437
0.962437
0.962437
0.962437
0.962437
0.962437
0.962437
0.962437
0.962437
0.962437
0.962437
0.962437
0.962437
0.962437
0.962437
0.962437
0.962437
0.962437
0.962437
0.962437
0.962437
0.962437
0.962437
0.962437
0.962437
0.962437
0.962437
0.962437
0.962437
0.962437
0.962437
0.962437
0.962437
0.962437
0.962437
0.962437
0.962437
0.962437
0.962437
0.962437
0.962437
0.962437
0.962437
0.962437
0.962437
0.962437
0.962437
0.962437
0.962437
0.962437
0.962437
0.962437
0.962437
0.962437
0.962437
0.962437
0.962437
0.962437
0.962437
0.962437
0.962437
0.962437
0.962437
0.962437
0.962437
0.962437
0.962437
0.962437
0.962437
0.962437
0.962437
0.962437
0.962437
0.962437
0.962437
0.962437
0.962437
0.962437
0.962437
0.962437
0.962437
0.962437
0.962437
0.962437
0.962437
0.962437
0.962437
0.962437
0.962437
0.962437
0.962437
0.962437
0.962437
0.962437
0.962437
0.962437
0.962437
0.962437
0.962437
0.962437
0.962437
0.962437
0.962437
0.962437
0.962437
0.962437
0.962437
0.962437
0.962437
0.962437
0.962437
0.962437
0.962437
0.962437
0.962437
0.962437
0.962437
0.962437
0.962437
0.962437
0.962437
0.962437
0.962437
0.962437
0.962437
0.962437
0.962437
0.962437
0.962437
0.962437
0.962437
0.962437
0.962437
0.962437
0.962437
0.962437
0.962437
0.962437
0.962437
0.962437
0.962437
0.962437
0.962437
0.962437
0.962437
0.962437
0.962437
0.962437
0.962437
0.962437
0.962437
0.962437
0.962437
0.962437
0.962437
0.962437
0.962437
0.962437
0.962437
0.962437
0.962437
0.962437
0.962437
0.962437
0.962437
0.962437
0.962437
0.962437
0.962437
0.962437
0.962437
0.962437
0.962437
0.962437
0.962437
0.962437
0.962437
0.962437
0.962437
0.962437
0.962437
0.962437
0.962437
0.962437
0.962437
0.962437
0.962437
0.962437
0.962437
0.962437
0.962437
0.962437
0.962437
0.962437
0.962437
0.962437
0.962437
0.962437
0.962437
0.962437
0.962437
0.962437
0.962437
0.962437
0.962437
0.962437
0.962437
0.962437
0.962437
0.962437
0.962437
0.962437
0.962437
0.962437
0.962437
0.962437
0.962437
0.962437
0.962437
0.962437
0.962437
0.962437
0.962437
0.962437
0.962437
0.962437
0.962437
0.962437
0.962437
0.962437
0.962437
0.962437
0.962437
0.962437
0.962437
0.962437
0.962437
0.962437
0.962437
0.962437
0.962437
0.962437
0.962437
0.962437
0.962437
0.962437
0.962437
0.962437
0.962437
0.962437
0.962437
0.962437
0.962437
0.962437
0.962437
0.962437
0.962437
0.962437
0.962437
0.962437
0.962437
0.962437
0.962437
0.962437
0.962437
0.962437
0.962437
0.962437
0.962437
0.962437
0.962437
0.962437
0.962437
0.962437
0.962437
0.962437
0.962437
0.962437
0.962437
0.962437
0.962437
0.962437
0.962437
0.962437
0.962437
0.962437
0.962437
0.962437
0.962437
0.962437
0.962437
0.962437
0.962437
0.962437
0.962437
0.962437
0.962437
0.962437
0.962437
0.962437
0.962437
0.962437
0.962437
0.962437
0.962437
0.962437
0.962437
0.962437
0.962437
0.962437
0.962437
0.962437
0.962437
0.962437
0.962437
0.962437
0.962437
0.962437
0.962437
0.962437
0.962437
0.962437
0.962437
0.962437
0.962437
0.962437
0.962437
0.962437
0.962437
0.962437
0.962437
0.962437
0.962437
0.962437
0.962437
0.962437
0.962437
0.962437
0.962437
0.962437
0.962437
0.962437
0.962437
0.962437
0.962437
0.962437
0.962437
0.962437
0.962437
0.962437
0.962437
0.962437
0.962437
0.962437
0.962437
0.962437
0.962437
0.962437
0.962437
0.962437
0.962437
0.962437
0.962437
0.962437
0.962437
0.962437
0.962437
0.962437
0.962437
0.962437
0.962437
0.962437
0.962437
0.962437
0.962437
0.962437
0.962437
0.962437
0.962437
0.962437
0.962437
0.962437
0.962437
0.962437
0.962437
0.962437
0.962437
0.962437
0.962437
0.962437
0.962437
0.962437
0.962437
0.962437
0.962437
0.962437
0.962437
0.962437
0.962437
0.962437
0.962437
0.962437
0.962437
0.962437
0.962437
0.962437
0.962437
0.962437
0.962437
0.962437
0.962437
0.962437
0.962437
0.962437
0.962437
0.962437
0.962437
0.962437
0.962437
0.962437
0.962437
0.962437
0.962437
0.962437
0.962437
0.962437
0.962437
0.962437
0.962437
0.962437
0.962437
0.962437
0.962437
0.962437
0.962437
0.962437
0.962437
0.962437
0.962437
0.962437
0.962437
0.962437
0.962437
0.962437
0.962437
0.962437
0.962437
0.962437
0.962437
0.962437
0.962437
0.962437
0.962437
0.962437
0.962437
0.962437
0.962437
0.962437
0.962437
0.962437
0.962437
0.962437
0.962437
0.962437
0.962437
0.962437
0.962437
0.962437
0.962437
0.962437
0.962437
0.962437
0.962437
0.962437
0.962437
0.962437
0.962437
0.962437
0.962437
0.962437
0.962437
0.962437
0.962437
0.962437
0.962437
0.962437
0.962437
0.962437
0.962437
0.962437
0.962437
0.962437
0.962437
0.962437
0.962437
0.962437
0.962437
0.962437
0.962437
0.962437
0.962437
0.962437
0.962437
0.962437
0.962437
0.962437
0.962437
0.962437
0.962437
0.962437
0.962437
0.962437
0.962437
0.962437
0.962437
0.962437
0.962437
0.962437
0.962437
0.962437
0.962437
0.962437
0.962437
0.962437
0.962437
0.962437
0.962437
0.962437
0.962437
0.962437
0.962437
0.962437
0.962437
0.962437
0.962437
0.962437
0.962437
0.962437
0.962437
0.962437
0.962437
0.962437
0.962437
0.962437
0.962437
0.962437
0.962437
0.962437
0.962437
0.962437
0.962437
0.962437
0.962437
0.962437
0.962437
0.962437
0.962437
0.962437
0.962437
0.962437
0.962437
0.962437
0.962437
0.962437
0.962437
0.962437
0.962437
0.962437
0.962437
0.962437
0.962437
0.962437
0.962437
0.962437
0.962437
0.962437
0.962437
0.962437
0.962437
0.962437
0.962437
0.962437
0.962437
0.962437
0.962437
0.962437
0.962437
0.962437
0.962437
0.962437
0.962437
0.962437
0.962437
0.962437
0.962437
0.962437
0.962437
0.962437
0.962437
0.962437
0.962437
0.962437
0.962437
0.962437
0.962437
0.962437
0.962437
0.962437
0.962437
0.962437
0.962437
0.962437
0.962437
0.962437
0.962437
0.962437
0.962437
0.962437
0.962437
0.962437
0.962437
0.962437
0.962437
0.962437
0.962437
0.962437
0.962437
0.962437
0.962437
0.962437
0.962437
0.962437
0.962437
0.962437
0.962437
0.962437
0.962437
0.962437
0.962437
0.962437
0.962437
0.962437
0.962437
0.962437
0.962437
0.962437
0.962437
0.962437
0.962437
0.962437
0.962437
0.962437
0.962437
0.962437
0.962437
0.962437
0.962437
0.962437
0.962437
0.962437
0.962437
0.962437
0.962437
0.962437
0.962437
0.962437
0.962437
0.962437
0.962437
0.962437
0.962437
0.962437
0.962437
0.962437
0.962437
0.962437
0.962437
0.962437
0.962437
0.962437
0.962437
0.962437
0.962437
0.962437
0.962437
0.962437
0.962437
0.962437
0.962437
0.962437
0.962437
0.962437
0.962437
0.962437
0.962437
0.962437
0.962437
0.962437
