0.001
0.00503775
0.00963098
0.0143474
0.0189919
0.0234747
0.0277588
0.0318346
0.0357066
0.0393862
0.0428879
0.0462268
0.0494177
0.0524747
0.0554107
0.0582372
0.0609647
0.0636026
0.0661593
0.0686422
0.0710579
0.0734123
0.0757107
0.0779576
0.0801574
0.0823136
0.0844296
0.0865084
0.0885526
0.0905646
0.0925465
0.0945003
0.0964277
0.0983302
0.100209
0.102066
0.103902
0.105718
0.107515
0.109294
0.111056
0.112801
0.11453
0.116244
0.117943
0.119628
0.1213
0.122958
0.124604
0.126237
0.127858
0.129468
0.131067
0.132654
0.134231
0.135797
0.137354
0.1389
0.140437
0.141965
0.143483
0.144992
0.146493
0.147985
0.149469
0.150944
0.152412
0.153871
0.155323
0.156767
0.158204
0.159633
0.161055
0.162471
0.163879
0.165281
0.166675
0.168064
0.169446
0.170821
0.17219
0.173553
0.174911
0.176262
0.177607
0.178946
0.18028
0.181608
0.182931
0.184248
0.18556
0.186867
0.188168
0.189465
0.190756
0.192042
0.193323
0.194599
0.195871
0.197138
0.1984
0.199657
0.20091
0.202158
0.203402
0.204641
0.205876
0.207107
0.208333
0.209555
0.210773
0.211987
0.213196
0.214402
0.215603
0.216801
0.217994
0.219184
0.22037
0.221552
0.22273
0.223905
0.225076
0.226243
0.227406
0.228566
0.229722
0.230875
0.232024
0.233169
0.234311
0.23545
0.236585
0.237717
0.238846
0.239971
0.241093
0.242211
0.243327
0.244439
0.245548
0.246653
0.247756
0.248855
0.249951
0.251044
0.252134
0.253221
0.254305
0.255386
0.256464
0.257539
0.258611
0.25968
0.260746
0.26181
0.26287
0.263927
0.264982
0.266034
0.267083
0.268129
0.269172
0.270213
0.27125
0.272285
0.273318
0.274347
0.275374
0.276398
0.27742
0.278439
0.279455
0.280469
0.28148
0.282488
0.283494
0.284497
0.285497
0.286495
0.287491
0.288484
0.289474
0.290462
0.291448
0.292431
0.293411
0.294389
0.295365
0.296338
0.297309
0.298277
0.299243
0.300206
0.301167
0.302126
0.303082
0.304036
0.304988
0.305937
0.306884
0.307828
0.308771
0.309711
0.310648
0.311584
0.312517
0.313447
0.314376
0.315302
0.316226
0.317148
0.318068
0.318985
0.3199
0.320813
0.321723
0.322632
0.323538
0.324442
0.325344
0.326244
0.327142
0.328037
0.328931
0.329822
0.330711
0.331598
0.332483
0.333365
0.334246
0.335125
0.336001
0.336875
0.337748
0.338618
0.339486
0.340352
0.341216
0.342078
0.342938
0.343796
0.344652
0.345506
0.346358
0.347208
0.348056
0.348902
0.349746
0.350588
0.351427
0.352265
0.353101
0.353936
0.354768
0.355598
0.356426
0.357252
0.358077
0.358899
0.35972
0.360538
0.361355
0.36217
0.362983
0.363794
0.364603
0.36541
0.366215
0.367019
0.36782
0.36862
0.369418
0.370214
0.371008
0.371801
0.372591
0.37338
0.374167
0.374952
0.375735
0.376516
0.377296
0.378074
0.37885
0.379624
0.380396
0.381167
0.381936
0.382703
0.383468
0.384232
0.384994
0.385754
0.386512
0.387269
0.388023
0.388776
0.389528
0.390277
0.391025
0.391771
0.392516
0.393258
0.393999
0.394739
0.395476
0.396212
0.396946
0.397679
0.39841
0.399139
0.399866
0.400592
0.401316
0.402039
0.40276
0.403479
0.404196
0.404912
0.405626
0.406339
0.40705
0.407759
0.408467
0.409173
0.409878
0.410581
0.411282
0.411981
0.412679
0.413376
0.414071
0.414764
0.415456
0.416146
0.416834
0.417521
0.418207
0.418891
0.419573
0.420253
0.420933
0.42161
0.422286
0.422961
0.423634
0.424305
0.424975
0.425643
0.42631
0.426975
0.427639
0.428301
0.428962
0.429621
0.430279
0.430935
0.43159
0.432243
0.432895
0.433545
0.434194
0.434841
0.435487
0.436132
0.436775
0.437416
0.438056
0.438694
0.439331
0.439967
0.440601
0.441234
0.441865
0.442495
0.443123
0.44375
0.444376
0.445
0.445623
0.446244
0.446864
0.447482
0.448099
0.448715
0.449329
0.449942
0.450553
0.451163
0.451772
0.452379
0.452985
0.453589
0.454192
0.454794
0.455395
0.455994
0.456591
0.457188
0.457782
0.458376
0.458968
0.459559
0.460149
0.460737
0.461324
0.461909
0.462493
0.463076
0.463658
0.464238
0.464817
0.465394
0.465971
0.466546
0.467119
0.467691
0.468263
0.468832
0.469401
0.469968
0.470534
0.471098
0.471661
0.472223
0.472784
0.473344
0.473902
0.474459
0.475014
0.475569
0.476122
0.476674
0.477224
0.477774
0.478322
0.478869
0.479414
0.479959
0.480502
0.481044
0.481584
0.482124
0.482662
0.483199
0.483735
0.484269
0.484803
0.485335
0.485866
0.486395
0.486924
0.487451
0.487977
0.488502
0.489026
0.489548
0.49007
0.49059
0.491109
0.491627
0.492143
0.492659
0.493173
0.493686
0.494198
0.494709
0.495218
0.495727
0.496234
0.49674
0.497245
0.497749
0.498252
0.498753
0.499254
0.499753
0.500251
0.500748
0.501244
0.501739
0.502233
0.502725
0.503216
0.503707
0.504196
0.504684
0.505171
0.505657
0.506142
0.506625
0.507108
0.507589
0.50807
0.508549
0.509027
0.509504
0.50998
0.510455
0.510929
0.511402
0.511873
0.512344
0.512814
0.513282
0.513749
0.514216
0.514681
0.515145
0.515609
0.516071
0.516532
0.516992
0.517451
0.517909
0.518366
0.518822
0.519276
0.51973
0.520183
0.520635
0.521086
0.521535
0.521984
0.522432
0.522878
0.523324
0.523768
0.524212
0.524655
0.525096
0.525537
0.525976
0.526415
0.526853
0.527289
0.527725
0.52816
0.528593
0.529026
0.529458
0.529888
0.530318
0.530747
0.531174
0.531601
0.532027
0.532452
0.532876
0.533299
0.533721
0.534142
0.534562
0.534981
0.535399
0.535816
0.536233
0.536648
0.537062
0.537476
0.537888
0.5383
0.53871
0.53912
0.539529
0.539937
0.540344
0.540749
0.541155
0.541559
0.541962
0.542364
0.542766
0.543166
0.543566
0.543964
0.544362
0.544759
0.545155
0.54555
0.545944
0.546337
0.54673
0.547121
0.547512
0.547902
0.54829
0.548678
0.549065
0.549452
0.549837
0.550221
0.550605
0.550988
0.551369
0.55175
0.55213
0.55251
0.552888
0.553265
0.553642
0.554018
0.554393
0.554767
0.55514
0.555513
0.555884
0.556255
0.556625
0.556994
0.557362
0.557729
0.558096
0.558461
0.558826
0.55919
0.559553
0.559916
0.560277
0.560638
0.560998
0.561357
0.561715
0.562073
0.562429
0.562785
0.56314
0.563495
0.563848
0.564201
0.564552
0.564903
0.565254
0.565603
0.565952
0.5663
0.566647
0.566993
0.567338
0.567683
0.568027
0.56837
0.568713
0.569054
0.569395
0.569735
0.570074
0.570413
0.57075
0.571087
0.571424
0.571759
0.572094
0.572428
0.572761
0.573093
0.573425
0.573756
0.574086
0.574415
0.574744
0.575072
0.575399
0.575725
0.576051
0.576376
0.5767
0.577023
0.577346
0.577668
0.577989
0.57831
0.57863
0.578949
0.579267
0.579585
0.579902
0.580218
0.580533
0.580848
0.581162
0.581475
0.581788
0.5821
0.582411
0.582722
0.583031
0.58334
0.583649
0.583956
0.584263
0.58457
0.584875
0.58518
0.585484
0.585788
0.586091
0.586393
0.586694
0.586995
0.587295
0.587595
0.587893
0.588191
0.588489
0.588785
0.589081
0.589377
0.589671
0.589965
0.590259
0.590551
0.590843
0.591135
0.591425
0.591715
0.592005
0.592294
0.592582
0.592869
0.593156
0.593442
0.593727
0.594012
0.594296
0.59458
0.594863
0.595145
0.595426
0.595707
0.595988
0.596267
0.596546
0.596825
0.597103
0.59738
0.597656
0.597932
0.598207
0.598482
0.598756
0.599029
0.599302
0.599574
0.599846
0.600117
0.600387
0.600657
0.600926
0.601194
0.601462
0.601729
0.601996
0.602262
0.602527
0.602792
0.603056
0.60332
0.603583
0.603845
0.604107
0.604369
0.604629
0.604889
0.605149
0.605408
0.605666
0.605924
0.606181
0.606437
0.606693
0.606949
0.607203
0.607458
0.607711
0.607964
0.608217
0.608469
0.60872
0.608971
0.609221
0.609471
0.60972
0.609968
0.610216
0.610463
0.61071
0.610956
0.611202
0.611447
0.611692
0.611936
0.612179
0.612422
0.612665
0.612906
0.613148
0.613388
0.613629
0.613868
0.614107
0.614346
0.614584
0.614821
0.615058
0.615295
0.61553
0.615766
0.616001
0.616235
0.616468
0.616702
0.616934
0.617166
0.617398
0.617629
0.61786
0.61809
0.618319
0.618548
0.618777
0.619005
0.619232
0.619459
0.619685
0.619911
0.620136
0.620361
0.620586
0.62081
0.621033
0.621256
0.621478
0.6217
0.621921
0.622142
0.622362
0.622582
0.622801
0.62302
0.623238
0.623456
0.623674
0.62389
0.624107
0.624323
0.624538
0.624753
0.624967
0.625181
0.625394
0.625607
0.62582
0.626032
0.626243
0.626454
0.626665
0.626875
0.627084
0.627293
0.627502
0.62771
0.627918
0.628125
0.628332
0.628538
0.628744
0.628949
0.629154
0.629358
0.629562
0.629766
0.629969
0.630171
0.630373
0.630575
0.630776
0.630977
0.631177
0.631377
0.631576
0.631775
0.631973
0.632171
0.632369
0.632566
0.632763
0.632959
0.633155
0.63335
0.633545
0.633739
0.633933
0.634127
0.63432
0.634513
0.634705
0.634897
0.635088
0.635279
0.635469
0.635659
0.635849
0.636038
0.636227
0.636415
0.636603
0.636791
0.636978
0.637164
0.63735
0.637536
0.637722
0.637907
0.638091
0.638275
0.638459
0.638642
0.638825
0.639007
0.639189
0.639371
0.639552
0.639733
0.639913
0.640093
0.640273
0.640452
0.640631
0.640809
0.640987
0.641165
0.641342
0.641518
0.641695
0.641871
0.642046
0.642221
0.642396
0.64257
0.642744
0.642918
0.643091
0.643264
0.643436
0.643608
0.64378
0.643951
0.644122
0.644292
0.644462
0.644632
0.644801
0.64497
0.645138
0.645306
0.645474
0.645641
0.645808
0.645975
0.646141
0.646307
0.646473
0.646638
0.646802
0.646967
0.647131
0.647294
0.647457
0.64762
0.647783
0.647945
0.648107
0.648268
0.648429
0.64859
0.64875
0.64891
0.649069
0.649228
0.649387
0.649546
0.649704
0.649862
0.650019
0.650176
0.650333
0.650489
0.650645
0.650801
0.650956
0.651111
0.651265
0.651419
0.651573
0.651727
0.65188
0.652033
0.652185
0.652337
0.652489
0.65264
0.652792
0.652942
0.653093
0.653243
0.653392
0.653542
0.653691
0.65384
0.653988
0.654136
0.654284
0.654431
0.654578
0.654725
0.654871
0.655017
0.655163
0.655308
0.655453
0.655598
0.655742
0.655886
0.65603
0.656173
0.656316
0.656459
0.656601
0.656743
0.656885
0.657027
0.657168
0.657309
0.657449
0.657589
0.657729
0.657869
0.658008
0.658147
0.658285
0.658424
0.658562
0.658699
0.658836
0.658973
0.65911
0.659247
0.659383
0.659518
0.659654
0.659789
0.659924
0.660058
0.660193
0.660327
0.66046
0.660594
0.660727
0.660859
0.660992
0.661124
0.661256
0.661387
0.661518
0.661649
0.66178
0.66191
0.66204
0.66217
0.6623
0.662429
0.662558
0.662686
0.662814
0.662942
0.66307
0.663197
0.663325
0.663451
0.663578
0.663704
0.66383
0.663956
0.664081
0.664206
0.664331
0.664456
0.66458
0.664704
0.664828
0.664951
0.665074
0.665197
0.66532
0.665442
0.665564
0.665686
0.665807
0.665928
0.666049
0.66617
0.66629
0.66641
0.66653
0.66665
0.666769
0.666888
0.667007
0.667125
0.667243
0.667361
0.667479
0.667596
0.667714
0.66783
0.667947
0.668063
0.668179
0.668295
0.668411
0.668526
0.668641
0.668756
0.66887
0.668985
0.669099
0.669212
0.669326
0.669439
0.669552
0.669665
0.669777
0.669889
0.670001
0.670113
0.670224
0.670335
0.670446
0.670557
0.670667
0.670777
0.670887
0.670997
0.671106
0.671216
0.671325
0.671433
0.671542
0.67165
0.671758
0.671865
0.671973
0.67208
0.672187
0.672294
0.6724
0.672506
0.672612
0.672718
0.672824
0.672929
0.673034
0.673139
0.673243
0.673348
0.673452
0.673555
0.673659
0.673762
0.673866
0.673968
0.674071
0.674174
0.674276
0.674378
0.67448
0.674581
0.674682
0.674783
0.674884
0.674985
0.675085
0.675185
0.675285
0.675385
0.675484
0.675583
0.675682
0.675781
0.67588
0.675978
0.676076
0.676174
0.676272
0.676369
0.676466
0.676563
0.67666
0.676757
0.676853
0.676949
0.677045
0.677141
0.677236
0.677332
0.677427
0.677521
0.677616
0.67771
0.677805
0.677899
0.677992
0.678086
0.678179
0.678272
0.678365
0.678458
0.67855
0.678643
0.678735
0.678826
0.678918
0.67901
0.679101
0.679192
0.679283
0.679373
0.679464
0.679554
0.679644
0.679734
0.679823
0.679913
0.680002
0.680091
0.680179
0.680268
0.680356
0.680445
0.680533
0.68062
0.680708
0.680795
0.680882
0.680969
0.681056
0.681143
0.681229
0.681315
0.681401
0.681487
0.681573
0.681658
0.681743
0.681828
0.681913
0.681998
0.682082
0.682166
0.682251
0.682334
0.682418
0.682502
0.682585
0.682668
0.682751
0.682834
0.682916
0.682999
0.683081
0.683163
0.683244
0.683326
0.683408
0.683489
0.68357
0.683651
0.683731
0.683812
0.683892
0.683972
0.684052
0.684132
0.684212
0.684291
0.68437
0.684449
0.684528
0.684607
0.684686
0.684764
0.684842
0.68492
0.684998
0.685075
0.685153
0.68523
0.685307
0.685384
0.685461
0.685538
0.685614
0.68569
0.685766
0.685842
0.685918
0.685993
0.686069
0.686144
0.686219
0.686294
0.686369
0.686443
0.686517
0.686592
0.686666
0.68674
0.686813
0.686887
0.68696
0.687033
0.687106
0.687179
0.687252
0.687324
0.687397
0.687469
0.687541
0.687613
0.687684
0.687756
0.687827
0.687899
0.68797
0.68804
0.688111
0.688182
0.688252
0.688322
0.688393
0.688462
0.688532
0.688602
0.688671
0.688741
0.68881
0.688879
0.688948
0.689016
0.689085
0.689153
0.689221
0.689289
0.689357
0.689425
0.689493
0.68956
0.689627
0.689694
0.689761
0.689828
0.689895
0.689961
0.690028
0.690094
0.69016
0.690226
0.690292
0.690357
0.690423
0.690488
0.690553
0.690618
0.690683
0.690748
0.690812
0.690877
0.690941
0.691005
0.691069
0.691133
0.691197
0.69126
0.691324
0.691387
0.69145
0.691513
0.691576
0.691639
0.691701
0.691764
0.691826
0.691888
0.69195
0.692012
0.692074
0.692135
0.692197
0.692258
0.692319
0.69238
0.692441
0.692502
0.692562
0.692623
0.692683
0.692743
0.692803
0.692863
0.692923
0.692983
0.693042
0.693102
0.693161
0.69322
0.693279
0.693338
0.693397
0.693455
0.693514
0.693572
0.69363
0.693688
0.693746
0.693804
0.693861
0.693919
0.693976
0.694034
0.694091
0.694148
0.694205
0.694261
0.694318
0.694374
0.694431
0.694487
0.694543
0.694599
0.694655
0.694711
0.694766
0.694822
0.694877
0.694932
0.694987
0.695042
0.695097
0.695152
0.695206
0.695261
0.695315
0.695369
0.695424
0.695477
0.695531
0.695585
0.695639
0.695692
0.695745
0.695799
0.695852
0.695905
0.695958
0.69601
0.696063
0.696116
0.696168
0.69622
0.696272
0.696325
0.696376
0.696428
0.69648
0.696532
0.696583
0.696634
0.696686
0.696737
0.696788
0.696839
0.696889
0.69694
0.69699
0.697041
0.697091
0.697141
0.697191
0.697241
0.697291
0.697341
0.697391
0.69744
0.697489
0.697539
0.697588
0.697637
0.697686
0.697735
0.697783
0.697832
0.697881
0.697929
0.697977
0.698025
0.698074
0.698121
0.698169
0.698217
0.698265
0.698312
0.69836
0.698407
0.698454
0.698501
0.698548
0.698595
0.698642
0.698689
0.698735
0.698782
0.698828
0.698874
0.69892
0.698966
0.699012
0.699058
0.699104
0.699149
0.699195
0.69924
0.699286
0.699331
0.699376
0.699421
0.699466
0.699511
0.699555
0.6996
0.699644
0.699689
0.699733
0.699777
0.699821
0.699865
0.699909
0.699953
0.699997
0.70004
0.700084
0.700127
0.700171
0.700214
0.700257
0.7003
0.700343
0.700386
0.700428
0.700471
0.700513
0.700556
0.700598
0.70064
0.700682
0.700724
0.700766
0.700808
0.70085
0.700892
0.700933
0.700975
0.701016
0.701057
0.701099
0.70114
0.701181
0.701222
0.701262
0.701303
0.701344
0.701384
0.701425
0.701465
0.701505
0.701545
0.701586
0.701626
0.701665
0.701705
0.701745
0.701785
0.701824
0.701864
0.701903
0.701942
0.701981
0.70202
0.702059
0.702098
0.702137
0.702176
0.702215
0.702253
0.702292
0.70233
0.702368
0.702406
0.702445
0.702483
0.702521
0.702558
0.702596
0.702634
0.702671
0.702709
0.702746
0.702784
0.702821
0.702858
0.702895
0.702932
0.702969
0.703006
0.703043
0.70308
0.703116
0.703153
0.703189
0.703225
0.703262
0.703298
0.703334
0.70337
0.703406
0.703442
0.703478
0.703513
0.703549
0.703584
0.70362
0.703655
0.70369
0.703726
0.703761
0.703796
0.703831
0.703866
0.703901
0.703935
0.70397
0.704005
0.704039
0.704073
0.704108
0.704142
0.704176
0.70421
0.704244
0.704278
0.704312
0.704346
0.70438
0.704413
0.704447
0.70448
0.704514
0.704547
0.70458
0.704614
0.704647
0.70468
0.704713
0.704746
0.704778
0.704811
0.704844
0.704876
0.704909
0.704941
0.704974
0.705006
0.705038
0.70507
0.705102
0.705134
0.705166
0.705198
0.70523
0.705262
0.705293
0.705325
0.705356
0.705388
0.705419
0.705451
0.705482
0.705513
0.705544
0.705575
0.705606
0.705637
0.705668
0.705698
0.705729
0.70576
0.70579
0.70582
0.705851
0.705881
0.705911
0.705942
0.705972
0.706002
0.706032
0.706062
0.706091
0.706121
0.706151
0.70618
0.70621
0.70624
0.706269
0.706298
0.706328
0.706357
0.706386
0.706415
0.706444
0.706473
0.706502
0.706531
0.70656
0.706588
0.706617
0.706645
0.706674
0.706702
0.706731
0.706759
0.706787
0.706815
0.706844
0.706872
0.7069
0.706928
0.706955
0.706983
0.707011
0.707039
0.707066
0.707094
0.707121
0.707149
0.707176
0.707203
0.707231
0.707258
0.707285
0.707312
0.707339
0.707366
0.707393
0.707419
0.707446
0.707473
0.7075
0.707526
0.707553
0.707579
0.707605
0.707632
0.707658
0.707684
0.70771
0.707736
0.707762
0.707788
0.707814
0.70784
0.707866
0.707892
0.707917
0.707943
0.707969
0.707994
0.70802
0.708045
0.70807
0.708095
0.708121
0.708146
0.708171
0.708196
0.708221
0.708246
0.708271
0.708296
0.70832
0.708345
0.70837
0.708394
0.708419
0.708443
0.708468
0.708492
0.708516
0.708541
0.708565
0.708589
0.708613
0.708637
0.708661
0.708685
0.708709
0.708733
0.708756
0.70878
0.708804
0.708827
0.708851
0.708875
0.708898
0.708921
0.708945
0.708968
0.708991
0.709014
0.709038
0.709061
0.709084
0.709107
0.709129
0.709152
0.709175
0.709198
0.709221
0.709243
0.709266
0.709288
0.709311
0.709333
0.709356
0.709378
0.7094
0.709423
0.709445
0.709467
0.709489
0.709511
0.709533
0.709555
0.709577
0.709599
0.709621
0.709642
0.709664
0.709686
0.709707
0.709729
0.70975
0.709772
0.709793
0.709815
0.709836
0.709857
0.709878
0.7099
0.709921
0.709942
0.709963
0.709984
0.710005
0.710026
0.710046
0.710067
0.710088
0.710109
0.710129
0.71015
0.71017
0.710191
0.710211
0.710232
0.710252
0.710272
0.710293
0.710313
0.710333
0.710353
0.710373
0.710393
0.710413
0.710433
0.710453
0.710473
0.710493
0.710513
0.710532
0.710552
0.710572
0.710591
0.710611
0.71063
0.71065
0.710669
0.710689
0.710708
0.710727
0.710747
0.710766
0.710785
0.710804
0.710823
0.710842
0.710861
0.71088
0.710899
0.710918
0.710937
0.710955
0.710974
0.710993
0.711011
0.71103
0.711048
0.711067
0.711085
0.711104
0.711122
0.711141
0.711159
0.711177
0.711195
0.711214
0.711232
0.71125
0.711268
0.711286
0.711304
0.711322
0.71134
0.711357
0.711375
0.711393
0.711411
0.711428
0.711446
0.711464
0.711481
0.711499
0.711516
0.711534
0.711551
0.711569
0.711586
0.711603
0.71162
0.711638
0.711655
0.711672
0.711689
0.711706
0.711723
0.71174
0.711757
0.711774
0.711791
0.711808
0.711824
0.711841
0.711858
0.711875
0.711891
0.711908
0.711924
0.711941
0.711957
0.711974
0.71199
0.712007
0.712023
0.712039
0.712055
0.712072
0.712088
0.712104
0.71212
0.712136
0.712152
0.712168
0.712184
0.7122
0.712216
0.712232
0.712248
0.712264
0.712279
0.712295
0.712311
0.712326
0.712342
0.712358
0.712373
0.712389
0.712404
0.712419
0.712435
0.71245
0.712466
0.712481
0.712496
0.712511
0.712527
0.712542
0.712557
0.712572
0.712587
0.712602
0.712617
0.712632
0.712647
0.712662
0.712677
0.712691
0.712706
0.712721
0.712736
0.71275
0.712765
0.71278
0.712794
0.712809
0.712823
0.712838
0.712852
0.712867
0.712881
0.712895
0.71291
0.712924
0.712938
0.712952
0.712967
0.712981
0.712995
0.713009
0.713023
0.713037
0.713051
0.713065
0.713079
0.713093
0.713107
0.713121
0.713134
0.713148
0.713162
0.713176
0.713189
0.713203
0.713217
0.71323
0.713244
0.713257
0.713271
0.713284
0.713298
0.713311
0.713324
0.713338
0.713351
0.713364
0.713378
0.713391
0.713404
0.713417
0.71343
0.713443
0.713456
0.71347
0.713483
0.713496
0.713508
0.713521
0.713534
0.713547
0.71356
0.713573
0.713586
0.713598
0.713611
0.713624
0.713636
0.713649
0.713662
0.713674
0.713687
0.713699
0.713712
0.713724
0.713737
0.713749
0.713762
0.713774
0.713786
0.713799
0.713811
0.713823
0.713835
0.713847
0.71386
0.713872
0.713884
0.713896
0.713908
0.71392
0.713932
0.713944
0.713956
0.713968
0.71398
0.713992
0.714003
0.714015
0.714027
0.714039
0.71405
0.714062
0.714074
0.714085
0.714097
0.714109
0.71412
0.714132
0.714143
0.714155
0.714166
0.714178
0.714189
0.7142
0.714212
0.714223
0.714234
0.714246
0.714257
0.714268
0.714279
0.714291
0.714302
0.714313
0.714324
0.714335
0.714346
0.714357
0.714368
0.714379
0.71439
0.714401
0.714412
0.714423
0.714434
0.714444
0.714455
0.714466
0.714477
0.714488
0.714498
0.714509
0.71452
0.71453
0.714541
0.714551
0.714562
0.714572
0.714583
0.714593
0.714604
0.714614
0.714625
0.714635
0.714646
0.714656
0.714666
0.714677
0.714687
0.714697
0.714707
0.714718
0.714728
0.714738
0.714748
0.714758
0.714768
0.714778
0.714788
0.714798
0.714808
0.714818
0.714828
0.714838
0.714848
0.714858
0.714868
0.714878
0.714888
0.714897
0.714907
0.714917
0.714927
0.714936
0.714946
0.714956
0.714965
0.714975
0.714985
0.714994
0.715004
0.715013
0.715023
0.715032
0.715042
0.715051
0.715061
0.71507
0.715079
0.715089
0.715098
0.715107
0.715117
0.715126
0.715135
0.715144
0.715154
0.715163
0.715172
0.715181
0.71519
0.715199
0.715209
0.715218
0.715227
0.715236
0.715245
0.715254
0.715263
0.715272
0.715281
0.715289
0.715298
0.715307
0.715316
0.715325
0.715334
0.715342
0.715351
0.71536
0.715369
0.715377
0.715386
0.715395
0.715403
0.715412
0.715421
0.715429
0.715438
0.715446
0.715455
0.715463
0.715472
0.71548
0.715489
0.715497
0.715506
0.715514
0.715522
0.715531
0.715539
0.715547
0.715556
0.715564
0.715572
0.715581
0.715589
0.715597
0.715605
0.715613
0.715621
0.71563
0.715638
0.715646
0.715654
0.715662
0.71567
0.715678
0.715686
0.715694
0.715702
0.71571
0.715718
0.715726
0.715734
0.715742
0.715749
0.715757
0.715765
0.715773
0.715781
0.715788
0.715796
0.715804
0.715812
0.715819
0.715827
0.715835
0.715842
0.71585
0.715858
0.715865
0.715873
0.71588
0.715888
0.715895
0.715903
0.71591
0.715918
0.715925
0.715933
0.71594
0.715948
0.715955
0.715962
0.71597
0.715977
0.715984
0.715992
0.715999
0.716006
0.716014
0.716021
0.716028
0.716035
0.716042
0.71605
0.716057
0.716064
0.716071
0.716078
0.716085
0.716092
0.716099
0.716107
0.716114
0.716121
0.716128
0.716135
0.716142
0.716148
0.716155
0.716162
0.716169
0.716176
0.716183
0.71619
0.716197
0.716204
0.71621
0.716217
0.716224
0.716231
0.716237
0.716244
0.716251
0.716258
0.716264
0.716271
0.716278
0.716284
0.716291
0.716298
0.716304
0.716311
0.716317
0.716324
0.71633
0.716337
0.716343
0.71635
0.716356
0.716363
0.716369
0.716376
0.716382
0.716389
0.716395
0.716401
0.716408
0.716414
0.71642
0.716427
0.716433
0.716439
0.716446
0.716452
0.716458
0.716464
0.716471
0.716477
0.716483
0.716489
0.716495
0.716501
0.716508
0.716514
0.71652
0.716526
0.716532
0.716538
0.716544
0.71655
0.716556
0.716562
0.716568
0.716574
0.71658
0.716586
0.716592
0.716598
0.716604
0.71661
0.716616
0.716622
0.716627
0.716633
0.716639
0.716645
0.716651
0.716657
0.716662
0.716668
0.716674
0.71668
0.716685
0.716691
0.716697
0.716702
0.716708
0.716714
0.716719
0.716725
0.716731
0.716736
0.716742
0.716748
0.716753
0.716759
0.716764
0.71677
0.716775
0.716781
0.716786
0.716792
0.716797
0.716803
0.716808
0.716814
0.716819
0.716825
0.71683
0.716835
0.716841
0.716846
0.716851
0.716857
0.716862
0.716867
0.716873
0.716878
0.716883
0.716889
0.716894
0.716899
0.716904
0.71691
0.716915
0.71692
0.716925
0.71693
0.716935
0.716941
0.716946
0.716951
0.716956
0.716961
0.716966
0.716971
0.716976
0.716981
0.716986
0.716992
0.716997
0.717002
0.717007
0.717012
0.717017
0.717021
0.717026
0.717031
0.717036
0.717041
0.717046
0.717051
0.717056
0.717061
0.717066
0.717071
0.717075
0.71708
0.717085
0.71709
0.717095
0.717099
0.717104
0.717109
0.717114
0.717119
0.717123
0.717128
0.717133
0.717137
0.717142
0.717147
0.717151
0.717156
0.717161
0.717165
0.71717
0.717175
0.717179
0.717184
0.717188
0.717193
0.717198
0.717202
0.717207
0.717211
0.717216
0.71722
0.717225
0.717229
0.717234
0.717238
0.717243
0.717247
0.717252
0.717256
0.71726
0.717265
0.717269
0.717274
0.717278
0.717282
0.717287
0.717291
0.717296
0.7173
0.717304
0.717309
0.717313
0.717317
0.717321
0.717326
0.71733
0.717334
0.717338
0.717343
0.717347
0.717351
0.717355
0.71736
0.717364
0.717368
0.717372
0.717376
0.71738
0.717385
0.717389
0.717393
0.717397
0.717401
0.717405
0.717409
0.717413
0.717417
0.717421
0.717425
0.71743
0.717434
0.717438
0.717442
0.717446
0.71745
0.717454
0.717458
0.717461
0.717465
0.717469
0.717473
0.717477
0.717481
0.717485
0.717489
0.717493
0.717497
0.717501
0.717505
0.717508
0.717512
0.717516
0.71752
0.717524
0.717528
0.717531
0.717535
0.717539
0.717543
0.717547
0.71755
0.717554
0.717558
0.717562
0.717565
0.717569
0.717573
0.717576
0.71758
0.717584
0.717588
0.717591
0.717595
0.717599
0.717602
0.717606
0.717609
0.717613
0.717617
0.71762
0.717624
0.717627
0.717631
0.717635
0.717638
0.717642
0.717645
0.717649
0.717652
0.717656
0.717659
0.717663
0.717666
0.71767
0.717673
0.717677
0.71768
0.717684
0.717687
0.717691
0.717694
0.717698
0.717701
0.717704
0.717708
0.717711
0.717715
0.717718
0.717721
0.717725
0.717728
0.717731
0.717735
0.717738
0.717742
0.717745
0.717748
0.717751
0.717755
0.717758
0.717761
0.717765
0.717768
0.717771
0.717774
0.717778
0.717781
0.717784
0.717787
0.717791
0.717794
0.717797
0.7178
0.717803
0.717807
0.71781
0.717813
0.717816
0.717819
0.717822
0.717826
0.717829
0.717832
0.717835
0.717838
0.717841
0.717844
0.717847
0.71785
0.717853
0.717857
0.71786
0.717863
0.717866
0.717869
0.717872
0.717875
0.717878
0.717881
0.717884
0.717887
0.71789
0.717893
0.717896
0.717899
0.717902
0.717905
0.717908
0.717911
0.717914
0.717917
0.717919
0.717922
0.717925
0.717928
0.717931
0.717934
0.717937
0.71794
0.717943
0.717945
0.717948
0.717951
0.717954
0.717957
0.71796
0.717963
0.717965
0.717968
0.717971
0.717974
0.717977
0.717979
0.717982
0.717985
0.717988
0.71799
0.717993
0.717996
0.717999
0.718001
0.718004
0.718007
0.71801
0.718012
0.718015
0.718018
0.718021
0.718023
0.718026
0.718029
0.718031
0.718034
0.718037
0.718039
0.718042
0.718045
0.718047
0.71805
0.718052
0.718055
0.718058
0.71806
0.718063
0.718065
0.718068
0.718071
0.718073
0.718076
0.718078
0.718081
0.718083
0.718086
0.718089
0.718091
0.718094
0.718096
0.718099
0.718101
0.718104
0.718106
0.718109
0.718111
0.718114
0.718116
0.718119
0.718121
0.718124
0.718126
0.718128
0.718131
0.718133
0.718136
0.718138
0.718141
0.718143
0.718145
0.718148
0.71815
0.718153
0.718155
0.718157
0.71816
0.718162
0.718165
0.718167
0.718169
0.718172
0.718174
0.718176
0.718179
0.718181
0.718183
0.718186
0.718188
0.71819
0.718193
0.718195
0.718197
0.718199
0.718202
0.718204
0.718206
0.718209
0.718211
0.718213
0.718215
0.718218
0.71822
0.718222
0.718224
0.718227
0.718229
0.718231
0.718233
0.718235
0.718238
0.71824
0.718242
0.718244
0.718246
0.718249
0.718251
0.718253
0.718255
0.718257
0.718259
0.718262
0.718264
0.718266
0.718268
0.71827
0.718272
0.718274
0.718276
0.718279
0.718281
0.718283
0.718285
0.718287
0.718289
0.718291
0.718293
0.718295
0.718297
0.718299
0.718301
0.718304
0.718306
0.718308
0.71831
0.718312
0.718314
0.718316
0.718318
0.71832
0.718322
0.718324
0.718326
0.718328
0.71833
0.718332
0.718334
0.718336
0.718338
0.71834
0.718342
0.718344
0.718346
0.718348
0.71835
0.718351
0.718353
0.718355
0.718357
0.718359
0.718361
0.718363
0.718365
0.718367
0.718369
0.718371
0.718373
0.718374
0.718376
0.718378
0.71838
0.718382
0.718384
0.718386
0.718388
0.718389
0.718391
0.718393
0.718395
0.718397
0.718399
0.718401
0.718402
0.718404
0.718406
0.718408
0.71841
0.718411
0.718413
0.718415
0.718417
0.718419
0.71842
0.718422
0.718424
0.718426
0.718428
0.718429
0.718431
0.718433
0.718435
0.718436
0.718438
0.71844
0.718442
0.718443
0.718445
0.718447
0.718448
0.71845
0.718452
0.718454
0.718455
0.718457
0.718459
0.71846
0.718462
0.718464
0.718466
0.718467
0.718469
0.718471
0.718472
0.718474
0.718476
0.718477
0.718479
0.718481
0.718482
0.718484
0.718485
0.718487
0.718489
0.71849
0.718492
0.718494
0.718495
0.718497
0.718498
0.7185
0.718502
0.718503
0.718505
0.718506
0.718508
0.71851
0.718511
0.718513
0.718514
0.718516
0.718518
0.718519
0.718521
0.718522
0.718524
0.718525
0.718527
0.718528
0.71853
0.718531
0.718533
0.718535
0.718536
0.718538
0.718539
0.718541
0.718542
0.718544
0.718545
0.718547
0.718548
0.71855
0.718551
0.718553
0.718554
0.718556
0.718557
0.718559
0.71856
0.718561
0.718563
0.718564
0.718566
0.718567
0.718569
0.71857
0.718572
0.718573
0.718575
0.718576
0.718577
0.718579
0.71858
0.718582
0.718583
0.718585
0.718586
0.718587
0.718589
0.71859
0.718592
0.718593
0.718594
0.718596
0.718597
0.718598
0.7186
0.718601
0.718603
0.718604
0.718605
0.718607
0.718608
0.718609
0.718611
0.718612
0.718614
0.718615
0.718616
0.718618
0.718619
0.71862
0.718622
0.718623
0.718624
0.718626
0.718627
0.718628
0.718629
0.718631
0.718632
0.718633
0.718635
0.718636
0.718637
0.718639
0.71864
0.718641
0.718642
0.718644
0.718645
0.718646
0.718648
0.718649
0.71865
0.718651
0.718653
0.718654
0.718655
0.718656
0.718658
0.718659
0.71866
0.718661
0.718663
0.718664
0.718665
0.718666
0.718668
0.718669
0.71867
0.718671
0.718672
0.718674
0.718675
0.718676
0.718677
0.718678
0.71868
0.718681
0.718682
0.718683
0.718684
0.718686
0.718687
0.718688
0.718689
0.71869
0.718692
0.718693
0.718694
0.718695
0.718696
0.718697
0.718698
0.7187
0.718701
0.718702
0.718703
0.718704
0.718705
0.718707
0.718708
0.718709
0.71871
0.718711
0.718712
0.718713
0.718714
0.718716
0.718717
0.718718
0.718719
0.71872
0.718721
0.718722
0.718723
0.718724
0.718725
0.718727
0.718728
0.718729
0.71873
0.718731
0.718732
0.718733
0.718734
0.718735
0.718736
0.718737
0.718738
0.718739
0.718741
0.718742
0.718743
0.718744
0.718745
0.718746
0.718747
0.718748
0.718749
0.71875
0.718751
0.718752
0.718753
0.718754
0.718755
0.718756
0.718757
0.718758
0.718759
0.71876
0.718761
0.718762
0.718763
0.718764
0.718765
0.718766
0.718767
0.718768
0.718769
0.71877
0.718771
0.718772
0.718773
0.718774
0.718775
0.718776
0.718777
0.718778
0.718779
0.71878
0.718781
0.718782
0.718783
0.718784
0.718785
0.718786
0.718787
0.718788
0.718789
0.71879
0.718791
0.718792
0.718793
0.718793
0.718794
0.718795
0.718796
0.718797
0.718798
0.718799
0.7188
0.718801
0.718802
0.718803
0.718804
0.718805
0.718806
0.718806
0.718807
0.718808
0.718809
0.71881
0.718811
0.718812
0.718813
0.718814
0.718815
0.718815
0.718816
0.718817
0.718818
0.718819
0.71882
0.718821
0.718822
0.718823
0.718823
0.718824
0.718825
0.718826
0.718827
0.718828
0.718829
0.718829
0.71883
0.718831
0.718832
0.718833
0.718834
0.718835
0.718835
0.718836
0.718837
0.718838
0.718839
0.71884
0.71884
0.718841
0.718842
0.718843
0.718844
0.718845
0.718845
0.718846
0.718847
0.718848
0.718849
0.718849
0.71885
0.718851
0.718852
0.718853
0.718854
0.718854
0.718855
0.718856
0.718857
0.718858
0.718858
0.718859
0.71886
0.718861
0.718861
0.718862
0.718863
0.718864
0.718865
0.718865
0.718866
0.718867
0.718868
0.718868
0.718869
0.71887
0.718871
0.718872
0.718872
0.718873
0.718874
0.718875
0.718875
0.718876
0.718877
0.718878
0.718878
0.718879
0.71888
0.718881
0.718881
0.718882
0.718883
0.718884
0.718884
0.718885
0.718886
0.718886
0.718887
0.718888
0.718889
0.718889
0.71889
0.718891
0.718892
0.718892
0.718893
0.718894
0.718894
0.718895
0.718896
0.718897
0.718897
0.718898
0.718899
0.718899
0.7189
0.718901
0.718901
0.718902
0.718903
0.718904
0.718904
0.718905
0.718906
0.718906
0.718907
0.718908
0.718908
0.718909
0.71891
0.71891
0.718911
0.718912
0.718912
0.718913
0.718914
0.718914
0.718915
0.718916
0.718916
0.718917
0.718918
0.718918
0.718919
0.71892
0.71892
0.718921
0.718922
0.718922
0.718923
0.718924
0.718924
0.718925
0.718925
0.718926
0.718927
0.718927
0.718928
0.718929
0.718929
0.71893
0.718931
0.718931
0.718932
0.718932
0.718933
0.718934
0.718934
0.718935
0.718936
0.718936
0.718937
0.718937
0.718938
0.718939
0.718939
0.71894
0.71894
0.718941
0.718942
0.718942
0.718943
0.718943
0.718944
0.718945
0.718945
0.718946
0.718946
0.718947
0.718948
0.718948
0.718949
0.718949
0.71895
0.718951
0.718951
0.718952
0.718952
0.718953
0.718953
0.718954
0.718955
0.718955
0.718956
0.718956
0.718957
0.718957
0.718958
0.718959
0.718959
0.71896
0.71896
0.718961
0.718961
0.718962
0.718963
0.718963
0.718964
0.718964
0.718965
0.718965
0.718966
0.718966
0.718967
0.718967
0.718968
0.718969
0.718969
0.71897
0.71897
0.718971
0.718971
0.718972
0.718972
0.718973
0.718973
0.718974
0.718974
0.718975
0.718976
0.718976
0.718977
0.718977
0.718978
0.718978
0.718979
0.718979
0.71898
0.71898
0.718981
0.718981
0.718982
0.718982
0.718983
0.718983
0.718984
0.718984
0.718985
0.718985
0.718986
0.718986
0.718987
0.718987
0.718988
0.718988
0.718989
0.718989
0.71899
0.71899
0.718991
0.718991
0.718992
0.718992
0.718993
0.718993
0.718994
0.718994
0.718995
0.718995
0.718996
0.718996
0.718997
0.718997
0.718998
0.718998
0.718999
0.718999
0.719
0.719
0.719
0.719001
0.719001
0.719002
0.719002
0.719003
0.719003
0.719004
0.719004
0.719005
0.719005
0.719006
0.719006
0.719006
0.719007
0.719007
0.719008
0.719008
0.719009
0.719009
0.71901
0.71901
0.719011
0.719011
0.719011
0.719012
0.719012
0.719013
0.719013
0.719014
0.719014
0.719015
0.719015
0.719015
0.719016
0.719016
0.719017
0.719017
0.719018
0.719018
0.719018
0.719019
0.719019
0.71902
0.71902
0.719021
0.719021
0.719021
0.719022
0.719022
0.719023
0.719023
0.719024
0.719024
0.719024
0.719025
0.719025
0.719026
0.719026
0.719026
0.719027
0.719027
0.719028
0.719028
0.719028
0.719029
0.719029
0.71903
0.71903
0.719031
0.719031
0.719031
0.719032
0.719032
0.719033
0.719033
0.719033
0.719034
0.719034
0.719035
0.719035
0.719035
0.719036
0.719036
0.719036
0.719037
0.719037
0.719038
0.719038
0.719038
0.719039
0.719039
0.71904
0.71904
0.71904
0.719041
0.719041
0.719041
0.719042
0.719042
0.719043
0.719043
0.719043
0.719044
0.719044
0.719044
0.719045
0.719045
0.719046
0.719046
0.719046
0.719047
0.719047
0.719047
0.719048
0.719048
0.719048
0.719049
0.719049
0.71905
0.71905
0.71905
0.719051
0.719051
0.719051
0.719052
0.719052
0.719052
0.719053
0.719053
0.719053
0.719054
0.719054
0.719055
0.719055
0.719055
0.719056
0.719056
0.719056
0.719057
0.719057
0.719057
0.719058
0.719058
0.719058
0.719059
0.719059
0.719059
0.71906
0.71906
0.71906
0.719061
0.719061
0.719061
0.719062
0.719062
0.719062
0.719063
0.719063
0.719063
0.719064
0.719064
0.719064
0.719065
0.719065
0.719065
0.719066
0.719066
0.719066
0.719067
0.719067
0.719067
0.719068
0.719068
0.719068
0.719068
0.719069
0.719069
0.719069
0.71907
0.71907
0.71907
0.719071
0.719071
0.719071
0.719072
0.719072
0.719072
0.719073
0.719073
0.719073
0.719073
0.719074
0.719074
0.719074
0.719075
0.719075
0.719075
0.719076
0.719076
0.719076
0.719076
0.719077
0.719077
0.719077
0.719078
0.719078
0.719078
0.719079
0.719079
0.719079
0.719079
0.71908
0.71908
0.71908
0.719081
0.719081
0.719081
0.719081
0.719082
0.719082
0.719082
0.719083
0.719083
0.719083
0.719083
0.719084
0.719084
0.719084
0.719085
0.719085
0.719085
0.719085
0.719086
0.719086
0.719086
0.719087
0.719087
0.719087
0.719087
0.719088
0.719088
0.719088
0.719088
0.719089
0.719089
0.719089
0.71909
0.71909
0.71909
0.71909
0.719091
0.719091
0.719091
0.719091
0.719092
0.719092
0.719092
0.719092
0.719093
0.719093
0.719093
0.719093
0.719094
0.719094
0.719094
0.719095
0.719095
0.719095
0.719095
0.719096
0.719096
0.719096
0.719096
0.719097
0.719097
0.719097
0.719097
0.719098
0.719098
0.719098
0.719098
0.719099
0.719099
0.719099
0.719099
0.7191
0.7191
0.7191
0.7191
0.719101
0.719101
0.719101
0.719101
0.719102
0.719102
0.719102
0.719102
0.719102
0.719103
0.719103
0.719103
0.719103
0.719104
0.719104
0.719104
0.719104
0.719105
0.719105
0.719105
0.719105
0.719106
0.719106
0.719106
0.719106
0.719106
0.719107
0.719107
0.719107
0.719107
0.719108
0.719108
0.719108
0.719108
0.719109
0.719109
0.719109
0.719109
0.719109
0.71911
0.71911
0.71911
0.71911
0.719111
0.719111
0.719111
0.719111
0.719111
0.719112
0.719112
0.719112
0.719112
0.719113
0.719113
0.719113
0.719113
0.719113
0.719114
0.719114
0.719114
0.719114
0.719114
0.719115
0.719115
0.719115
0.719115
0.719115
0.719116
0.719116
0.719116
0.719116
0.719117
0.719117
0.719117
0.719117
0.719117
0.719118
0.719118
0.719118
0.719118
0.719118
0.719119
0.719119
0.719119
0.719119
0.719119
0.71912
0.71912
0.71912
0.71912
0.71912
0.719121
0.719121
0.719121
0.719121
0.719121
0.719122
0.719122
0.719122
0.719122
0.719122
0.719123
0.719123
0.719123
0.719123
0.719123
0.719124
0.719124
0.719124
0.719124
0.719124
0.719124
0.719125
0.719125
0.719125
0.719125
0.719125
0.719126
0.719126
0.719126
0.719126
0.719126
0.719127
0.719127
0.719127
0.719127
0.719127
0.719127
0.719128
0.719128
0.719128
0.719128
0.719128
0.719129
0.719129
0.719129
0.719129
0.719129
0.719129
0.71913
0.71913
0.71913
0.71913
0.71913
0.719131
0.719131
0.719131
0.719131
0.719131
0.719131
0.719132
0.719132
0.719132
0.719132
0.719132
0.719132
0.719133
0.719133
0.719133
0.719133
0.719133
0.719133
0.719134
0.719134
0.719134
0.719134
0.719134
0.719134
0.719135
0.719135
0.719135
0.719135
0.719135
0.719135
0.719136
0.719136
0.719136
0.719136
0.719136
0.719136
0.719137
0.719137
0.719137
0.719137
0.719137
0.719137
0.719138
0.719138
0.719138
0.719138
0.719138
0.719138
0.719139
0.719139
0.719139
0.719139
0.719139
0.719139
0.719139
0.71914
0.71914
0.71914
0.71914
0.71914
0.71914
0.719141
0.719141
0.719141
0.719141
0.719141
0.719141
0.719141
0.719142
0.719142
0.719142
0.719142
0.719142
0.719142
0.719143
0.719143
0.719143
0.719143
0.719143
0.719143
0.719143
0.719144
0.719144
0.719144
0.719144
0.719144
0.719144
0.719144
0.719145
0.719145
0.719145
0.719145
0.719145
0.719145
0.719145
0.719146
0.719146
0.719146
0.719146
0.719146
0.719146
0.719146
0.719147
0.719147
0.719147
0.719147
0.719147
0.719147
0.719147
0.719148
0.719148
0.719148
0.719148
0.719148
0.719148
0.719148
0.719149
0.719149
0.719149
0.719149
0.719149
0.719149
0.719149
0.719149
0.71915
0.71915
0.71915
0.71915
0.71915
0.71915
0.71915
0.719151
0.719151
0.719151
0.719151
0.719151
0.719151
0.719151
0.719151
0.719152
0.719152
0.719152
0.719152
0.719152
0.719152
0.719152
0.719152
0.719153
0.719153
0.719153
0.719153
0.719153
0.719153
0.719153
0.719153
0.719154
0.719154
0.719154
0.719154
0.719154
0.719154
0.719154
0.719154
0.719155
0.719155
0.719155
0.719155
0.719155
0.719155
0.719155
0.719155
0.719156
0.719156
0.719156
0.719156
0.719156
0.719156
0.719156
0.719156
0.719156
0.719157
0.719157
0.719157
0.719157
0.719157
0.719157
0.719157
0.719157
0.719158
0.719158
0.719158
0.719158
0.719158
0.719158
0.719158
0.719158
0.719158
0.719159
0.719159
0.719159
0.719159
0.719159
0.719159
0.719159
0.719159
0.719159
0.71916
0.71916
0.71916
0.71916
0.71916
0.71916
0.71916
0.71916
0.71916
0.719161
0.719161
0.719161
0.719161
0.719161
0.719161
0.719161
0.719161
0.719161
0.719162
0.719162
0.719162
0.719162
0.719162
0.719162
0.719162
0.719162
0.719162
0.719162
0.719163
0.719163
0.719163
0.719163
0.719163
0.719163
0.719163
0.719163
0.719163
0.719163
0.719164
0.719164
0.719164
0.719164
0.719164
0.719164
0.719164
0.719164
0.719164
0.719164
0.719165
0.719165
0.719165
0.719165
0.719165
0.719165
0.719165
0.719165
0.719165
0.719165
0.719166
0.719166
0.719166
0.719166
0.719166
0.719166
0.719166
0.719166
0.719166
0.719166
0.719167
0.719167
0.719167
0.719167
0.719167
0.719167
0.719167
0.719167
0.719167
0.719167
0.719167
0.719168
0.719168
0.719168
0.719168
0.719168
0.719168
0.719168
0.719168
0.719168
0.719168
0.719168
0.719169
0.719169
0.719169
0.719169
0.719169
0.719169
0.719169
0.719169
0.719169
0.719169
0.719169
0.71917
0.71917
0.71917
0.71917
0.71917
0.71917
0.71917
0.71917
0.71917
0.71917
0.71917
0.719171
0.719171
0.719171
0.719171
0.719171
0.719171
0.719171
0.719171
0.719171
0.719171
0.719171
0.719171
0.719172
0.719172
0.719172
0.719172
0.719172
0.719172
0.719172
0.719172
0.719172
0.719172
0.719172
0.719172
0.719173
0.719173
0.719173
0.719173
0.719173
0.719173
0.719173
0.719173
0.719173
0.719173
0.719173
0.719173
0.719173
0.719174
0.719174
0.719174
0.719174
0.719174
0.719174
0.719174
0.719174
0.719174
0.719174
0.719174
0.719174
0.719174
0.719175
0.719175
0.719175
0.719175
0.719175
0.719175
0.719175
0.719175
0.719175
0.719175
0.719175
0.719175
0.719175
0.719176
0.719176
0.719176
0.719176
0.719176
0.719176
0.719176
0.719176
0.719176
0.719176
0.719176
0.719176
0.719176
0.719177
0.719177
0.719177
0.719177
0.719177
0.719177
0.719177
0.719177
0.719177
0.719177
0.719177
0.719177
0.719177
0.719177
0.719178
0.719178
0.719178
0.719178
0.719178
0.719178
0.719178
0.719178
0.719178
0.719178
0.719178
0.719178
0.719178
0.719178
0.719178
0.719179
0.719179
0.719179
0.719179
0.719179
0.719179
0.719179
0.719179
0.719179
0.719179
0.719179
0.719179
0.719179
0.719179
0.719179
0.71918
0.71918
0.71918
0.71918
0.71918
0.71918
0.71918
0.71918
0.71918
0.71918
0.71918
0.71918
0.71918
0.71918
0.71918
0.719181
0.719181
0.719181
0.719181
0.719181
0.719181
0.719181
0.719181
0.719181
0.719181
0.719181
0.719181
0.719181
0.719181
0.719181
0.719181
0.719182
0.719182
0.719182
0.719182
0.719182
0.719182
0.719182
0.719182
0.719182
0.719182
0.719182
0.719182
0.719182
0.719182
0.719182
0.719182
0.719182
0.719183
0.719183
0.719183
0.719183
0.719183
0.719183
0.719183
0.719183
0.719183
0.719183
0.719183
0.719183
0.719183
0.719183
0.719183
0.719183
0.719183
0.719184
0.719184
0.719184
0.719184
0.719184
0.719184
0.719184
0.719184
0.719184
0.719184
0.719184
0.719184
0.719184
0.719184
0.719184
0.719184
0.719184
0.719184
0.719185
0.719185
0.719185
0.719185
0.719185
0.719185
0.719185
0.719185
0.719185
0.719185
0.719185
0.719185
0.719185
0.719185
0.719185
0.719185
0.719185
0.719185
0.719185
0.719186
0.719186
0.719186
0.719186
0.719186
0.719186
0.719186
0.719186
0.719186
0.719186
0.719186
0.719186
0.719186
0.719186
0.719186
0.719186
0.719186
0.719186
0.719186
0.719186
0.719187
0.719187
0.719187
0.719187
0.719187
0.719187
0.719187
0.719187
0.719187
0.719187
0.719187
0.719187
0.719187
0.719187
0.719187
0.719187
0.719187
0.719187
0.719187
0.719187
0.719188
0.719188
0.719188
0.719188
0.719188
0.719188
0.719188
0.719188
0.719188
0.719188
0.719188
0.719188
0.719188
0.719188
0.719188
0.719188
0.719188
0.719188
0.719188
0.719188
0.719188
0.719188
0.719189
0.719189
0.719189
0.719189
0.719189
0.719189
0.719189
0.719189
0.719189
0.719189
0.719189
0.719189
0.719189
0.719189
0.719189
0.719189
0.719189
0.719189
0.719189
0.719189
0.719189
0.719189
0.71919
0.71919
0.71919
0.71919
0.71919
0.71919
0.71919
0.71919
0.71919
0.71919
0.71919
0.71919
0.71919
0.71919
0.71919
0.71919
0.71919
0.71919
0.71919
0.71919
0.71919
0.71919
0.71919
0.71919
0.719191
0.719191
0.719191
0.719191
0.719191
0.719191
0.719191
0.719191
0.719191
0.719191
0.719191
0.719191
0.719191
0.719191
0.719191
0.719191
0.719191
0.719191
0.719191
0.719191
0.719191
0.719191
0.719191
0.719191
0.719191
0.719192
0.719192
0.719192
0.719192
0.719192
0.719192
0.719192
0.719192
0.719192
0.719192
0.719192
0.719192
0.719192
0.719192
0.719192
0.719192
0.719192
0.719192
0.719192
0.719192
0.719192
0.719192
0.719192
0.719192
0.719192
0.719192
0.719192
0.719193
0.719193
0.719193
0.719193
0.719193
0.719193
0.719193
0.719193
0.719193
0.719193
0.719193
0.719193
0.719193
0.719193
0.719193
0.719193
0.719193
0.719193
0.719193
0.719193
0.719193
0.719193
0.719193
0.719193
0.719193
0.719193
0.719193
0.719193
0.719194
0.719194
0.719194
0.719194
0.719194
0.719194
0.719194
0.719194
0.719194
0.719194
0.719194
0.719194
0.719194
0.719194
0.719194
0.719194
0.719194
0.719194
0.719194
0.719194
0.719194
0.719194
0.719194
0.719194
0.719194
0.719194
0.719194
0.719194
0.719194
0.719194
0.719195
0.719195
0.719195
0.719195
0.719195
0.719195
0.719195
0.719195
0.719195
0.719195
0.719195
0.719195
0.719195
0.719195
0.719195
0.719195
0.719195
0.719195
0.719195
0.719195
0.719195
0.719195
0.719195
0.719195
0.719195
0.719195
0.719195
0.719195
0.719195
0.719195
0.719195
0.719195
0.719195
0.719196
0.719196
0.719196
0.719196
0.719196
0.719196
0.719196
0.719196
0.719196
0.719196
0.719196
0.719196
0.719196
0.719196
0.719196
0.719196
0.719196
0.719196
0.719196
0.719196
0.719196
0.719196
0.719196
0.719196
0.719196
0.719196
0.719196
0.719196
0.719196
0.719196
0.719196
0.719196
0.719196
0.719196
0.719196
0.719197
0.719197
0.719197
0.719197
0.719197
0.719197
0.719197
0.719197
0.719197
0.719197
0.719197
0.719197
0.719197
0.719197
0.719197
0.719197
0.719197
0.719197
0.719197
0.719197
0.719197
0.719197
0.719197
0.719197
0.719197
0.719197
0.719197
0.719197
0.719197
0.719197
0.719197
0.719197
0.719197
0.719197
0.719197
0.719197
0.719197
0.719197
0.719198
0.719198
0.719198
0.719198
0.719198
0.719198
0.719198
0.719198
0.719198
0.719198
0.719198
0.719198
0.719198
0.719198
0.719198
0.719198
0.719198
0.719198
0.719198
0.719198
0.719198
0.719198
0.719198
0.719198
0.719198
0.719198
0.719198
0.719198
0.719198
0.719198
0.719198
0.719198
0.719198
0.719198
0.719198
0.719198
0.719198
0.719198
0.719198
0.719198
0.719198
0.719199
0.719199
0.719199
0.719199
0.719199
0.719199
0.719199
0.719199
0.719199
0.719199
0.719199
0.719199
0.719199
0.719199
0.719199
0.719199
0.719199
0.719199
0.719199
0.719199
0.719199
0.719199
0.719199
0.719199
0.719199
0.719199
0.719199
0.719199
0.719199
0.719199
0.719199
0.719199
0.719199
0.719199
0.719199
0.719199
0.719199
0.719199
0.719199
0.719199
0.719199
0.719199
0.719199
0.719199
0.719199
0.719199
0.7192
0.7192
0.7192
0.7192
0.7192
0.7192
0.7192
0.7192
0.7192
0.7192
0.7192
0.7192
0.7192
0.7192
0.7192
0.7192
0.7192
0.7192
0.7192
0.7192
0.7192
0.7192
0.7192
0.7192
0.7192
0.7192
0.7192
0.7192
0.7192
0.7192
0.7192
0.7192
0.7192
0.7192
0.7192
0.7192
0.7192
0.7192
0.7192
0.7192
0.7192
0.7192
0.7192
0.7192
0.7192
0.7192
0.7192
0.7192
0.7192
0.7192
0.7192
0.719201
0.719201
0.719201
0.719201
0.719201
0.719201
0.719201
0.719201
0.719201
0.719201
0.719201
0.719201
0.719201
0.719201
0.719201
0.719201
0.719201
0.719201
0.719201
0.719201
