0.5
0.501253
0.502635
0.504049
0.505464
0.506873
0.508273
0.509665
0.511049
0.512426
0.513796
0.51516
0.516517
0.517869
0.519214
0.520553
0.521886
0.523213
0.524534
0.525849
0.527159
0.528463
0.529761
0.531054
0.532342
0.533624
0.534901
0.536173
0.53744
0.538701
0.539958
0.541211
0.542458
0.543701
0.544939
0.546173
0.547402
0.548627
0.549847
0.551063
0.552276
0.553483
0.554687
0.555887
0.557082
0.558274
0.559462
0.560645
0.561825
0.563001
0.564173
0.565342
0.566506
0.567667
0.568824
0.569978
0.571127
0.572273
0.573416
0.574555
0.57569
0.576821
0.577949
0.579074
0.580195
0.581312
0.582426
0.583536
0.584643
0.585746
0.586846
0.587943
0.589036
0.590125
0.591211
0.592294
0.593373
0.594449
0.595522
0.596591
0.597657
0.598719
0.599778
0.600834
0.601887
0.602936
0.603982
0.605024
0.606063
0.607099
0.608132
0.609161
0.610187
0.61121
0.61223
0.613246
0.614259
0.615269
0.616276
0.61728
0.61828
0.619277
0.620271
0.621262
0.62225
0.623234
0.624215
0.625194
0.626169
0.627141
0.628109
0.629075
0.630038
0.630997
0.631954
0.632907
0.633857
0.634804
0.635748
0.63669
0.637628
0.638563
0.639495
0.640424
0.64135
0.642273
0.643193
0.64411
0.645024
0.645935
0.646843
0.647748
0.64865
0.649549
0.650446
0.651339
0.652229
0.653117
0.654002
0.654883
0.655762
0.656638
0.657511
0.658382
0.659249
0.660114
0.660976
0.661834
0.662691
0.663544
0.664394
0.665242
0.666087
0.666929
0.667768
0.668605
0.669439
0.67027
0.671098
0.671924
0.672747
0.673567
0.674384
0.675199
0.676011
0.67682
0.677627
0.678431
0.679232
0.680031
0.680827
0.68162
0.682411
0.683199
0.683985
0.684768
0.685548
0.686326
0.687101
0.687873
0.688643
0.689411
0.690176
0.690938
0.691698
0.692455
0.693209
0.693962
0.694711
0.695459
0.696203
0.696945
0.697685
0.698422
0.699157
0.699889
0.700619
0.701347
0.702072
0.702794
0.703514
0.704232
0.704947
0.70566
0.706371
0.707079
0.707785
0.708488
0.709189
0.709888
0.710584
0.711278
0.71197
0.712659
0.713346
0.714031
0.714713
0.715394
0.716071
0.716747
0.71742
0.718091
0.71876
0.719427
0.720091
0.720753
0.721413
0.72207
0.722726
0.723379
0.72403
0.724679
0.725325
0.72597
0.726612
0.727252
0.72789
0.728526
0.729159
0.729791
0.73042
0.731047
0.731672
0.732295
0.732916
0.733535
0.734152
0.734766
0.735379
0.735989
0.736598
0.737204
0.737809
0.738411
0.739011
0.739609
0.740205
0.7408
0.741392
0.741982
0.74257
0.743156
0.74374
0.744323
0.744903
0.745481
0.746058
0.746632
0.747204
0.747775
0.748343
0.74891
0.749475
0.750038
0.750598
0.751157
0.751715
0.75227
0.752823
0.753375
0.753924
0.754472
0.755018
0.755562
0.756104
0.756644
0.757183
0.75772
0.758255
0.758788
0.759319
0.759848
0.760376
0.760902
0.761426
0.761948
0.762469
0.762988
0.763505
0.76402
0.764534
0.765045
0.765555
0.766064
0.76657
0.767075
0.767578
0.76808
0.76858
0.769078
0.769574
0.770069
0.770562
0.771053
0.771543
0.772031
0.772517
0.773002
0.773485
0.773967
0.774447
0.774925
0.775401
0.775876
0.77635
0.776821
0.777292
0.77776
0.778227
0.778692
0.779156
0.779619
0.780079
0.780538
0.780996
0.781452
0.781906
0.782359
0.782811
0.783261
0.783709
0.784156
0.784601
0.785045
0.785487
0.785928
0.786367
0.786805
0.787241
0.787676
0.78811
0.788542
0.788972
0.789401
0.789829
0.790255
0.790679
0.791103
0.791524
0.791945
0.792364
0.792781
0.793197
0.793612
0.794025
0.794437
0.794848
0.795257
0.795665
0.796071
0.796476
0.796879
0.797282
0.797683
0.798082
0.79848
0.798877
0.799273
0.799667
0.80006
0.800451
0.800841
0.80123
0.801618
0.802004
0.802389
0.802772
0.803155
0.803536
0.803915
0.804294
0.804671
0.805047
0.805422
0.805795
0.806167
0.806538
0.806908
0.807276
0.807643
0.808009
0.808374
0.808737
0.809099
0.80946
0.80982
0.810178
0.810536
0.810892
0.811247
0.811601
0.811953
0.812304
0.812655
0.813004
0.813351
0.813698
0.814043
0.814388
0.814731
0.815073
0.815414
0.815753
0.816092
0.816429
0.816765
0.817101
0.817435
0.817767
0.818099
0.81843
0.818759
0.819088
0.819415
0.819741
0.820066
0.82039
0.820713
0.821035
0.821356
0.821676
0.821994
0.822312
0.822628
0.822944
0.823258
0.823571
0.823884
0.824195
0.824505
0.824814
0.825122
0.825429
0.825735
0.82604
0.826344
0.826647
0.826949
0.82725
0.82755
0.827848
0.828146
0.828443
0.828739
0.829034
0.829328
0.829621
0.829913
0.830204
0.830494
0.830783
0.831071
0.831358
0.831644
0.831929
0.832213
0.832496
0.832779
0.83306
0.83334
0.83362
0.833898
0.834176
0.834453
0.834729
0.835003
0.835277
0.83555
0.835822
0.836093
0.836364
0.836633
0.836902
0.837169
0.837436
0.837702
0.837966
0.83823
0.838494
0.838756
0.839017
0.839278
0.839537
0.839796
0.840054
0.840311
0.840567
0.840822
0.841077
0.841331
0.841583
0.841835
0.842086
0.842337
0.842586
0.842835
0.843082
0.843329
0.843575
0.843821
0.844065
0.844309
0.844552
0.844794
0.845035
0.845275
0.845515
0.845754
0.845992
0.846229
0.846466
0.846701
0.846936
0.84717
0.847404
0.847636
0.847868
0.848099
0.848329
0.848559
0.848787
0.849015
0.849242
0.849469
0.849695
0.84992
0.850144
0.850367
0.85059
0.850812
0.851033
0.851254
0.851473
0.851692
0.851911
0.852128
0.852345
0.852561
0.852777
0.852991
0.853205
0.853419
0.853631
0.853843
0.854054
0.854265
0.854475
0.854684
0.854892
0.8551
0.855307
0.855513
0.855719
0.855924
0.856128
0.856332
0.856535
0.856737
0.856939
0.85714
0.85734
0.857539
0.857738
0.857937
0.858134
0.858331
0.858528
0.858723
0.858918
0.859113
0.859307
0.8595
0.859692
0.859884
0.860075
0.860266
0.860456
0.860645
0.860834
0.861022
0.861209
0.861396
0.861582
0.861768
0.861953
0.862137
0.862321
0.862504
0.862687
0.862869
0.86305
0.863231
0.863411
0.863591
0.86377
0.863948
0.864126
0.864303
0.86448
0.864656
0.864832
0.865007
0.865181
0.865355
0.865528
0.865701
0.865873
0.866044
0.866215
0.866386
0.866555
0.866725
0.866893
0.867061
0.867229
0.867396
0.867563
0.867729
0.867894
0.868059
0.868223
0.868387
0.86855
0.868713
0.868875
0.869037
0.869198
0.869359
0.869519
0.869678
0.869837
0.869996
0.870154
0.870311
0.870468
0.870625
0.870781
0.870936
0.871091
0.871245
0.871399
0.871553
0.871706
0.871858
0.87201
0.872161
0.872312
0.872463
0.872612
0.872762
0.872911
0.873059
0.873207
0.873355
0.873502
0.873648
0.873794
0.87394
0.874085
0.87423
0.874374
0.874518
0.874661
0.874804
0.874946
0.875088
0.875229
0.87537
0.87551
0.87565
0.87579
0.875929
0.876068
0.876206
0.876344
0.876481
0.876618
0.876754
0.87689
0.877025
0.877161
0.877295
0.877429
0.877563
0.877696
0.877829
0.877962
0.878094
0.878225
0.878357
0.878487
0.878618
0.878747
0.878877
0.879006
0.879135
0.879263
0.879391
0.879518
0.879645
0.879772
0.879898
0.880023
0.880149
0.880274
0.880398
0.880522
0.880646
0.880769
0.880892
0.881015
0.881137
0.881259
0.88138
0.881501
0.881621
0.881742
0.881861
0.881981
0.8821
0.882218
0.882337
0.882454
0.882572
0.882689
0.882806
0.882922
0.883038
0.883153
0.883269
0.883383
0.883498
0.883612
0.883726
0.883839
0.883952
0.884065
0.884177
0.884289
0.8844
0.884512
0.884622
0.884733
0.884843
0.884953
0.885062
0.885171
0.88528
0.885388
0.885496
0.885604
0.885711
0.885818
0.885925
0.886031
0.886137
0.886243
0.886348
0.886453
0.886557
0.886661
0.886765
0.886869
0.886972
0.887075
0.887178
0.88728
0.887382
0.887483
0.887585
0.887686
0.887786
0.887886
0.887986
0.888086
0.888185
0.888284
0.888383
0.888481
0.888579
0.888677
0.888775
0.888872
0.888969
0.889065
0.889161
0.889257
0.889353
0.889448
0.889543
0.889637
0.889732
0.889826
0.88992
0.890013
0.890106
0.890199
0.890292
0.890384
0.890476
0.890567
0.890659
0.89075
0.890841
0.890931
0.891021
0.891111
0.891201
0.89129
0.891379
0.891468
0.891557
0.891645
0.891733
0.89182
0.891908
0.891995
0.892082
0.892168
0.892254
0.89234
0.892426
0.892512
0.892597
0.892682
0.892766
0.892851
0.892935
0.893018
0.893102
0.893185
0.893268
0.893351
0.893433
0.893516
0.893598
0.893679
0.893761
0.893842
0.893923
0.894003
0.894084
0.894164
0.894244
0.894324
0.894403
0.894482
0.894561
0.89464
0.894718
0.894796
0.894874
0.894952
0.895029
0.895106
0.895183
0.89526
0.895336
0.895412
0.895488
0.895564
0.895639
0.895715
0.895789
0.895864
0.895939
0.896013
0.896087
0.896161
0.896234
0.896308
0.896381
0.896454
0.896526
0.896599
0.896671
0.896743
0.896814
0.896886
0.896957
0.897028
0.897099
0.897169
0.89724
0.89731
0.89738
0.89745
0.897519
0.897588
0.897657
0.897726
0.897795
0.897863
0.897931
0.897999
0.898067
0.898134
0.898202
0.898269
0.898336
0.898402
0.898469
0.898535
0.898601
0.898667
0.898732
0.898798
0.898863
0.898928
0.898993
0.899057
0.899122
0.899186
0.89925
0.899314
0.899377
0.899441
0.899504
0.899567
0.89963
0.899692
0.899755
0.899817
0.899879
0.899941
0.900002
0.900064
0.900125
0.900186
0.900247
0.900307
0.900368
0.900428
0.900488
0.900548
0.900608
0.900667
0.900726
0.900785
0.900844
0.900903
0.900962
0.90102
0.901078
0.901136
0.901194
0.901252
0.901309
0.901367
0.901424
0.901481
0.901537
0.901594
0.90165
0.901707
0.901763
0.901818
0.901874
0.90193
0.901985
0.90204
0.902095
0.90215
0.902205
0.902259
0.902313
0.902368
0.902422
0.902475
0.902529
0.902582
0.902636
0.902689
0.902742
0.902795
0.902847
0.9029
0.902952
0.903004
0.903056
0.903108
0.90316
0.903211
0.903262
0.903314
0.903365
0.903415
0.903466
0.903517
0.903567
0.903617
0.903667
0.903717
0.903767
0.903817
0.903866
0.903915
0.903964
0.904013
0.904062
0.904111
0.904159
0.904208
0.904256
0.904304
0.904352
0.9044
0.904447
0.904495
0.904542
0.904589
0.904636
0.904683
0.90473
0.904776
0.904823
0.904869
0.904915
0.904961
0.905007
0.905053
0.905098
0.905144
0.905189
0.905234
0.905279
0.905324
0.905369
0.905414
0.905458
0.905502
0.905546
0.90559
0.905634
0.905678
0.905722
0.905765
0.905809
0.905852
0.905895
0.905938
0.905981
0.906023
0.906066
0.906108
0.906151
0.906193
0.906235
0.906277
0.906319
0.90636
0.906402
0.906443
0.906484
0.906525
0.906566
0.906607
0.906648
0.906689
0.906729
0.906769
0.90681
0.90685
0.90689
0.90693
0.906969
0.907009
0.907048
0.907088
0.907127
0.907166
0.907205
0.907244
0.907283
0.907322
0.90736
0.907398
0.907437
0.907475
0.907513
0.907551
0.907589
0.907626
0.907664
0.907701
0.907739
0.907776
0.907813
0.90785
0.907887
0.907924
0.90796
0.907997
0.908033
0.90807
0.908106
0.908142
0.908178
0.908214
0.90825
0.908285
0.908321
0.908356
0.908392
0.908427
0.908462
0.908497
0.908532
0.908567
0.908601
0.908636
0.90867
0.908705
0.908739
0.908773
0.908807
0.908841
0.908875
0.908909
0.908942
0.908976
0.909009
0.909042
0.909076
0.909109
0.909142
0.909175
0.909207
0.90924
0.909273
0.909305
0.909338
0.90937
0.909402
0.909434
0.909466
0.909498
0.90953
0.909562
0.909593
0.909625
0.909656
0.909687
0.909719
0.90975
0.909781
0.909812
0.909843
0.909873
0.909904
0.909934
0.909965
0.909995
0.910026
0.910056
0.910086
0.910116
0.910146
0.910176
0.910205
0.910235
0.910264
0.910294
0.910323
0.910352
0.910382
0.910411
0.91044
0.910469
0.910497
0.910526
0.910555
0.910583
0.910612
0.91064
0.910669
0.910697
0.910725
0.910753
0.910781
0.910809
0.910836
0.910864
0.910892
0.910919
0.910947
0.910974
0.911001
0.911028
0.911056
0.911083
0.91111
0.911136
0.911163
0.91119
0.911216
0.911243
0.911269
0.911296
0.911322
0.911348
0.911374
0.9114
0.911426
0.911452
0.911478
0.911504
0.911529
0.911555
0.91158
0.911606
0.911631
0.911656
0.911682
0.911707
0.911732
0.911757
0.911782
0.911806
0.911831
0.911856
0.91188
0.911905
0.911929
0.911954
0.911978
0.912002
0.912026
0.91205
0.912074
0.912098
0.912122
0.912146
0.912169
0.912193
0.912217
0.91224
0.912263
0.912287
0.91231
0.912333
0.912356
0.912379
0.912402
0.912425
0.912448
0.912471
0.912493
0.912516
0.912539
0.912561
0.912584
0.912606
0.912628
0.91265
0.912673
0.912695
0.912717
0.912739
0.91276
0.912782
0.912804
0.912826
0.912847
0.912869
0.91289
0.912912
0.912933
0.912954
0.912976
0.912997
0.913018
0.913039
0.91306
0.913081
0.913102
0.913122
0.913143
0.913164
0.913184
0.913205
0.913225
0.913246
0.913266
0.913286
0.913307
0.913327
0.913347
0.913367
0.913387
0.913407
0.913426
0.913446
0.913466
0.913486
0.913505
0.913525
0.913544
0.913564
0.913583
0.913602
0.913622
0.913641
0.91366
0.913679
0.913698
0.913717
0.913736
0.913755
0.913774
0.913792
0.913811
0.91383
0.913848
0.913867
0.913885
0.913904
0.913922
0.91394
0.913958
0.913977
0.913995
0.914013
0.914031
0.914049
0.914067
0.914085
0.914102
0.91412
0.914138
0.914155
0.914173
0.91419
0.914208
0.914225
0.914243
0.91426
0.914277
0.914295
0.914312
0.914329
0.914346
0.914363
0.91438
0.914397
0.914414
0.91443
0.914447
0.914464
0.91448
0.914497
0.914514
0.91453
0.914547
0.914563
0.914579
0.914596
0.914612
0.914628
0.914644
0.91466
0.914676
0.914692
0.914708
0.914724
0.91474
0.914756
0.914772
0.914787
0.914803
0.914819
0.914834
0.91485
0.914865
0.914881
0.914896
0.914911
0.914927
0.914942
0.914957
0.914972
0.914987
0.915002
0.915018
0.915032
0.915047
0.915062
0.915077
0.915092
0.915107
0.915121
0.915136
0.915151
0.915165
0.91518
0.915194
0.915209
0.915223
0.915237
0.915252
0.915266
0.91528
0.915294
0.915309
0.915323
0.915337
0.915351
0.915365
0.915379
0.915393
0.915406
0.91542
0.915434
0.915448
0.915461
0.915475
0.915489
0.915502
0.915516
0.915529
0.915543
0.915556
0.915569
0.915583
0.915596
0.915609
0.915622
0.915636
0.915649
0.915662
0.915675
0.915688
0.915701
0.915714
0.915727
0.915739
0.915752
0.915765
0.915778
0.915791
0.915803
0.915816
0.915828
0.915841
0.915853
0.915866
0.915878
0.915891
0.915903
0.915915
0.915928
0.91594
0.915952
0.915964
0.915976
0.915988
0.916001
0.916013
0.916025
0.916037
0.916048
0.91606
0.916072
0.916084
0.916096
0.916108
0.916119
0.916131
0.916143
0.916154
0.916166
0.916177
0.916189
0.9162
0.916212
0.916223
0.916234
0.916246
0.916257
0.916268
0.916279
0.916291
0.916302
0.916313
0.916324
0.916335
0.916346
0.916357
0.916368
0.916379
0.91639
0.916401
0.916412
0.916422
0.916433
0.916444
0.916455
0.916465
0.916476
0.916487
0.916497
0.916508
0.916518
0.916529
0.916539
0.916549
0.91656
0.91657
0.916581
0.916591
0.916601
0.916611
0.916622
0.916632
0.916642
0.916652
0.916662
0.916672
0.916682
0.916692
0.916702
0.916712
0.916722
0.916732
0.916742
0.916751
0.916761
0.916771
0.916781
0.91679
0.9168
0.91681
0.916819
0.916829
0.916838
0.916848
0.916858
0.916867
0.916876
0.916886
0.916895
0.916905
0.916914
0.916923
0.916932
0.916942
0.916951
0.91696
0.916969
0.916978
0.916988
0.916997
0.917006
0.917015
0.917024
0.917033
0.917042
0.917051
0.917059
0.917068
0.917077
0.917086
0.917095
0.917104
0.917112
0.917121
0.91713
0.917138
0.917147
0.917156
0.917164
0.917173
0.917181
0.91719
0.917198
0.917207
0.917215
0.917224
0.917232
0.91724
0.917249
0.917257
0.917265
0.917273
0.917282
0.91729
0.917298
0.917306
0.917314
0.917323
0.917331
0.917339
0.917347
0.917355
0.917363
0.917371
0.917379
0.917387
0.917394
0.917402
0.91741
0.917418
0.917426
0.917434
0.917441
0.917449
0.917457
0.917465
0.917472
0.91748
0.917487
0.917495
0.917503
0.91751
0.917518
0.917525
0.917533
0.91754
0.917548
0.917555
0.917562
0.91757
0.917577
0.917585
0.917592
0.917599
0.917606
0.917614
0.917621
0.917628
0.917635
0.917642
0.91765
0.917657
0.917664
0.917671
0.917678
0.917685
0.917692
0.917699
0.917706
0.917713
0.91772
0.917727
0.917734
0.917741
0.917747
0.917754
0.917761
0.917768
0.917775
0.917781
0.917788
0.917795
0.917802
0.917808
0.917815
0.917822
0.917828
0.917835
0.917841
0.917848
0.917854
0.917861
0.917867
0.917874
0.91788
0.917887
0.917893
0.9179
0.917906
0.917912
0.917919
0.917925
0.917931
0.917938
0.917944
0.91795
0.917956
0.917963
0.917969
0.917975
0.917981
0.917987
0.917993
0.918
0.918006
0.918012
0.918018
0.918024
0.91803
0.918036
0.918042
0.918048
0.918054
0.91806
0.918066
0.918072
0.918077
0.918083
0.918089
0.918095
0.918101
0.918107
0.918112
0.918118
0.918124
0.91813
0.918135
0.918141
0.918147
0.918152
0.918158
0.918164
0.918169
0.918175
0.91818
0.918186
0.918191
0.918197
0.918202
0.918208
0.918213
0.918219
0.918224
0.91823
0.918235
0.918241
0.918246
0.918251
0.918257
0.918262
0.918267
0.918273
0.918278
0.918283
0.918289
0.918294
0.918299
0.918304
0.918309
0.918315
0.91832
0.918325
0.91833
0.918335
0.91834
0.918345
0.91835
0.918356
0.918361
0.918366
0.918371
0.918376
0.918381
0.918386
0.918391
0.918395
0.9184
0.918405
0.91841
0.918415
0.91842
0.918425
0.91843
0.918435
0.918439
0.918444
0.918449
0.918454
0.918458
0.918463
0.918468
0.918473
0.918477
0.918482
0.918487
0.918491
0.918496
0.918501
0.918505
0.91851
0.918515
0.918519
0.918524
0.918528
0.918533
0.918537
0.918542
0.918546
0.918551
0.918555
0.91856
0.918564
0.918569
0.918573
0.918577
0.918582
0.918586
0.918591
0.918595
0.918599
0.918604
0.918608
0.918612
0.918617
0.918621
0.918625
0.918629
0.918634
0.918638
0.918642
0.918646
0.918651
0.918655
0.918659
0.918663
0.918667
0.918671
0.918675
0.91868
0.918684
0.918688
0.918692
0.918696
0.9187
0.918704
0.918708
0.918712
0.918716
0.91872
0.918724
0.918728
0.918732
0.918736
0.91874
0.918744
0.918748
0.918752
0.918756
0.918759
0.918763
0.918767
0.918771
0.918775
0.918779
0.918782
0.918786
0.91879
0.918794
0.918798
0.918801
0.918805
0.918809
0.918813
0.918816
0.91882
0.918824
0.918827
0.918831
0.918835
0.918838
0.918842
0.918846
0.918849
0.918853
0.918856
0.91886
0.918864
0.918867
0.918871
0.918874
0.918878
0.918881
0.918885
0.918888
0.918892
0.918895
0.918899
0.918902
0.918906
0.918909
0.918913
0.918916
0.918919
0.918923
0.918926
0.91893
0.918933
0.918936
0.91894
0.918943
0.918946
0.91895
0.918953
0.918956
0.91896
0.918963
0.918966
0.91897
0.918973
0.918976
0.918979
0.918983
0.918986
0.918989
0.918992
0.918995
0.918999
0.919002
0.919005
0.919008
0.919011
0.919014
0.919017
0.919021
0.919024
0.919027
0.91903
0.919033
0.919036
0.919039
0.919042
0.919045
0.919048
0.919051
0.919054
0.919057
0.91906
0.919063
0.919066
0.919069
0.919072
0.919075
0.919078
0.919081
0.919084
0.919087
0.91909
0.919093
0.919096
0.919099
0.919102
0.919104
0.919107
0.91911
0.919113
0.919116
0.919119
0.919122
0.919124
0.919127
0.91913
0.919133
0.919136
0.919138
0.919141
0.919144
0.919147
0.919149
0.919152
0.919155
0.919158
0.91916
0.919163
0.919166
0.919168
0.919171
0.919174
0.919177
0.919179
0.919182
0.919184
0.919187
0.91919
0.919192
0.919195
0.919198
0.9192
0.919203
0.919205
0.919208
0.919211
0.919213
0.919216
0.919218
0.919221
0.919223
0.919226
0.919228
0.919231
0.919233
0.919236
0.919238
0.919241
0.919243
0.919246
0.919248
0.919251
0.919253
0.919256
0.919258
0.91926
0.919263
0.919265
0.919268
0.91927
0.919273
0.919275
0.919277
0.91928
0.919282
0.919284
0.919287
0.919289
0.919291
0.919294
0.919296
0.919298
0.919301
0.919303
0.919305
0.919308
0.91931
0.919312
0.919315
0.919317
0.919319
0.919321
0.919324
0.919326
0.919328
0.91933
0.919332
0.919335
0.919337
0.919339
0.919341
0.919343
0.919346
0.919348
0.91935
0.919352
0.919354
0.919357
0.919359
0.919361
0.919363
0.919365
0.919367
0.919369
0.919371
0.919374
0.919376
0.919378
0.91938
0.919382
0.919384
0.919386
0.919388
0.91939
0.919392
0.919394
0.919396
0.919398
0.9194
0.919402
0.919404
0.919406
0.919408
0.91941
0.919412
0.919414
0.919416
0.919418
0.91942
0.919422
0.919424
0.919426
0.919428
0.91943
0.919432
0.919434
0.919436
0.919438
0.91944
0.919442
0.919444
0.919445
0.919447
0.919449
0.919451
0.919453
0.919455
0.919457
0.919459
0.91946
0.919462
0.919464
0.919466
0.919468
0.91947
0.919471
0.919473
0.919475
0.919477
0.919479
0.919481
0.919482
0.919484
0.919486
0.919488
0.919489
0.919491
0.919493
0.919495
0.919496
0.919498
0.9195
0.919502
0.919503
0.919505
0.919507
0.919509
0.91951
0.919512
0.919514
0.919515
0.919517
0.919519
0.919521
0.919522
0.919524
0.919526
0.919527
0.919529
0.919531
0.919532
0.919534
0.919535
0.919537
0.919539
0.91954
0.919542
0.919544
0.919545
0.919547
0.919548
0.91955
0.919552
0.919553
0.919555
0.919556
0.919558
0.91956
0.919561
0.919563
0.919564
0.919566
0.919567
0.919569
0.91957
0.919572
0.919574
0.919575
0.919577
0.919578
0.91958
0.919581
0.919583
0.919584
0.919586
0.919587
0.919589
0.91959
0.919592
0.919593
0.919595
0.919596
0.919598
0.919599
0.9196
0.919602
0.919603
0.919605
0.919606
0.919608
0.919609
0.919611
0.919612
0.919613
0.919615
0.919616
0.919618
0.919619
0.91962
0.919622
0.919623
0.919625
0.919626
0.919627
0.919629
0.91963
0.919632
0.919633
0.919634
0.919636
0.919637
0.919638
0.91964
0.919641
0.919642
0.919644
0.919645
0.919646
0.919648
0.919649
0.91965
0.919652
0.919653
0.919654
0.919656
0.919657
0.919658
0.919659
0.919661
0.919662
0.919663
0.919665
0.919666
0.919667
0.919668
0.91967
0.919671
0.919672
0.919673
0.919675
0.919676
0.919677
0.919678
0.91968
0.919681
0.919682
0.919683
0.919685
0.919686
0.919687
0.919688
0.919689
0.919691
0.919692
0.919693
0.919694
0.919695
0.919697
0.919698
0.919699
0.9197
0.919701
0.919702
0.919704
0.919705
0.919706
0.919707
0.919708
0.919709
0.919711
0.919712
0.919713
0.919714
0.919715
0.919716
0.919717
0.919718
0.91972
0.919721
0.919722
0.919723
0.919724
0.919725
0.919726
0.919727
0.919728
0.91973
0.919731
0.919732
0.919733
0.919734
0.919735
0.919736
0.919737
0.919738
0.919739
0.91974
0.919741
0.919742
0.919744
0.919745
0.919746
0.919747
0.919748
0.919749
0.91975
0.919751
0.919752
0.919753
0.919754
0.919755
0.919756
0.919757
0.919758
0.919759
0.91976
0.919761
0.919762
0.919763
0.919764
0.919765
0.919766
0.919767
0.919768
0.919769
0.91977
0.919771
0.919772
0.919773
0.919774
0.919775
0.919776
0.919777
0.919778
0.919779
0.91978
0.919781
0.919782
0.919782
0.919783
0.919784
0.919785
0.919786
0.919787
0.919788
0.919789
0.91979
0.919791
0.919792
0.919793
0.919794
0.919795
0.919795
0.919796
0.919797
0.919798
0.919799
0.9198
0.919801
0.919802
0.919803
0.919804
0.919804
0.919805
0.919806
0.919807
0.919808
0.919809
0.91981
0.919811
0.919811
0.919812
0.919813
0.919814
0.919815
0.919816
0.919817
0.919817
0.919818
0.919819
0.91982
0.919821
0.919822
0.919822
0.919823
0.919824
0.919825
0.919826
0.919827
0.919827
0.919828
0.919829
0.91983
0.919831
0.919832
0.919832
0.919833
0.919834
0.919835
0.919836
0.919836
0.919837
0.919838
0.919839
0.91984
0.91984
0.919841
0.919842
0.919843
0.919843
0.919844
0.919845
0.919846
0.919847
0.919847
0.919848
0.919849
0.91985
0.91985
0.919851
0.919852
0.919853
0.919853
0.919854
0.919855
0.919856
0.919856
0.919857
0.919858
0.919859
0.919859
0.91986
0.919861
0.919861
0.919862
0.919863
0.919864
0.919864
0.919865
0.919866
0.919866
0.919867
0.919868
0.919869
0.919869
0.91987
0.919871
0.919871
0.919872
0.919873
0.919874
0.919874
0.919875
0.919876
0.919876
0.919877
0.919878
0.919878
0.919879
0.91988
0.91988
0.919881
0.919882
0.919882
0.919883
0.919884
0.919884
0.919885
0.919886
0.919886
0.919887
0.919888
0.919888
0.919889
0.91989
0.91989
0.919891
0.919892
0.919892
0.919893
0.919893
0.919894
0.919895
0.919895
0.919896
0.919897
0.919897
0.919898
0.919899
0.919899
0.9199
0.9199
0.919901
0.919902
0.919902
0.919903
0.919903
0.919904
0.919905
0.919905
0.919906
0.919907
0.919907
0.919908
0.919908
0.919909
0.91991
0.91991
0.919911
0.919911
0.919912
0.919912
0.919913
0.919914
0.919914
0.919915
0.919915
0.919916
0.919917
0.919917
0.919918
0.919918
0.919919
0.919919
0.91992
0.919921
0.919921
0.919922
0.919922
0.919923
0.919923
0.919924
0.919924
0.919925
0.919926
0.919926
0.919927
0.919927
0.919928
0.919928
0.919929
0.919929
0.91993
0.91993
0.919931
0.919932
0.919932
0.919933
0.919933
0.919934
0.919934
0.919935
0.919935
0.919936
0.919936
0.919937
0.919937
0.919938
0.919938
0.919939
0.919939
0.91994
0.91994
0.919941
0.919941
0.919942
0.919942
0.919943
0.919943
0.919944
0.919944
0.919945
0.919945
0.919946
0.919946
0.919947
0.919947
0.919948
0.919948
0.919949
0.919949
0.91995
0.91995
0.919951
0.919951
0.919952
0.919952
0.919953
0.919953
0.919954
0.919954
0.919955
0.919955
0.919956
0.919956
0.919957
0.919957
0.919957
0.919958
0.919958
0.919959
0.919959
0.91996
0.91996
0.919961
0.919961
0.919962
0.919962
0.919963
0.919963
0.919963
0.919964
0.919964
0.919965
0.919965
0.919966
0.919966
0.919967
0.919967
0.919967
0.919968
0.919968
0.919969
0.919969
0.91997
0.91997
0.91997
0.919971
0.919971
0.919972
0.919972
0.919973
0.919973
0.919973
0.919974
0.919974
0.919975
0.919975
0.919976
0.919976
0.919976
0.919977
0.919977
0.919978
0.919978
0.919978
0.919979
0.919979
0.91998
0.91998
0.91998
0.919981
0.919981
0.919982
0.919982
0.919982
0.919983
0.919983
0.919984
0.919984
0.919984
0.919985
0.919985
0.919986
0.919986
0.919986
0.919987
0.919987
0.919988
0.919988
0.919988
0.919989
0.919989
0.919989
0.91999
0.91999
0.919991
0.919991
0.919991
0.919992
0.919992
0.919992
0.919993
0.919993
0.919994
0.919994
0.919994
0.919995
0.919995
0.919995
0.919996
0.919996
0.919996
0.919997
0.919997
0.919998
0.919998
0.919998
0.919999
0.919999
0.919999
0.92
0.92
0.92
0.920001
0.920001
0.920001
0.920002
0.920002
0.920002
0.920003
0.920003
0.920003
0.920004
0.920004
0.920004
0.920005
0.920005
0.920006
0.920006
0.920006
0.920007
0.920007
0.920007
0.920008
0.920008
0.920008
0.920008
0.920009
0.920009
0.920009
0.92001
0.92001
0.92001
0.920011
0.920011
0.920011
0.920012
0.920012
0.920012
0.920013
0.920013
0.920013
0.920014
0.920014
0.920014
0.920015
0.920015
0.920015
0.920016
0.920016
0.920016
0.920016
0.920017
0.920017
0.920017
0.920018
0.920018
0.920018
0.920019
0.920019
0.920019
0.920019
0.92002
0.92002
0.92002
0.920021
0.920021
0.920021
0.920022
0.920022
0.920022
0.920022
0.920023
0.920023
0.920023
0.920024
0.920024
0.920024
0.920024
0.920025
0.920025
0.920025
0.920026
0.920026
0.920026
0.920026
0.920027
0.920027
0.920027
0.920028
0.920028
0.920028
0.920028
0.920029
0.920029
0.920029
0.920029
0.92003
0.92003
0.92003
0.920031
0.920031
0.920031
0.920031
0.920032
0.920032
0.920032
0.920032
0.920033
0.920033
0.920033
0.920034
0.920034
0.920034
0.920034
0.920035
0.920035
0.920035
0.920035
0.920036
0.920036
0.920036
0.920036
0.920037
0.920037
0.920037
0.920037
0.920038
0.920038
0.920038
0.920038
0.920039
0.920039
0.920039
0.920039
0.92004
0.92004
0.92004
0.92004
0.920041
0.920041
0.920041
0.920041
0.920042
0.920042
0.920042
0.920042
0.920043
0.920043
0.920043
0.920043
0.920043
0.920044
0.920044
0.920044
0.920044
0.920045
0.920045
0.920045
0.920045
0.920046
0.920046
0.920046
0.920046
0.920047
0.920047
0.920047
0.920047
0.920047
0.920048
0.920048
0.920048
0.920048
0.920049
0.920049
0.920049
0.920049
0.920049
0.92005
0.92005
0.92005
0.92005
0.920051
0.920051
0.920051
0.920051
0.920051
0.920052
0.920052
0.920052
0.920052
0.920052
0.920053
0.920053
0.920053
0.920053
0.920054
0.920054
0.920054
0.920054
0.920054
0.920055
0.920055
0.920055
0.920055
0.920055
0.920056
0.920056
0.920056
0.920056
0.920056
0.920057
0.920057
0.920057
0.920057
0.920057
0.920058
0.920058
0.920058
0.920058
0.920058
0.920059
0.920059
0.920059
0.920059
0.920059
0.92006
0.92006
0.92006
0.92006
0.92006
0.920061
0.920061
0.920061
0.920061
0.920061
0.920062
0.920062
0.920062
0.920062
0.920062
0.920063
0.920063
0.920063
0.920063
0.920063
0.920063
0.920064
0.920064
0.920064
0.920064
0.920064
0.920065
0.920065
0.920065
0.920065
0.920065
0.920065
0.920066
0.920066
0.920066
0.920066
0.920066
0.920067
0.920067
0.920067
0.920067
0.920067
0.920067
0.920068
0.920068
0.920068
0.920068
0.920068
0.920068
0.920069
0.920069
0.920069
0.920069
0.920069
0.92007
0.92007
0.92007
0.92007
0.92007
0.92007
0.920071
0.920071
0.920071
0.920071
0.920071
0.920071
0.920072
0.920072
0.920072
0.920072
0.920072
0.920072
0.920073
0.920073
0.920073
0.920073
0.920073
0.920073
0.920073
0.920074
0.920074
0.920074
0.920074
0.920074
0.920074
0.920075
0.920075
0.920075
0.920075
0.920075
0.920075
0.920076
0.920076
0.920076
0.920076
0.920076
0.920076
0.920076
0.920077
0.920077
0.920077
0.920077
0.920077
0.920077
0.920078
0.920078
0.920078
0.920078
0.920078
0.920078
0.920078
0.920079
0.920079
0.920079
0.920079
0.920079
0.920079
0.920079
0.92008
0.92008
0.92008
0.92008
0.92008
0.92008
0.92008
0.920081
0.920081
0.920081
0.920081
0.920081
0.920081
0.920081
0.920082
0.920082
0.920082
0.920082
0.920082
0.920082
0.920082
0.920083
0.920083
0.920083
0.920083
0.920083
0.920083
0.920083
0.920084
0.920084
0.920084
0.920084
0.920084
0.920084
0.920084
0.920084
0.920085
0.920085
0.920085
0.920085
0.920085
0.920085
0.920085
0.920086
0.920086
0.920086
0.920086
0.920086
0.920086
0.920086
0.920086
0.920087
0.920087
0.920087
0.920087
0.920087
0.920087
0.920087
0.920087
0.920088
0.920088
0.920088
0.920088
0.920088
0.920088
0.920088
0.920088
0.920089
0.920089
0.920089
0.920089
0.920089
0.920089
0.920089
0.920089
0.92009
0.92009
0.92009
0.92009
0.92009
0.92009
0.92009
0.92009
0.92009
0.920091
0.920091
0.920091
0.920091
0.920091
0.920091
0.920091
0.920091
0.920092
0.920092
0.920092
0.920092
0.920092
0.920092
0.920092
0.920092
0.920092
0.920093
0.920093
0.920093
0.920093
0.920093
0.920093
0.920093
0.920093
0.920093
0.920094
0.920094
0.920094
0.920094
0.920094
0.920094
0.920094
0.920094
0.920094
0.920095
0.920095
0.920095
0.920095
0.920095
0.920095
0.920095
0.920095
0.920095
0.920096
0.920096
0.920096
0.920096
0.920096
0.920096
0.920096
0.920096
0.920096
0.920096
0.920097
0.920097
0.920097
0.920097
0.920097
0.920097
0.920097
0.920097
0.920097
0.920098
0.920098
0.920098
0.920098
0.920098
0.920098
0.920098
0.920098
0.920098
0.920098
0.920099
0.920099
0.920099
0.920099
0.920099
0.920099
0.920099
0.920099
0.920099
0.920099
0.920099
0.9201
0.9201
0.9201
0.9201
0.9201
0.9201
0.9201
0.9201
0.9201
0.9201
0.920101
0.920101
0.920101
0.920101
0.920101
0.920101
0.920101
0.920101
0.920101
0.920101
0.920101
0.920102
0.920102
0.920102
0.920102
0.920102
0.920102
0.920102
0.920102
0.920102
0.920102
0.920102
0.920103
0.920103
0.920103
0.920103
0.920103
0.920103
0.920103
0.920103
0.920103
0.920103
0.920103
0.920104
0.920104
0.920104
0.920104
0.920104
0.920104
0.920104
0.920104
0.920104
0.920104
0.920104
0.920104
0.920105
0.920105
0.920105
0.920105
0.920105
0.920105
0.920105
0.920105
0.920105
0.920105
0.920105
0.920105
0.920106
0.920106
0.920106
0.920106
0.920106
0.920106
0.920106
0.920106
0.920106
0.920106
0.920106
0.920106
0.920107
0.920107
0.920107
0.920107
0.920107
0.920107
0.920107
0.920107
0.920107
0.920107
0.920107
0.920107
0.920107
0.920108
0.920108
0.920108
0.920108
0.920108
0.920108
0.920108
0.920108
0.920108
0.920108
0.920108
0.920108
0.920108
0.920109
0.920109
0.920109
0.920109
0.920109
0.920109
0.920109
0.920109
0.920109
0.920109
0.920109
0.920109
0.920109
0.92011
0.92011
0.92011
0.92011
0.92011
0.92011
0.92011
0.92011
0.92011
0.92011
0.92011
0.92011
0.92011
0.92011
0.920111
0.920111
0.920111
0.920111
0.920111
0.920111
0.920111
0.920111
0.920111
0.920111
0.920111
0.920111
0.920111
0.920111
0.920112
0.920112
0.920112
0.920112
0.920112
0.920112
0.920112
0.920112
0.920112
0.920112
0.920112
0.920112
0.920112
0.920112
0.920112
0.920113
0.920113
0.920113
0.920113
0.920113
0.920113
0.920113
0.920113
0.920113
0.920113
0.920113
0.920113
0.920113
0.920113
0.920113
0.920114
0.920114
0.920114
0.920114
0.920114
0.920114
0.920114
0.920114
0.920114
0.920114
0.920114
0.920114
0.920114
0.920114
0.920114
0.920114
0.920115
0.920115
0.920115
0.920115
0.920115
0.920115
0.920115
0.920115
0.920115
0.920115
0.920115
0.920115
0.920115
0.920115
0.920115
0.920115
0.920115
0.920116
0.920116
0.920116
0.920116
0.920116
0.920116
0.920116
0.920116
0.920116
0.920116
0.920116
0.920116
0.920116
0.920116
0.920116
0.920116
0.920116
0.920117
0.920117
0.920117
0.920117
0.920117
0.920117
0.920117
0.920117
0.920117
0.920117
0.920117
0.920117
0.920117
0.920117
0.920117
0.920117
0.920117
0.920117
0.920118
0.920118
0.920118
0.920118
0.920118
0.920118
0.920118
0.920118
0.920118
0.920118
0.920118
0.920118
0.920118
0.920118
0.920118
0.920118
0.920118
0.920118
0.920119
0.920119
0.920119
0.920119
0.920119
0.920119
0.920119
0.920119
0.920119
0.920119
0.920119
0.920119
0.920119
0.920119
0.920119
0.920119
0.920119
0.920119
0.920119
0.92012
0.92012
0.92012
0.92012
0.92012
0.92012
0.92012
0.92012
0.92012
0.92012
0.92012
0.92012
0.92012
0.92012
0.92012
0.92012
0.92012
0.92012
0.92012
0.92012
0.92012
0.920121
0.920121
0.920121
0.920121
0.920121
0.920121
0.920121
0.920121
0.920121
0.920121
0.920121
0.920121
0.920121
0.920121
0.920121
0.920121
0.920121
0.920121
0.920121
0.920121
0.920121
0.920122
0.920122
0.920122
0.920122
0.920122
0.920122
0.920122
0.920122
0.920122
0.920122
0.920122
0.920122
0.920122
0.920122
0.920122
0.920122
0.920122
0.920122
0.920122
0.920122
0.920122
0.920122
0.920123
0.920123
0.920123
0.920123
0.920123
0.920123
0.920123
0.920123
0.920123
0.920123
0.920123
0.920123
0.920123
0.920123
0.920123
0.920123
0.920123
0.920123
0.920123
0.920123
0.920123
0.920123
0.920123
0.920124
0.920124
0.920124
0.920124
0.920124
0.920124
0.920124
0.920124
0.920124
0.920124
0.920124
0.920124
0.920124
0.920124
0.920124
0.920124
0.920124
0.920124
0.920124
0.920124
0.920124
0.920124
0.920124
0.920124
0.920125
0.920125
0.920125
0.920125
0.920125
0.920125
0.920125
0.920125
0.920125
0.920125
0.920125
0.920125
0.920125
0.920125
0.920125
0.920125
0.920125
0.920125
0.920125
0.920125
0.920125
0.920125
0.920125
0.920125
0.920125
0.920125
0.920126
0.920126
0.920126
0.920126
0.920126
0.920126
0.920126
0.920126
0.920126
0.920126
0.920126
0.920126
0.920126
0.920126
0.920126
0.920126
0.920126
0.920126
0.920126
0.920126
0.920126
0.920126
0.920126
0.920126
0.920126
0.920126
0.920126
0.920127
0.920127
0.920127
0.920127
0.920127
0.920127
0.920127
0.920127
0.920127
0.920127
0.920127
0.920127
0.920127
0.920127
0.920127
0.920127
0.920127
0.920127
0.920127
0.920127
0.920127
0.920127
0.920127
0.920127
0.920127
0.920127
0.920127
0.920127
0.920128
0.920128
0.920128
0.920128
0.920128
0.920128
0.920128
0.920128
0.920128
0.920128
0.920128
0.920128
0.920128
0.920128
0.920128
0.920128
0.920128
0.920128
0.920128
0.920128
0.920128
0.920128
0.920128
0.920128
0.920128
0.920128
0.920128
0.920128
0.920128
0.920128
0.920128
0.920129
0.920129
0.920129
0.920129
0.920129
0.920129
0.920129
0.920129
0.920129
0.920129
0.920129
0.920129
0.920129
0.920129
0.920129
0.920129
0.920129
0.920129
0.920129
0.920129
0.920129
0.920129
0.920129
0.920129
0.920129
0.920129
0.920129
0.920129
0.920129
0.920129
0.920129
0.920129
0.92013
0.92013
0.92013
0.92013
0.92013
0.92013
0.92013
0.92013
0.92013
0.92013
0.92013
0.92013
0.92013
0.92013
0.92013
0.92013
0.92013
0.92013
0.92013
0.92013
0.92013
0.92013
0.92013
0.92013
0.92013
0.92013
0.92013
0.92013
0.92013
0.92013
0.92013
0.92013
0.92013
0.92013
0.92013
0.920131
0.920131
0.920131
0.920131
0.920131
0.920131
0.920131
0.920131
0.920131
0.920131
0.920131
0.920131
0.920131
0.920131
0.920131
0.920131
0.920131
0.920131
0.920131
0.920131
0.920131
0.920131
0.920131
0.920131
0.920131
0.920131
0.920131
0.920131
0.920131
0.920131
0.920131
0.920131
0.920131
0.920131
0.920131
0.920131
0.920131
0.920132
0.920132
0.920132
0.920132
0.920132
0.920132
0.920132
0.920132
0.920132
0.920132
0.920132
0.920132
0.920132
0.920132
0.920132
0.920132
0.920132
0.920132
0.920132
0.920132
0.920132
0.920132
0.920132
0.920132
0.920132
0.920132
0.920132
0.920132
0.920132
0.920132
0.920132
0.920132
0.920132
0.920132
0.920132
0.920132
0.920132
0.920132
0.920132
0.920132
0.920132
0.920133
0.920133
0.920133
0.920133
0.920133
0.920133
0.920133
0.920133
0.920133
0.920133
0.920133
0.920133
0.920133
0.920133
0.920133
0.920133
0.920133
0.920133
0.920133
0.920133
0.920133
0.920133
0.920133
0.920133
0.920133
0.920133
0.920133
0.920133
0.920133
0.920133
0.920133
0.920133
0.920133
0.920133
0.920133
0.920133
0.920133
0.920133
0.920133
0.920133
0.920133
0.920133
0.920133
0.920134
0.920134
0.920134
0.920134
0.920134
0.920134
0.920134
0.920134
0.920134
0.920134
0.920134
0.920134
0.920134
0.920134
0.920134
0.920134
0.920134
0.920134
0.920134
0.920134
0.920134
0.920134
0.920134
0.920134
0.920134
0.920134
0.920134
0.920134
0.920134
0.920134
0.920134
0.920134
0.920134
0.920134
0.920134
0.920134
0.920134
0.920134
0.920134
0.920134
0.920134
0.920134
0.920134
0.920134
0.920134
0.920134
0.920134
0.920134
0.920135
0.920135
0.920135
0.920135
0.920135
0.920135
0.920135
0.920135
0.920135
0.920135
0.920135
0.920135
0.920135
0.920135
0.920135
0.920135
0.920135
0.920135
0.920135
0.920135
0.920135
0.920135
0.920135
0.920135
0.920135
0.920135
0.920135
0.920135
0.920135
0.920135
0.920135
0.920135
0.920135
0.920135
0.920135
0.920135
0.920135
0.920135
0.920135
0.920135
0.920135
0.920135
0.920135
0.920135
0.920135
0.920135
0.920135
0.920135
0.920135
0.920135
0.920135
0.920135
0.920136
0.920136
0.920136
0.920136
0.920136
0.920136
0.920136
0.920136
0.920136
0.920136
0.920136
0.920136
0.920136
0.920136
0.920136
0.920136
0.920136
0.920136
0.920136
0.920136
0.920136
0.920136
0.920136
0.920136
0.920136
0.920136
0.920136
0.920136
0.920136
0.920136
0.920136
0.920136
0.920136
0.920136
0.920136
0.920136
0.920136
0.920136
0.920136
0.920136
0.920136
0.920136
0.920136
0.920136
0.920136
0.920136
0.920136
0.920136
0.920136
0.920136
0.920136
0.920136
0.920136
0.920136
0.920136
0.920136
0.920136
0.920137
0.920137
0.920137
0.920137
0.920137
0.920137
0.920137
0.920137
0.920137
0.920137
0.920137
0.920137
0.920137
0.920137
0.920137
0.920137
0.920137
0.920137
0.920137
0.920137
0.920137
0.920137
0.920137
0.920137
0.920137
0.920137
0.920137
0.920137
0.920137
0.920137
0.920137
0.920137
0.920137
0.920137
0.920137
0.920137
0.920137
0.920137
0.920137
0.920137
0.920137
0.920137
0.920137
0.920137
0.920137
0.920137
0.920137
0.920137
0.920137
0.920137
0.920137
0.920137
0.920137
0.920137
0.920137
0.920137
0.920137
0.920137
0.920137
0.920137
0.920137
0.920137
0.920137
0.920137
0.920138
0.920138
0.920138
0.920138
0.920138
0.920138
0.920138
0.920138
0.920138
0.920138
0.920138
0.920138
0.920138
0.920138
0.920138
0.920138
0.920138
0.920138
0.920138
0.920138
0.920138
0.920138
0.920138
0.920138
0.920138
0.920138
0.920138
0.920138
0.920138
0.920138
0.920138
0.920138
0.920138
0.920138
0.920138
0.920138
0.920138
0.920138
0.920138
0.920138
0.920138
0.920138
0.920138
0.920138
0.920138
0.920138
0.920138
0.920138
0.920138
0.920138
0.920138
0.920138
0.920138
0.920138
0.920138
0.920138
0.920138
0.920138
0.920138
0.920138
0.920138
0.920138
0.920138
0.920138
0.920138
0.920138
0.920138
0.920138
0.920138
0.920138
0.920138
0.920138
0.920139
0.920139
0.920139
0.920139
0.920139
0.920139
0.920139
0.920139
0.920139
0.920139
0.920139
0.920139
0.920139
0.920139
0.920139
0.920139
0.920139
0.920139
0.920139
0.920139
0.920139
0.920139
0.920139
0.920139
0.920139
0.920139
0.920139
0.920139
0.920139
0.920139
0.920139
0.920139
0.920139
0.920139
0.920139
0.920139
0.920139
0.920139
0.920139
0.920139
0.920139
0.920139
0.920139
0.920139
0.920139
0.920139
0.920139
0.920139
0.920139
0.920139
0.920139
0.920139
0.920139
0.920139
0.920139
0.920139
0.920139
0.920139
0.920139
0.920139
0.920139
0.920139
0.920139
0.920139
0.920139
0.920139
0.920139
0.920139
0.920139
0.920139
0.920139
0.920139
0.920139
0.920139
0.920139
0.920139
0.920139
0.920139
0.920139
0.920139
0.920139
0.920139
0.92014
0.92014
0.92014
0.92014
0.92014
0.92014
0.92014
0.92014
0.92014
0.92014
0.92014
0.92014
0.92014
0.92014
0.92014
0.92014
0.92014
0.92014
0.92014
0.92014
0.92014
0.92014
0.92014
0.92014
0.92014
0.92014
0.92014
0.92014
0.92014
0.92014
0.92014
0.92014
0.92014
0.92014
0.92014
0.92014
0.92014
0.92014
0.92014
0.92014
0.92014
0.92014
0.92014
0.92014
0.92014
0.92014
0.92014
0.92014
0.92014
0.92014
0.92014
0.92014
0.92014
0.92014
0.92014
0.92014
0.92014
0.92014
0.92014
0.92014
0.92014
0.92014
0.92014
0.92014
0.92014
0.92014
0.92014
0.92014
0.92014
0.92014
0.92014
0.92014
0.92014
0.92014
0.92014
0.92014
0.92014
0.92014
0.92014
0.92014
0.92014
0.92014
0.92014
0.92014
0.92014
0.92014
0.92014
0.92014
0.92014
0.92014
0.92014
0.92014
0.92014
0.92014
0.920141
0.920141
0.920141
0.920141
0.920141
0.920141
0.920141
0.920141
0.920141
0.920141
0.920141
0.920141
0.920141
0.920141
0.920141
0.920141
0.920141
0.920141
0.920141
0.920141
0.920141
0.920141
0.920141
0.920141
0.920141
0.920141
0.920141
0.920141
0.920141
0.920141
0.920141
0.920141
0.920141
0.920141
0.920141
0.920141
0.920141
0.920141
0.920141
0.920141
0.920141
0.920141
0.920141
0.920141
0.920141
0.920141
0.920141
0.920141
0.920141
0.920141
0.920141
0.920141
0.920141
0.920141
0.920141
0.920141
0.920141
0.920141
0.920141
0.920141
0.920141
0.920141
0.920141
0.920141
0.920141
0.920141
0.920141
0.920141
0.920141
0.920141
0.920141
0.920141
0.920141
0.920141
0.920141
0.920141
0.920141
0.920141
0.920141
0.920141
0.920141
0.920141
0.920141
0.920141
0.920141
0.920141
0.920141
0.920141
0.920141
0.920141
0.920141
0.920141
0.920141
0.920141
0.920141
0.920141
0.920141
0.920141
0.920141
0.920141
0.920141
0.920141
0.920141
0.920141
0.920141
0.920141
0.920141
0.920141
0.920141
0.920141
0.920141
0.920142
0.920142
0.920142
0.920142
0.920142
0.920142
0.920142
0.920142
0.920142
0.920142
0.920142
0.920142
0.920142
0.920142
0.920142
0.920142
0.920142
0.920142
0.920142
0.920142
0.920142
0.920142
0.920142
0.920142
0.920142
0.920142
0.920142
0.920142
0.920142
0.920142
0.920142
0.920142
0.920142
0.920142
0.920142
0.920142
0.920142
0.920142
0.920142
0.920142
0.920142
0.920142
0.920142
0.920142
0.920142
0.920142
0.920142
0.920142
0.920142
0.920142
0.920142
0.920142
0.920142
0.920142
0.920142
0.920142
0.920142
0.920142
0.920142
0.920142
0.920142
0.920142
0.920142
0.920142
0.920142
0.920142
0.920142
0.920142
0.920142
0.920142
0.920142
0.920142
0.920142
0.920142
0.920142
0.920142
0.920142
0.920142
0.920142
0.920142
0.920142
0.920142
0.920142
0.920142
0.920142
0.920142
0.920142
0.920142
0.920142
0.920142
0.920142
0.920142
0.920142
0.920142
0.920142
0.920142
0.920142
0.920142
0.920142
0.920142
0.920142
0.920142
0.920142
0.920142
0.920142
0.920142
0.920142
0.920142
0.920142
0.920142
0.920142
0.920142
0.920142
0.920142
0.920142
0.920142
0.920142
0.920142
0.920142
0.920142
0.920142
0.920142
0.920142
0.920142
0.920142
0.920142
0.920142
0.920142
0.920142
0.920142
0.920142
0.920142
0.920142
0.920142
0.920143
0.920143
0.920143
0.920143
0.920143
0.920143
0.920143
0.920143
0.920143
0.920143
0.920143
0.920143
0.920143
0.920143
0.920143
0.920143
0.920143
0.920143
0.920143
0.920143
0.920143
0.920143
0.920143
0.920143
0.920143
0.920143
0.920143
0.920143
0.920143
0.920143
0.920143
0.920143
0.920143
0.920143
0.920143
0.920143
0.920143
0.920143
0.920143
0.920143
0.920143
0.920143
0.920143
0.920143
0.920143
0.920143
0.920143
0.920143
0.920143
0.920143
0.920143
0.920143
0.920143
0.920143
0.920143
0.920143
0.920143
0.920143
0.920143
0.920143
0.920143
0.920143
0.920143
0.920143
0.920143
0.920143
0.920143
0.920143
0.920143
0.920143
0.920143
0.920143
0.920143
0.920143
0.920143
0.920143
0.920143
0.920143
0.920143
0.920143
0.920143
0.920143
0.920143
0.920143
0.920143
0.920143
0.920143
0.920143
0.920143
0.920143
0.920143
0.920143
0.920143
0.920143
0.920143
0.920143
0.920143
0.920143
0.920143
0.920143
0.920143
0.920143
0.920143
0.920143
0.920143
0.920143
0.920143
0.920143
0.920143
0.920143
0.920143
0.920143
0.920143
0.920143
0.920143
0.920143
0.920143
0.920143
0.920143
0.920143
0.920143
0.920143
0.920143
0.920143
0.920143
0.920143
0.920143
0.920143
0.920143
0.920143
0.920143
0.920143
0.920143
0.920143
0.920143
0.920143
0.920143
0.920143
0.920143
0.920143
0.920143
0.920143
0.920143
0.920143
0.920143
0.920143
0.920143
0.920143
0.920143
0.920143
0.920143
0.920143
0.920143
0.920143
0.920143
0.920143
0.920143
0.920143
0.920143
0.920143
0.920143
0.920143
0.920143
0.920143
0.920143
0.920143
0.920144
0.920144
0.920144
0.920144
0.920144
0.920144
0.920144
0.920144
0.920144
0.920144
0.920144
0.920144
0.920144
0.920144
0.920144
0.920144
0.920144
0.920144
0.920144
0.920144
0.920144
0.920144
0.920144
0.920144
0.920144
0.920144
0.920144
0.920144
0.920144
0.920144
0.920144
0.920144
0.920144
0.920144
0.920144
0.920144
0.920144
0.920144
0.920144
0.920144
0.920144
0.920144
0.920144
0.920144
0.920144
0.920144
0.920144
0.920144
0.920144
0.920144
0.920144
0.920144
0.920144
0.920144
0.920144
0.920144
0.920144
0.920144
0.920144
0.920144
0.920144
0.920144
0.920144
0.920144
0.920144
0.920144
0.920144
0.920144
0.920144
0.920144
0.920144
0.920144
0.920144
0.920144
0.920144
0.920144
0.920144
0.920144
0.920144
0.920144
0.920144
0.920144
0.920144
0.920144
0.920144
0.920144
0.920144
0.920144
0.920144
0.920144
0.920144
0.920144
0.920144
0.920144
0.920144
0.920144
0.920144
0.920144
0.920144
0.920144
0.920144
0.920144
0.920144
0.920144
0.920144
0.920144
0.920144
0.920144
0.920144
0.920144
0.920144
0.920144
0.920144
0.920144
0.920144
0.920144
0.920144
0.920144
0.920144
0.920144
0.920144
0.920144
0.920144
0.920144
0.920144
0.920144
0.920144
0.920144
0.920144
0.920144
0.920144
0.920144
0.920144
0.920144
0.920144
0.920144
0.920144
0.920144
0.920144
0.920144
0.920144
0.920144
0.920144
0.920144
0.920144
0.920144
0.920144
0.920144
0.920144
0.920144
0.920144
0.920144
0.920144
0.920144
0.920144
0.920144
0.920144
0.920144
0.920144
0.920144
0.920144
0.920144
0.920144
0.920144
0.920144
0.920144
0.920144
0.920144
0.920144
0.920144
0.920144
0.920144
0.920144
0.920144
0.920144
0.920144
0.920144
0.920144
0.920144
0.920144
0.920144
0.920144
0.920144
0.920144
0.920144
0.920144
0.920144
0.920144
0.920144
0.920144
0.920144
0.920144
0.920144
0.920144
0.920144
0.920144
0.920144
0.920144
