0.001
0.0115649
0.0235049
0.0357765
0.0478936
0.0596403
0.0709361
0.0817682
0.0921567
0.102135
0.111743
0.121018
0.129994
0.138705
0.147178
0.155436
0.163501
0.171391
0.17912
0.186702
0.194148
0.201468
0.20867
0.215762
0.222749
0.229637
0.236431
0.243136
0.249754
0.256291
0.262748
0.269128
0.275435
0.28167
0.287835
0.293932
0.299963
0.30593
0.311835
0.317677
0.32346
0.329184
0.334849
0.340459
0.346012
0.351511
0.356957
0.362349
0.367689
0.372978
0.378216
0.383405
0.388544
0.393635
0.398678
0.403674
0.408623
0.413526
0.418383
0.423196
0.427964
0.432688
0.437368
0.442005
0.4466
0.451153
0.455664
0.460133
0.464562
0.46895
0.473299
0.477607
0.481877
0.486107
0.490299
0.494453
0.498569
0.502647
0.506689
0.510694
0.514662
0.518594
0.522491
0.526352
0.530178
0.533969
0.537726
0.541448
0.545137
0.548792
0.552414
0.556004
0.55956
0.563084
0.566576
0.570036
0.573465
0.576862
0.580229
0.583565
0.58687
0.590146
0.593391
0.596607
0.599794
0.602951
0.60608
0.60918
0.612252
0.615295
0.618311
0.6213
0.624261
0.627195
0.630102
0.632982
0.635837
0.638665
0.641467
0.644243
0.646994
0.64972
0.652421
0.655097
0.657749
0.660376
0.66298
0.665559
0.668115
0.670647
0.673156
0.675642
0.678105
0.680546
0.682964
0.68536
0.687733
0.690085
0.692416
0.694725
0.697013
0.699279
0.701525
0.703751
0.705955
0.70814
0.710304
0.712449
0.714574
0.716679
0.718765
0.720831
0.722879
0.724908
0.726918
0.728909
0.730882
0.732837
0.734774
0.736694
0.738595
0.740479
0.742346
0.744195
0.746028
0.747843
0.749642
0.751424
0.75319
0.754939
0.756673
0.75839
0.760092
0.761778
0.763448
0.765103
0.766743
0.768367
0.769977
0.771572
0.773152
0.774717
0.776269
0.777805
0.779328
0.780837
0.782331
0.783812
0.78528
0.786733
0.788174
0.789601
0.791015
0.792416
0.793804
0.795179
0.796542
0.797892
0.79923
0.800555
0.801868
0.803169
0.804458
0.805735
0.807001
0.808255
0.809497
0.810728
0.811947
0.813156
0.814353
0.815539
0.816714
0.817879
0.819032
0.820176
0.821308
0.82243
0.823542
0.824644
0.825736
0.826817
0.827889
0.82895
0.830002
0.831045
0.832078
0.833101
0.834115
0.835119
0.836115
0.837101
0.838078
0.839047
0.840006
0.840957
0.841898
0.842832
0.843756
0.844673
0.84558
0.84648
0.847371
0.848254
0.849129
0.849996
0.850855
0.851707
0.85255
0.853386
0.854214
0.855034
0.855847
0.856653
0.857451
0.858242
0.859026
0.859802
0.860572
0.861334
0.86209
0.862839
0.86358
0.864315
0.865044
0.865765
0.86648
0.867189
0.867891
0.868587
0.869276
0.869959
0.870636
0.871307
0.871972
0.87263
0.873283
0.873929
0.87457
0.875205
0.875834
0.876458
0.877076
0.877688
0.878295
0.878896
0.879492
0.880082
0.880667
0.881247
0.881821
0.88239
0.882954
0.883513
0.884067
0.884616
0.88516
0.885699
0.886233
0.886763
0.887287
0.887807
0.888322
0.888832
0.889338
0.88984
0.890336
0.890829
0.891316
0.8918
0.892279
0.892754
0.893224
0.893691
0.894153
0.894611
0.895064
0.895514
0.89596
0.896402
0.896839
0.897273
0.897703
0.898129
0.898551
0.89897
0.899385
0.899796
0.900203
0.900607
0.901007
0.901403
0.901796
0.902185
0.902571
0.902954
0.903333
0.903709
0.904081
0.90445
0.904816
0.905178
0.905538
0.905894
0.906247
0.906596
0.906943
0.907287
0.907627
0.907965
0.908299
0.908631
0.908959
0.909285
0.909608
0.909928
0.910245
0.910559
0.910871
0.911179
0.911485
0.911789
0.912089
0.912387
0.912683
0.912976
0.913266
0.913553
0.913838
0.914121
0.914401
0.914679
0.914954
0.915227
0.915497
0.915765
0.916031
0.916294
0.916555
0.916814
0.91707
0.917324
0.917576
0.917826
0.918074
0.918319
0.918563
0.918804
0.919043
0.91928
0.919515
0.919748
0.919978
0.920207
0.920434
0.920659
0.920882
0.921103
0.921322
0.921539
0.921754
0.921968
0.922179
0.922389
0.922597
0.922803
0.923008
0.92321
0.923411
0.92361
0.923808
0.924003
0.924197
0.92439
0.92458
0.924769
0.924957
0.925143
0.925327
0.925509
0.925691
0.92587
0.926048
0.926225
0.9264
0.926573
0.926745
0.926916
0.927085
0.927252
0.927418
0.927583
0.927747
0.927909
0.928069
0.928228
0.928386
0.928543
0.928698
0.928852
0.929005
0.929156
0.929306
0.929455
0.929603
0.929749
0.929894
0.930038
0.93018
0.930322
0.930462
0.930601
0.930739
0.930876
0.931011
0.931146
0.931279
0.931412
0.931543
0.931673
0.931802
0.93193
0.932056
0.932182
0.932307
0.932431
0.932553
0.932675
0.932795
0.932915
0.933034
0.933151
0.933268
0.933384
0.933499
0.933612
0.933725
0.933837
0.933948
0.934059
0.934168
0.934276
0.934384
0.93449
0.934596
0.934701
0.934805
0.934908
0.93501
0.935112
0.935212
0.935312
0.935411
0.935509
0.935607
0.935703
0.935799
0.935894
0.935989
0.936082
0.936175
0.936267
0.936358
0.936449
0.936539
0.936628
0.936716
0.936804
0.936891
0.936977
0.937063
0.937148
0.937232
0.937316
0.937399
0.937481
0.937562
0.937643
0.937724
0.937803
0.937882
0.937961
0.938039
0.938116
0.938193
0.938269
0.938344
0.938419
0.938493
0.938567
0.93864
0.938712
0.938784
0.938856
0.938926
0.938997
0.939066
0.939136
0.939204
0.939272
0.93934
0.939407
0.939473
0.93954
0.939605
0.93967
0.939735
0.939799
0.939862
0.939925
0.939988
0.94005
0.940112
0.940173
0.940233
0.940294
0.940353
0.940413
0.940472
0.94053
0.940588
0.940646
0.940703
0.940759
0.940816
0.940871
0.940927
0.940982
0.941036
0.941091
0.941144
0.941198
0.941251
0.941303
0.941356
0.941407
0.941459
0.94151
0.941561
0.941611
0.941661
0.94171
0.94176
0.941808
0.941857
0.941905
0.941953
0.942
0.942047
0.942094
0.94214
0.942187
0.942232
0.942278
0.942323
0.942368
0.942412
0.942456
0.9425
0.942543
0.942587
0.942629
0.942672
0.942714
0.942756
0.942798
0.942839
0.94288
0.942921
0.942962
0.943002
0.943042
0.943081
0.943121
0.94316
0.943199
0.943237
0.943275
0.943313
0.943351
0.943389
0.943426
0.943463
0.943499
0.943536
0.943572
0.943608
0.943644
0.943679
0.943714
0.943749
0.943784
0.943819
0.943853
0.943887
0.943921
0.943954
0.943988
0.944021
0.944054
0.944086
0.944119
0.944151
0.944183
0.944215
0.944247
0.944278
0.944309
0.94434
0.944371
0.944401
0.944432
0.944462
0.944492
0.944522
0.944551
0.944581
0.94461
0.944639
0.944668
0.944696
0.944725
0.944753
0.944781
0.944809
0.944837
0.944864
0.944892
0.944919
0.944946
0.944973
0.944999
0.945026
0.945052
0.945078
0.945104
0.94513
0.945156
0.945181
0.945207
0.945232
0.945257
0.945282
0.945306
0.945331
0.945355
0.94538
0.945404
0.945428
0.945452
0.945475
0.945499
0.945522
0.945545
0.945568
0.945591
0.945614
0.945637
0.945659
0.945682
0.945704
0.945726
0.945748
0.94577
0.945792
0.945813
0.945835
0.945856
0.945877
0.945899
0.94592
0.94594
0.945961
0.945982
0.946002
0.946023
0.946043
0.946063
0.946083
0.946103
0.946123
0.946142
0.946162
0.946181
0.946201
0.94622
0.946239
0.946258
0.946277
0.946296
0.946314
0.946333
0.946351
0.94637
0.946388
0.946406
0.946424
0.946442
0.94646
0.946478
0.946495
0.946513
0.94653
0.946548
0.946565
0.946582
0.946599
0.946616
0.946633
0.94665
0.946666
0.946683
0.946699
0.946716
0.946732
0.946748
0.946765
0.946781
0.946797
0.946813
0.946828
0.946844
0.94686
0.946875
0.946891
0.946906
0.946922
0.946937
0.946952
0.946967
0.946982
0.946997
0.947012
0.947027
0.947041
0.947056
0.94707
0.947085
0.947099
0.947114
0.947128
0.947142
0.947156
0.94717
0.947184
0.947198
0.947212
0.947226
0.947239
0.947253
0.947266
0.94728
0.947293
0.947307
0.94732
0.947333
0.947346
0.947359
0.947372
0.947385
0.947398
0.947411
0.947424
0.947436
0.947449
0.947462
0.947474
0.947487
0.947499
0.947511
0.947524
0.947536
0.947548
0.94756
0.947572
0.947584
0.947596
0.947608
0.94762
0.947631
0.947643
0.947655
0.947666
0.947678
0.947689
0.947701
0.947712
0.947724
0.947735
0.947746
0.947757
0.947768
0.947779
0.94779
0.947801
0.947812
0.947823
0.947834
0.947845
0.947855
0.947866
0.947877
0.947887
0.947898
0.947908
0.947919
0.947929
0.947939
0.94795
0.94796
0.94797
0.94798
0.947991
0.948001
0.948011
0.948021
0.948031
0.94804
0.94805
0.94806
0.94807
0.94808
0.948089
0.948099
0.948109
0.948118
0.948128
0.948137
0.948147
0.948156
0.948165
0.948175
0.948184
0.948193
0.948202
0.948212
0.948221
0.94823
0.948239
0.948248
0.948257
0.948266
0.948275
0.948283
0.948292
0.948301
0.94831
0.948319
0.948327
0.948336
0.948345
0.948353
0.948362
0.94837
0.948379
0.948387
0.948396
0.948404
0.948412
0.948421
0.948429
0.948437
0.948445
0.948453
0.948462
0.94847
0.948478
0.948486
0.948494
0.948502
0.94851
0.948518
0.948526
0.948533
0.948541
0.948549
0.948557
0.948565
0.948572
0.94858
0.948588
0.948595
0.948603
0.94861
0.948618
0.948626
0.948633
0.94864
0.948648
0.948655
0.948663
0.94867
0.948677
0.948685
0.948692
0.948699
0.948706
0.948713
0.948721
0.948728
0.948735
0.948742
0.948749
0.948756
0.948763
0.94877
0.948777
0.948784
0.948791
0.948798
0.948804
0.948811
0.948818
0.948825
0.948832
0.948838
0.948845
0.948852
0.948858
0.948865
0.948872
0.948878
0.948885
0.948891
0.948898
0.948904
0.948911
0.948917
0.948924
0.94893
0.948936
0.948943
0.948949
0.948955
0.948962
0.948968
0.948974
0.94898
0.948987
0.948993
0.948999
0.949005
0.949011
0.949017
0.949023
0.949029
0.949035
0.949041
0.949047
0.949053
0.949059
0.949065
0.949071
0.949077
0.949083
0.949089
0.949095
0.9491
0.949106
0.949112
0.949118
0.949123
0.949129
0.949135
0.949141
0.949146
0.949152
0.949157
0.949163
0.949169
0.949174
0.94918
0.949185
0.949191
0.949196
0.949202
0.949207
0.949213
0.949218
0.949224
0.949229
0.949234
0.94924
0.949245
0.94925
0.949256
0.949261
0.949266
0.949271
0.949277
0.949282
0.949287
0.949292
0.949297
0.949303
0.949308
0.949313
0.949318
0.949323
0.949328
0.949333
0.949338
0.949343
0.949348
0.949353
0.949358
0.949363
0.949368
0.949373
0.949378
0.949383
0.949388
0.949393
0.949398
0.949402
0.949407
0.949412
0.949417
0.949422
0.949426
0.949431
0.949436
0.949441
0.949445
0.94945
0.949455
0.949459
0.949464
0.949469
0.949473
0.949478
0.949483
0.949487
0.949492
0.949496
0.949501
0.949505
0.94951
0.949514
0.949519
0.949523
0.949528
0.949532
0.949537
0.949541
0.949545
0.94955
0.949554
0.949559
0.949563
0.949567
0.949572
0.949576
0.94958
0.949585
0.949589
0.949593
0.949597
0.949602
0.949606
0.94961
0.949614
0.949618
0.949623
0.949627
0.949631
0.949635
0.949639
0.949643
0.949648
0.949652
0.949656
0.94966
0.949664
0.949668
0.949672
0.949676
0.94968
0.949684
0.949688
0.949692
0.949696
0.9497
0.949704
0.949708
0.949712
0.949716
0.94972
0.949723
0.949727
0.949731
0.949735
0.949739
0.949743
0.949747
0.94975
0.949754
0.949758
0.949762
0.949766
0.949769
0.949773
0.949777
0.949781
0.949784
0.949788
0.949792
0.949795
0.949799
0.949803
0.949806
0.94981
0.949814
0.949817
0.949821
0.949825
0.949828
0.949832
0.949835
0.949839
0.949843
0.949846
0.94985
0.949853
0.949857
0.94986
0.949864
0.949867
0.949871
0.949874
0.949878
0.949881
0.949885
0.949888
0.949891
0.949895
0.949898
0.949902
0.949905
0.949908
0.949912
0.949915
0.949919
0.949922
0.949925
0.949929
0.949932
0.949935
0.949939
0.949942
0.949945
0.949948
0.949952
0.949955
0.949958
0.949961
0.949965
0.949968
0.949971
0.949974
0.949978
0.949981
0.949984
0.949987
0.94999
0.949993
0.949997
0.95
0.950003
0.950006
0.950009
0.950012
0.950015
0.950018
0.950021
0.950025
0.950028
0.950031
0.950034
0.950037
0.95004
0.950043
0.950046
0.950049
0.950052
0.950055
0.950058
0.950061
0.950064
0.950067
0.95007
0.950073
0.950076
0.950079
0.950081
0.950084
0.950087
0.95009
0.950093
0.950096
0.950099
0.950102
0.950105
0.950108
0.95011
0.950113
0.950116
0.950119
0.950122
0.950125
0.950127
0.95013
0.950133
0.950136
0.950139
0.950141
0.950144
0.950147
0.95015
0.950152
0.950155
0.950158
0.950161
0.950163
0.950166
0.950169
0.950171
0.950174
0.950177
0.950179
0.950182
0.950185
0.950187
0.95019
0.950193
0.950195
0.950198
0.950201
0.950203
0.950206
0.950208
0.950211
0.950214
0.950216
0.950219
0.950221
0.950224
0.950227
0.950229
0.950232
0.950234
0.950237
0.950239
0.950242
0.950244
0.950247
0.950249
0.950252
0.950254
0.950257
0.950259
0.950262
0.950264
0.950267
0.950269
0.950272
0.950274
0.950276
0.950279
0.950281
0.950284
0.950286
0.950289
0.950291
0.950293
0.950296
0.950298
0.950301
0.950303
0.950305
0.950308
0.95031
0.950312
0.950315
0.950317
0.950319
0.950322
0.950324
0.950326
0.950329
0.950331
0.950333
0.950336
0.950338
0.95034
0.950342
0.950345
0.950347
0.950349
0.950351
0.950354
0.950356
0.950358
0.95036
0.950363
0.950365
0.950367
0.950369
0.950372
0.950374
0.950376
0.950378
0.95038
0.950382
0.950385
0.950387
0.950389
0.950391
0.950393
0.950395
0.950398
0.9504
0.950402
0.950404
0.950406
0.950408
0.95041
0.950412
0.950415
0.950417
0.950419
0.950421
0.950423
0.950425
0.950427
0.950429
0.950431
0.950433
0.950435
0.950437
0.950439
0.950441
0.950444
0.950446
0.950448
0.95045
0.950452
0.950454
0.950456
0.950458
0.95046
0.950462
0.950464
0.950466
0.950468
0.95047
0.950472
0.950473
0.950475
0.950477
0.950479
0.950481
0.950483
0.950485
0.950487
0.950489
0.950491
0.950493
0.950495
0.950497
0.950499
0.950501
0.950502
0.950504
0.950506
0.950508
0.95051
0.950512
0.950514
0.950516
0.950517
0.950519
0.950521
0.950523
0.950525
0.950527
0.950529
0.95053
0.950532
0.950534
0.950536
0.950538
0.950539
0.950541
0.950543
0.950545
0.950547
0.950548
0.95055
0.950552
0.950554
0.950556
0.950557
0.950559
0.950561
0.950563
0.950564
0.950566
0.950568
0.95057
0.950571
0.950573
0.950575
0.950577
0.950578
0.95058
0.950582
0.950583
0.950585
0.950587
0.950589
0.95059
0.950592
0.950594
0.950595
0.950597
0.950599
0.9506
0.950602
0.950604
0.950605
0.950607
0.950609
0.95061
0.950612
0.950614
0.950615
0.950617
0.950618
0.95062
0.950622
0.950623
0.950625
0.950627
0.950628
0.95063
0.950631
0.950633
0.950635
0.950636
0.950638
0.950639
0.950641
0.950643
0.950644
0.950646
0.950647
0.950649
0.95065
0.950652
0.950653
0.950655
0.950657
0.950658
0.95066
0.950661
0.950663
0.950664
0.950666
0.950667
0.950669
0.95067
0.950672
0.950673
0.950675
0.950676
0.950678
0.950679
0.950681
0.950682
0.950684
0.950685
0.950687
0.950688
0.95069
0.950691
0.950693
0.950694
0.950696
0.950697
0.950698
0.9507
0.950701
0.950703
0.950704
0.950706
0.950707
0.950709
0.95071
0.950711
0.950713
0.950714
0.950716
0.950717
0.950718
0.95072
0.950721
0.950723
0.950724
0.950725
0.950727
0.950728
0.95073
0.950731
0.950732
0.950734
0.950735
0.950737
0.950738
0.950739
0.950741
0.950742
0.950743
0.950745
0.950746
0.950747
0.950749
0.95075
0.950751
0.950753
0.950754
0.950755
0.950757
0.950758
0.950759
0.950761
0.950762
0.950763
0.950765
0.950766
0.950767
0.950768
0.95077
0.950771
0.950772
0.950774
0.950775
0.950776
0.950778
0.950779
0.95078
0.950781
0.950783
0.950784
0.950785
0.950786
0.950788
0.950789
0.95079
0.950791
0.950793
0.950794
0.950795
0.950796
0.950798
0.950799
0.9508
0.950801
0.950803
0.950804
0.950805
0.950806
0.950807
0.950809
0.95081
0.950811
0.950812
0.950813
0.950815
0.950816
0.950817
0.950818
0.950819
0.950821
0.950822
0.950823
0.950824
0.950825
0.950827
0.950828
0.950829
0.95083
0.950831
0.950832
0.950834
0.950835
0.950836
0.950837
0.950838
0.950839
0.95084
0.950842
0.950843
0.950844
0.950845
0.950846
0.950847
0.950848
0.95085
0.950851
0.950852
0.950853
0.950854
0.950855
0.950856
0.950857
0.950858
0.95086
0.950861
0.950862
0.950863
0.950864
0.950865
0.950866
0.950867
0.950868
0.950869
0.95087
0.950872
0.950873
0.950874
0.950875
0.950876
0.950877
0.950878
0.950879
0.95088
0.950881
0.950882
0.950883
0.950884
0.950885
0.950886
0.950887
0.950889
0.95089
0.950891
0.950892
0.950893
0.950894
0.950895
0.950896
0.950897
0.950898
0.950899
0.9509
0.950901
0.950902
0.950903
0.950904
0.950905
0.950906
0.950907
0.950908
0.950909
0.95091
0.950911
0.950912
0.950913
0.950914
0.950915
0.950916
0.950917
0.950918
0.950919
0.95092
0.950921
0.950922
0.950923
0.950924
0.950925
0.950926
0.950927
0.950928
0.950929
0.95093
0.95093
0.950931
0.950932
0.950933
0.950934
0.950935
0.950936
0.950937
0.950938
0.950939
0.95094
0.950941
0.950942
0.950943
0.950944
0.950945
0.950946
0.950946
0.950947
0.950948
0.950949
0.95095
0.950951
0.950952
0.950953
0.950954
0.950955
0.950956
0.950957
0.950957
0.950958
0.950959
0.95096
0.950961
0.950962
0.950963
0.950964
0.950965
0.950965
0.950966
0.950967
0.950968
0.950969
0.95097
0.950971
0.950972
0.950973
0.950973
0.950974
0.950975
0.950976
0.950977
0.950978
0.950979
0.950979
0.95098
0.950981
0.950982
0.950983
0.950984
0.950985
0.950985
0.950986
0.950987
0.950988
0.950989
0.95099
0.95099
0.950991
0.950992
0.950993
0.950994
0.950995
0.950995
0.950996
0.950997
0.950998
0.950999
0.951
0.951
0.951001
0.951002
0.951003
0.951004
0.951004
0.951005
0.951006
0.951007
0.951008
0.951008
0.951009
0.95101
0.951011
0.951012
0.951012
0.951013
0.951014
0.951015
0.951016
0.951016
0.951017
0.951018
0.951019
0.95102
0.95102
0.951021
0.951022
0.951023
0.951023
0.951024
0.951025
0.951026
0.951026
0.951027
0.951028
0.951029
0.95103
0.95103
0.951031
0.951032
0.951033
0.951033
0.951034
0.951035
0.951036
0.951036
0.951037
0.951038
0.951039
0.951039
0.95104
0.951041
0.951041
0.951042
0.951043
0.951044
0.951044
0.951045
0.951046
0.951047
0.951047
0.951048
0.951049
0.951049
0.95105
0.951051
0.951052
0.951052
0.951053
0.951054
0.951054
0.951055
0.951056
0.951057
0.951057
0.951058
0.951059
0.951059
0.95106
0.951061
0.951062
0.951062
0.951063
0.951064
0.951064
0.951065
0.951066
0.951066
0.951067
0.951068
0.951068
0.951069
0.95107
0.95107
0.951071
0.951072
0.951073
0.951073
0.951074
0.951075
0.951075
0.951076
0.951077
0.951077
0.951078
0.951079
0.951079
0.95108
0.951081
0.951081
0.951082
0.951083
0.951083
0.951084
0.951084
0.951085
0.951086
0.951086
0.951087
0.951088
0.951088
0.951089
0.95109
0.95109
0.951091
0.951092
0.951092
0.951093
0.951094
0.951094
0.951095
0.951095
0.951096
0.951097
0.951097
0.951098
0.951099
0.951099
0.9511
0.9511
0.951101
0.951102
0.951102
0.951103
0.951104
0.951104
0.951105
0.951105
0.951106
0.951107
0.951107
0.951108
0.951108
0.951109
0.95111
0.95111
0.951111
0.951111
0.951112
0.951113
0.951113
0.951114
0.951114
0.951115
0.951116
0.951116
0.951117
0.951117
0.951118
0.951119
0.951119
0.95112
0.95112
0.951121
0.951122
0.951122
0.951123
0.951123
0.951124
0.951124
0.951125
0.951126
0.951126
0.951127
0.951127
0.951128
0.951128
0.951129
0.95113
0.95113
0.951131
0.951131
0.951132
0.951132
0.951133
0.951134
0.951134
0.951135
0.951135
0.951136
0.951136
0.951137
0.951138
0.951138
0.951139
0.951139
0.95114
0.95114
0.951141
0.951141
0.951142
0.951142
0.951143
0.951144
0.951144
0.951145
0.951145
0.951146
0.951146
0.951147
0.951147
0.951148
0.951148
0.951149
0.951149
0.95115
0.951151
0.951151
0.951152
0.951152
0.951153
0.951153
0.951154
0.951154
0.951155
0.951155
0.951156
0.951156
0.951157
0.951157
0.951158
0.951158
0.951159
0.951159
0.95116
0.95116
0.951161
0.951161
0.951162
0.951162
0.951163
0.951164
0.951164
0.951165
0.951165
0.951166
0.951166
0.951167
0.951167
0.951168
0.951168
0.951169
0.951169
0.95117
0.95117
0.951171
0.951171
0.951172
0.951172
0.951172
0.951173
0.951173
0.951174
0.951174
0.951175
0.951175
0.951176
0.951176
0.951177
0.951177
0.951178
0.951178
0.951179
0.951179
0.95118
0.95118
0.951181
0.951181
0.951182
0.951182
0.951183
0.951183
0.951184
0.951184
0.951185
0.951185
0.951185
0.951186
0.951186
0.951187
0.951187
0.951188
0.951188
0.951189
0.951189
0.95119
0.95119
0.951191
0.951191
0.951191
0.951192
0.951192
0.951193
0.951193
0.951194
0.951194
0.951195
0.951195
0.951196
0.951196
0.951196
0.951197
0.951197
0.951198
0.951198
0.951199
0.951199
0.9512
0.9512
0.9512
0.951201
0.951201
0.951202
0.951202
0.951203
0.951203
0.951204
0.951204
0.951204
0.951205
0.951205
0.951206
0.951206
0.951207
0.951207
0.951207
0.951208
0.951208
0.951209
0.951209
0.95121
0.95121
0.95121
0.951211
0.951211
0.951212
0.951212
0.951213
0.951213
0.951213
0.951214
0.951214
0.951215
0.951215
0.951215
0.951216
0.951216
0.951217
0.951217
0.951218
0.951218
0.951218
0.951219
0.951219
0.95122
0.95122
0.95122
0.951221
0.951221
0.951222
0.951222
0.951222
0.951223
0.951223
0.951224
0.951224
0.951224
0.951225
0.951225
0.951226
0.951226
0.951226
0.951227
0.951227
0.951228
0.951228
0.951228
0.951229
0.951229
0.95123
0.95123
0.95123
0.951231
0.951231
0.951232
0.951232
0.951232
0.951233
0.951233
0.951233
0.951234
0.951234
0.951235
0.951235
0.951235
0.951236
0.951236
0.951237
0.951237
0.951237
0.951238
0.951238
0.951238
0.951239
0.951239
0.95124
0.95124
0.95124
0.951241
0.951241
0.951241
0.951242
0.951242
0.951243
0.951243
0.951243
0.951244
0.951244
0.951244
0.951245
0.951245
0.951245
0.951246
0.951246
0.951247
0.951247
0.951247
0.951248
0.951248
0.951248
0.951249
0.951249
0.951249
0.95125
0.95125
0.951251
0.951251
0.951251
0.951252
0.951252
0.951252
0.951253
0.951253
0.951253
0.951254
0.951254
0.951254
0.951255
0.951255
0.951255
0.951256
0.951256
0.951257
0.951257
0.951257
0.951258
0.951258
0.951258
0.951259
0.951259
0.951259
0.95126
0.95126
0.95126
0.951261
0.951261
0.951261
0.951262
0.951262
0.951262
0.951263
0.951263
0.951263
0.951264
0.951264
0.951264
0.951265
0.951265
0.951265
0.951266
0.951266
0.951266
0.951267
0.951267
0.951267
0.951268
0.951268
0.951268
0.951269
0.951269
0.951269
0.95127
0.95127
0.95127
0.951271
0.951271
0.951271
0.951272
0.951272
0.951272
0.951273
0.951273
0.951273
0.951273
0.951274
0.951274
0.951274
0.951275
0.951275
0.951275
0.951276
0.951276
0.951276
0.951277
0.951277
0.951277
0.951278
0.951278
0.951278
0.951279
0.951279
0.951279
0.951279
0.95128
0.95128
0.95128
0.951281
0.951281
0.951281
0.951282
0.951282
0.951282
0.951283
0.951283
0.951283
0.951283
0.951284
0.951284
0.951284
0.951285
0.951285
0.951285
0.951286
0.951286
0.951286
0.951286
0.951287
0.951287
0.951287
0.951288
0.951288
0.951288
0.951289
0.951289
0.951289
0.951289
0.95129
0.95129
0.95129
0.951291
0.951291
0.951291
0.951291
0.951292
0.951292
0.951292
0.951293
0.951293
0.951293
0.951293
0.951294
0.951294
0.951294
0.951295
0.951295
0.951295
0.951295
0.951296
0.951296
0.951296
0.951297
0.951297
0.951297
0.951297
0.951298
0.951298
0.951298
0.951299
0.951299
0.951299
0.951299
0.9513
0.9513
0.9513
0.9513
0.951301
0.951301
0.951301
0.951302
0.951302
0.951302
0.951302
0.951303
0.951303
0.951303
0.951304
0.951304
0.951304
0.951304
0.951305
0.951305
0.951305
0.951305
0.951306
0.951306
0.951306
0.951306
0.951307
0.951307
0.951307
0.951308
0.951308
0.951308
0.951308
0.951309
0.951309
0.951309
0.951309
0.95131
0.95131
0.95131
0.95131
0.951311
0.951311
0.951311
0.951311
0.951312
0.951312
0.951312
0.951312
0.951313
0.951313
0.951313
0.951314
0.951314
0.951314
0.951314
0.951315
0.951315
0.951315
0.951315
0.951316
0.951316
0.951316
0.951316
0.951317
0.951317
0.951317
0.951317
0.951318
0.951318
0.951318
0.951318
0.951319
0.951319
0.951319
0.951319
0.95132
0.95132
0.95132
0.95132
0.951321
0.951321
0.951321
0.951321
0.951321
0.951322
0.951322
0.951322
0.951322
0.951323
0.951323
0.951323
0.951323
0.951324
0.951324
0.951324
0.951324
0.951325
0.951325
0.951325
0.951325
0.951326
0.951326
0.951326
0.951326
0.951327
0.951327
0.951327
0.951327
0.951327
0.951328
0.951328
0.951328
0.951328
0.951329
0.951329
0.951329
0.951329
0.95133
0.95133
0.95133
0.95133
0.95133
0.951331
0.951331
0.951331
0.951331
0.951332
0.951332
0.951332
0.951332
0.951333
0.951333
0.951333
0.951333
0.951333
0.951334
0.951334
0.951334
0.951334
0.951335
0.951335
0.951335
0.951335
0.951335
0.951336
0.951336
0.951336
0.951336
0.951337
0.951337
0.951337
0.951337
0.951337
0.951338
0.951338
0.951338
0.951338
0.951339
0.951339
0.951339
0.951339
0.951339
0.95134
0.95134
0.95134
0.95134
0.95134
0.951341
0.951341
0.951341
0.951341
0.951342
0.951342
0.951342
0.951342
0.951342
0.951343
0.951343
0.951343
0.951343
0.951343
0.951344
0.951344
0.951344
0.951344
0.951344
0.951345
0.951345
0.951345
0.951345
0.951346
0.951346
0.951346
0.951346
0.951346
0.951347
0.951347
0.951347
0.951347
0.951347
0.951348
0.951348
0.951348
0.951348
0.951348
0.951349
0.951349
0.951349
0.951349
0.951349
0.95135
0.95135
0.95135
0.95135
0.95135
0.951351
0.951351
0.951351
0.951351
0.951351
0.951352
0.951352
0.951352
0.951352
0.951352
0.951353
0.951353
0.951353
0.951353
0.951353
0.951354
0.951354
0.951354
0.951354
0.951354
0.951355
0.951355
0.951355
0.951355
0.951355
0.951356
0.951356
0.951356
0.951356
0.951356
0.951356
0.951357
0.951357
0.951357
0.951357
0.951357
0.951358
0.951358
0.951358
0.951358
0.951358
0.951359
0.951359
0.951359
0.951359
0.951359
0.951359
0.95136
0.95136
0.95136
0.95136
0.95136
0.951361
0.951361
0.951361
0.951361
0.951361
0.951362
0.951362
0.951362
0.951362
0.951362
0.951362
0.951363
0.951363
0.951363
0.951363
0.951363
0.951364
0.951364
0.951364
0.951364
0.951364
0.951364
0.951365
0.951365
0.951365
0.951365
0.951365
0.951366
0.951366
0.951366
0.951366
0.951366
0.951366
0.951367
0.951367
0.951367
0.951367
0.951367
0.951367
0.951368
0.951368
0.951368
0.951368
0.951368
0.951368
0.951369
0.951369
0.951369
0.951369
0.951369
0.95137
0.95137
0.95137
0.95137
0.95137
0.95137
0.951371
0.951371
0.951371
0.951371
0.951371
0.951371
0.951372
0.951372
0.951372
0.951372
0.951372
0.951372
0.951373
0.951373
0.951373
0.951373
0.951373
0.951373
0.951374
0.951374
0.951374
0.951374
0.951374
0.951374
0.951375
0.951375
0.951375
0.951375
0.951375
0.951375
0.951376
0.951376
0.951376
0.951376
0.951376
0.951376
0.951377
0.951377
0.951377
0.951377
0.951377
0.951377
0.951378
0.951378
0.951378
0.951378
0.951378
0.951378
0.951379
0.951379
0.951379
0.951379
0.951379
0.951379
0.951379
0.95138
0.95138
0.95138
0.95138
0.95138
0.95138
0.951381
0.951381
0.951381
0.951381
0.951381
0.951381
0.951381
0.951382
0.951382
0.951382
0.951382
0.951382
0.951382
0.951383
0.951383
0.951383
0.951383
0.951383
0.951383
0.951384
0.951384
0.951384
0.951384
0.951384
0.951384
0.951384
0.951385
0.951385
0.951385
0.951385
0.951385
0.951385
0.951385
0.951386
0.951386
0.951386
0.951386
0.951386
0.951386
0.951387
0.951387
0.951387
0.951387
0.951387
0.951387
0.951387
0.951388
0.951388
0.951388
0.951388
0.951388
0.951388
0.951388
0.951389
0.951389
0.951389
0.951389
0.951389
0.951389
0.951389
0.95139
0.95139
0.95139
0.95139
0.95139
0.95139
0.95139
0.951391
0.951391
0.951391
0.951391
0.951391
0.951391
0.951391
0.951392
0.951392
0.951392
0.951392
0.951392
0.951392
0.951392
0.951393
0.951393
0.951393
0.951393
0.951393
0.951393
0.951393
0.951394
0.951394
0.951394
0.951394
0.951394
0.951394
0.951394
0.951395
0.951395
0.951395
0.951395
0.951395
0.951395
0.951395
0.951395
0.951396
0.951396
0.951396
0.951396
0.951396
0.951396
0.951396
0.951397
0.951397
0.951397
0.951397
0.951397
0.951397
0.951397
0.951398
0.951398
0.951398
0.951398
0.951398
0.951398
0.951398
0.951398
0.951399
0.951399
0.951399
0.951399
0.951399
0.951399
0.951399
0.9514
0.9514
0.9514
0.9514
0.9514
0.9514
0.9514
0.9514
0.951401
0.951401
0.951401
0.951401
0.951401
0.951401
0.951401
0.951401
0.951402
0.951402
0.951402
0.951402
0.951402
0.951402
0.951402
0.951402
0.951403
0.951403
0.951403
0.951403
0.951403
0.951403
0.951403
0.951403
0.951404
0.951404
0.951404
0.951404
0.951404
0.951404
0.951404
0.951404
0.951405
0.951405
0.951405
0.951405
0.951405
0.951405
0.951405
0.951405
0.951406
0.951406
0.951406
0.951406
0.951406
0.951406
0.951406
0.951406
0.951407
0.951407
0.951407
0.951407
0.951407
0.951407
0.951407
0.951407
0.951408
0.951408
0.951408
0.951408
0.951408
0.951408
0.951408
0.951408
0.951409
0.951409
0.951409
0.951409
0.951409
0.951409
0.951409
0.951409
0.951409
0.95141
0.95141
0.95141
0.95141
0.95141
0.95141
0.95141
0.95141
0.951411
0.951411
0.951411
0.951411
0.951411
0.951411
0.951411
0.951411
0.951411
0.951412
0.951412
0.951412
0.951412
0.951412
0.951412
0.951412
0.951412
0.951412
0.951413
0.951413
0.951413
0.951413
0.951413
0.951413
0.951413
0.951413
0.951413
0.951414
0.951414
0.951414
0.951414
0.951414
0.951414
0.951414
0.951414
0.951414
0.951415
0.951415
0.951415
0.951415
0.951415
0.951415
0.951415
0.951415
0.951415
0.951416
0.951416
0.951416
0.951416
0.951416
0.951416
0.951416
0.951416
0.951416
0.951417
0.951417
0.951417
0.951417
0.951417
0.951417
0.951417
0.951417
0.951417
0.951418
0.951418
0.951418
0.951418
0.951418
0.951418
0.951418
0.951418
0.951418
0.951419
0.951419
0.951419
0.951419
0.951419
0.951419
0.951419
0.951419
0.951419
0.951419
0.95142
0.95142
0.95142
0.95142
0.95142
0.95142
0.95142
0.95142
0.95142
0.951421
0.951421
0.951421
0.951421
0.951421
0.951421
0.951421
0.951421
0.951421
0.951421
0.951422
0.951422
0.951422
0.951422
0.951422
0.951422
0.951422
0.951422
0.951422
0.951422
0.951423
0.951423
0.951423
0.951423
0.951423
0.951423
0.951423
0.951423
0.951423
0.951423
0.951424
0.951424
0.951424
0.951424
0.951424
0.951424
0.951424
0.951424
0.951424
0.951424
0.951425
0.951425
0.951425
0.951425
0.951425
0.951425
0.951425
0.951425
0.951425
0.951425
0.951426
0.951426
0.951426
0.951426
0.951426
0.951426
0.951426
0.951426
0.951426
0.951426
0.951426
0.951427
0.951427
0.951427
0.951427
0.951427
0.951427
0.951427
0.951427
0.951427
0.951427
0.951428
0.951428
0.951428
0.951428
0.951428
0.951428
0.951428
0.951428
0.951428
0.951428
0.951428
0.951429
0.951429
0.951429
0.951429
0.951429
0.951429
0.951429
0.951429
0.951429
0.951429
0.95143
0.95143
0.95143
0.95143
0.95143
0.95143
0.95143
0.95143
0.95143
0.95143
0.95143
0.951431
0.951431
0.951431
0.951431
0.951431
0.951431
0.951431
0.951431
0.951431
0.951431
0.951431
0.951432
0.951432
0.951432
0.951432
0.951432
0.951432
0.951432
0.951432
0.951432
0.951432
0.951432
0.951432
0.951433
0.951433
0.951433
0.951433
0.951433
0.951433
0.951433
0.951433
0.951433
0.951433
0.951433
0.951434
0.951434
0.951434
0.951434
0.951434
0.951434
0.951434
0.951434
0.951434
0.951434
0.951434
0.951434
0.951435
0.951435
0.951435
0.951435
0.951435
0.951435
0.951435
0.951435
0.951435
0.951435
0.951435
0.951436
0.951436
0.951436
0.951436
0.951436
0.951436
0.951436
0.951436
0.951436
0.951436
0.951436
0.951436
0.951437
0.951437
0.951437
0.951437
0.951437
0.951437
0.951437
0.951437
0.951437
0.951437
0.951437
0.951437
0.951438
0.951438
0.951438
0.951438
0.951438
0.951438
0.951438
0.951438
0.951438
0.951438
0.951438
0.951438
0.951438
0.951439
0.951439
0.951439
0.951439
0.951439
0.951439
0.951439
0.951439
0.951439
0.951439
0.951439
0.951439
0.95144
0.95144
0.95144
0.95144
0.95144
0.95144
0.95144
0.95144
0.95144
0.95144
0.95144
0.95144
0.95144
0.951441
0.951441
0.951441
0.951441
0.951441
0.951441
0.951441
0.951441
0.951441
0.951441
0.951441
0.951441
0.951442
0.951442
0.951442
0.951442
0.951442
0.951442
0.951442
0.951442
0.951442
0.951442
0.951442
0.951442
0.951442
0.951442
0.951443
0.951443
0.951443
0.951443
0.951443
0.951443
0.951443
0.951443
0.951443
0.951443
0.951443
0.951443
0.951443
0.951444
0.951444
0.951444
0.951444
0.951444
0.951444
0.951444
0.951444
0.951444
0.951444
0.951444
0.951444
0.951444
0.951445
0.951445
0.951445
0.951445
0.951445
0.951445
0.951445
0.951445
0.951445
0.951445
0.951445
0.951445
0.951445
0.951445
0.951446
0.951446
0.951446
0.951446
0.951446
0.951446
0.951446
0.951446
0.951446
0.951446
0.951446
0.951446
0.951446
0.951446
0.951447
0.951447
0.951447
0.951447
0.951447
0.951447
0.951447
0.951447
0.951447
0.951447
0.951447
0.951447
0.951447
0.951447
0.951448
0.951448
0.951448
0.951448
0.951448
0.951448
0.951448
0.951448
0.951448
0.951448
0.951448
0.951448
0.951448
0.951448
0.951449
0.951449
0.951449
0.951449
0.951449
0.951449
0.951449
0.951449
0.951449
0.951449
0.951449
0.951449
0.951449
0.951449
0.951449
0.95145
0.95145
0.95145
0.95145
0.95145
0.95145
0.95145
0.95145
0.95145
0.95145
0.95145
0.95145
0.95145
0.95145
0.95145
0.951451
0.951451
0.951451
0.951451
0.951451
0.951451
0.951451
0.951451
0.951451
0.951451
0.951451
0.951451
0.951451
0.951451
0.951451
0.951452
0.951452
0.951452
0.951452
0.951452
0.951452
0.951452
0.951452
0.951452
0.951452
0.951452
0.951452
0.951452
0.951452
0.951452
0.951452
0.951453
0.951453
0.951453
0.951453
0.951453
0.951453
0.951453
0.951453
0.951453
0.951453
0.951453
0.951453
0.951453
0.951453
0.951453
0.951454
0.951454
0.951454
0.951454
0.951454
0.951454
0.951454
0.951454
0.951454
0.951454
0.951454
0.951454
0.951454
0.951454
0.951454
0.951454
0.951455
0.951455
0.951455
0.951455
0.951455
0.951455
0.951455
0.951455
0.951455
0.951455
0.951455
0.951455
0.951455
0.951455
0.951455
0.951455
0.951455
0.951456
0.951456
0.951456
0.951456
0.951456
0.951456
0.951456
0.951456
0.951456
0.951456
0.951456
0.951456
0.951456
0.951456
0.951456
0.951456
0.951457
0.951457
0.951457
0.951457
0.951457
0.951457
0.951457
0.951457
0.951457
0.951457
0.951457
0.951457
0.951457
0.951457
0.951457
0.951457
0.951457
0.951458
0.951458
0.951458
0.951458
0.951458
0.951458
0.951458
0.951458
0.951458
0.951458
0.951458
0.951458
0.951458
0.951458
0.951458
0.951458
0.951458
0.951458
0.951459
0.951459
0.951459
0.951459
0.951459
0.951459
0.951459
0.951459
0.951459
0.951459
0.951459
0.951459
0.951459
0.951459
0.951459
0.951459
0.951459
0.95146
0.95146
0.95146
0.95146
0.95146
0.95146
0.95146
0.95146
0.95146
0.95146
0.95146
0.95146
0.95146
0.95146
0.95146
0.95146
0.95146
0.95146
0.951461
0.951461
0.951461
0.951461
0.951461
0.951461
0.951461
0.951461
0.951461
0.951461
0.951461
0.951461
0.951461
0.951461
0.951461
0.951461
0.951461
0.951461
0.951461
0.951462
0.951462
0.951462
0.951462
0.951462
0.951462
0.951462
0.951462
0.951462
0.951462
0.951462
0.951462
0.951462
0.951462
0.951462
0.951462
0.951462
0.951462
0.951462
0.951463
0.951463
0.951463
0.951463
0.951463
0.951463
0.951463
0.951463
0.951463
0.951463
0.951463
0.951463
0.951463
0.951463
0.951463
0.951463
0.951463
0.951463
0.951463
0.951464
0.951464
0.951464
0.951464
0.951464
0.951464
0.951464
0.951464
0.951464
0.951464
0.951464
0.951464
0.951464
0.951464
0.951464
0.951464
0.951464
0.951464
0.951464
0.951464
0.951465
0.951465
0.951465
0.951465
0.951465
0.951465
0.951465
0.951465
0.951465
0.951465
0.951465
0.951465
0.951465
0.951465
0.951465
0.951465
0.951465
0.951465
0.951465
0.951465
0.951466
0.951466
0.951466
0.951466
0.951466
0.951466
0.951466
0.951466
0.951466
0.951466
0.951466
0.951466
0.951466
0.951466
0.951466
0.951466
0.951466
0.951466
0.951466
0.951466
0.951467
0.951467
0.951467
0.951467
0.951467
0.951467
0.951467
0.951467
0.951467
0.951467
0.951467
0.951467
0.951467
0.951467
0.951467
0.951467
0.951467
0.951467
0.951467
0.951467
0.951467
0.951467
0.951468
0.951468
0.951468
0.951468
0.951468
0.951468
0.951468
0.951468
0.951468
0.951468
0.951468
0.951468
0.951468
0.951468
0.951468
0.951468
0.951468
0.951468
0.951468
0.951468
0.951468
0.951469
0.951469
0.951469
0.951469
0.951469
0.951469
0.951469
0.951469
0.951469
0.951469
0.951469
0.951469
0.951469
0.951469
0.951469
0.951469
0.951469
0.951469
0.951469
0.951469
0.951469
0.951469
0.95147
0.95147
0.95147
0.95147
0.95147
0.95147
0.95147
0.95147
0.95147
0.95147
0.95147
0.95147
0.95147
0.95147
0.95147
0.95147
0.95147
0.95147
0.95147
0.95147
0.95147
0.95147
0.95147
0.951471
0.951471
0.951471
0.951471
0.951471
0.951471
0.951471
0.951471
0.951471
0.951471
0.951471
0.951471
0.951471
0.951471
0.951471
0.951471
0.951471
0.951471
0.951471
0.951471
0.951471
0.951471
0.951471
0.951471
0.951472
0.951472
0.951472
0.951472
0.951472
0.951472
0.951472
0.951472
0.951472
0.951472
0.951472
0.951472
0.951472
0.951472
0.951472
0.951472
0.951472
0.951472
0.951472
0.951472
0.951472
0.951472
0.951472
0.951472
0.951473
0.951473
0.951473
0.951473
0.951473
0.951473
0.951473
0.951473
0.951473
0.951473
0.951473
0.951473
0.951473
0.951473
0.951473
0.951473
0.951473
0.951473
0.951473
0.951473
0.951473
0.951473
0.951473
0.951473
0.951474
0.951474
0.951474
0.951474
0.951474
0.951474
0.951474
0.951474
0.951474
0.951474
0.951474
0.951474
0.951474
0.951474
0.951474
0.951474
0.951474
0.951474
0.951474
0.951474
0.951474
0.951474
0.951474
0.951474
0.951474
0.951475
0.951475
0.951475
0.951475
0.951475
0.951475
0.951475
0.951475
0.951475
0.951475
0.951475
0.951475
0.951475
0.951475
0.951475
0.951475
0.951475
0.951475
0.951475
0.951475
0.951475
0.951475
0.951475
0.951475
0.951475
0.951475
0.951475
0.951476
0.951476
0.951476
0.951476
0.951476
0.951476
0.951476
0.951476
0.951476
0.951476
0.951476
0.951476
0.951476
0.951476
0.951476
0.951476
0.951476
0.951476
0.951476
0.951476
0.951476
0.951476
0.951476
0.951476
0.951476
0.951476
0.951477
0.951477
0.951477
0.951477
0.951477
0.951477
0.951477
0.951477
0.951477
0.951477
0.951477
0.951477
0.951477
0.951477
0.951477
0.951477
0.951477
0.951477
0.951477
0.951477
0.951477
0.951477
0.951477
0.951477
0.951477
0.951477
0.951477
0.951477
0.951478
0.951478
0.951478
0.951478
0.951478
0.951478
0.951478
0.951478
0.951478
0.951478
0.951478
0.951478
0.951478
0.951478
0.951478
0.951478
0.951478
0.951478
0.951478
0.951478
0.951478
0.951478
0.951478
0.951478
0.951478
0.951478
0.951478
0.951478
0.951478
0.951479
0.951479
0.951479
0.951479
0.951479
0.951479
0.951479
0.951479
0.951479
0.951479
0.951479
0.951479
0.951479
0.951479
0.951479
0.951479
0.951479
0.951479
0.951479
0.951479
0.951479
0.951479
0.951479
0.951479
0.951479
0.951479
0.951479
0.951479
0.951479
0.95148
0.95148
0.95148
0.95148
0.95148
0.95148
0.95148
0.95148
0.95148
0.95148
0.95148
0.95148
0.95148
0.95148
0.95148
0.95148
0.95148
0.95148
0.95148
0.95148
0.95148
0.95148
0.95148
0.95148
0.95148
0.95148
0.95148
0.95148
0.95148
0.95148
0.951481
0.951481
0.951481
0.951481
0.951481
0.951481
0.951481
0.951481
0.951481
0.951481
0.951481
0.951481
0.951481
0.951481
0.951481
0.951481
0.951481
0.951481
0.951481
0.951481
0.951481
0.951481
0.951481
0.951481
0.951481
0.951481
0.951481
0.951481
0.951481
0.951481
0.951481
0.951481
0.951482
0.951482
0.951482
0.951482
0.951482
0.951482
0.951482
0.951482
0.951482
0.951482
0.951482
0.951482
0.951482
0.951482
0.951482
0.951482
0.951482
0.951482
0.951482
0.951482
0.951482
0.951482
0.951482
0.951482
0.951482
0.951482
0.951482
0.951482
0.951482
0.951482
0.951482
0.951482
0.951483
0.951483
0.951483
0.951483
0.951483
0.951483
0.951483
0.951483
0.951483
0.951483
0.951483
0.951483
0.951483
0.951483
0.951483
0.951483
0.951483
0.951483
0.951483
0.951483
0.951483
0.951483
0.951483
0.951483
0.951483
0.951483
0.951483
0.951483
0.951483
0.951483
0.951483
0.951483
0.951483
0.951483
0.951484
0.951484
0.951484
0.951484
0.951484
0.951484
0.951484
0.951484
0.951484
0.951484
0.951484
0.951484
0.951484
0.951484
0.951484
0.951484
0.951484
0.951484
0.951484
0.951484
0.951484
0.951484
0.951484
0.951484
0.951484
0.951484
0.951484
0.951484
0.951484
0.951484
0.951484
0.951484
0.951484
0.951484
0.951484
0.951485
0.951485
0.951485
0.951485
0.951485
0.951485
0.951485
0.951485
0.951485
0.951485
0.951485
0.951485
0.951485
0.951485
0.951485
0.951485
0.951485
0.951485
0.951485
0.951485
0.951485
0.951485
0.951485
0.951485
0.951485
0.951485
0.951485
0.951485
0.951485
0.951485
0.951485
0.951485
0.951485
0.951485
0.951485
0.951485
0.951486
0.951486
0.951486
0.951486
0.951486
0.951486
0.951486
0.951486
0.951486
0.951486
0.951486
0.951486
0.951486
0.951486
0.951486
0.951486
0.951486
0.951486
0.951486
0.951486
0.951486
0.951486
0.951486
0.951486
0.951486
0.951486
0.951486
0.951486
0.951486
0.951486
0.951486
0.951486
0.951486
0.951486
0.951486
0.951486
0.951486
0.951486
0.951487
0.951487
0.951487
0.951487
0.951487
0.951487
0.951487
0.951487
0.951487
0.951487
0.951487
0.951487
0.951487
0.951487
0.951487
0.951487
0.951487
0.951487
0.951487
0.951487
0.951487
0.951487
0.951487
0.951487
0.951487
0.951487
0.951487
0.951487
0.951487
0.951487
0.951487
0.951487
0.951487
0.951487
0.951487
0.951487
0.951487
0.951487
0.951487
0.951487
0.951488
0.951488
0.951488
0.951488
0.951488
0.951488
0.951488
0.951488
0.951488
0.951488
0.951488
0.951488
0.951488
0.951488
0.951488
0.951488
0.951488
0.951488
0.951488
0.951488
0.951488
0.951488
0.951488
0.951488
0.951488
0.951488
0.951488
0.951488
0.951488
0.951488
0.951488
0.951488
0.951488
0.951488
0.951488
0.951488
0.951488
0.951488
0.951488
0.951488
0.951488
0.951489
0.951489
0.951489
0.951489
0.951489
0.951489
0.951489
0.951489
0.951489
0.951489
0.951489
0.951489
0.951489
0.951489
0.951489
0.951489
0.951489
0.951489
0.951489
0.951489
0.951489
0.951489
0.951489
0.951489
0.951489
0.951489
0.951489
0.951489
0.951489
0.951489
0.951489
0.951489
0.951489
0.951489
0.951489
0.951489
0.951489
0.951489
0.951489
0.951489
0.951489
0.951489
0.951489
0.95149
0.95149
0.95149
0.95149
0.95149
0.95149
0.95149
0.95149
0.95149
0.95149
0.95149
0.95149
0.95149
0.95149
0.95149
0.95149
0.95149
0.95149
0.95149
0.95149
0.95149
0.95149
0.95149
0.95149
0.95149
0.95149
0.95149
0.95149
0.95149
0.95149
0.95149
0.95149
0.95149
0.95149
0.95149
0.95149
0.95149
0.95149
0.95149
0.95149
0.95149
0.95149
0.95149
0.95149
0.95149
0.951491
0.951491
0.951491
0.951491
0.951491
0.951491
0.951491
0.951491
0.951491
0.951491
0.951491
0.951491
0.951491
0.951491
0.951491
0.951491
0.951491
0.951491
0.951491
0.951491
0.951491
0.951491
0.951491
0.951491
0.951491
0.951491
0.951491
0.951491
0.951491
0.951491
0.951491
0.951491
0.951491
0.951491
0.951491
0.951491
0.951491
0.951491
0.951491
0.951491
0.951491
0.951491
0.951491
0.951491
0.951491
0.951491
0.951491
0.951492
0.951492
0.951492
0.951492
0.951492
0.951492
0.951492
0.951492
0.951492
0.951492
0.951492
0.951492
0.951492
0.951492
0.951492
0.951492
0.951492
0.951492
0.951492
0.951492
0.951492
0.951492
0.951492
0.951492
0.951492
0.951492
0.951492
0.951492
0.951492
0.951492
0.951492
0.951492
0.951492
0.951492
0.951492
0.951492
0.951492
0.951492
0.951492
0.951492
0.951492
0.951492
0.951492
0.951492
0.951492
0.951492
0.951492
0.951492
0.951492
0.951492
0.951493
0.951493
0.951493
0.951493
0.951493
0.951493
0.951493
0.951493
0.951493
0.951493
0.951493
0.951493
0.951493
0.951493
0.951493
0.951493
0.951493
0.951493
0.951493
0.951493
0.951493
0.951493
0.951493
0.951493
0.951493
0.951493
0.951493
0.951493
0.951493
0.951493
0.951493
0.951493
0.951493
0.951493
0.951493
0.951493
0.951493
0.951493
0.951493
0.951493
0.951493
0.951493
0.951493
0.951493
0.951493
0.951493
0.951493
0.951493
0.951493
0.951493
0.951493
0.951493
0.951494
0.951494
0.951494
0.951494
0.951494
0.951494
0.951494
0.951494
0.951494
0.951494
0.951494
0.951494
0.951494
0.951494
0.951494
0.951494
0.951494
0.951494
0.951494
0.951494
0.951494
0.951494
0.951494
0.951494
0.951494
0.951494
0.951494
0.951494
0.951494
0.951494
0.951494
0.951494
0.951494
0.951494
0.951494
0.951494
0.951494
0.951494
0.951494
0.951494
0.951494
0.951494
0.951494
0.951494
0.951494
0.951494
0.951494
0.951494
0.951494
0.951494
0.951494
0.951494
0.951494
0.951494
0.951494
0.951494
0.951495
0.951495
0.951495
0.951495
0.951495
0.951495
0.951495
0.951495
0.951495
0.951495
0.951495
0.951495
0.951495
0.951495
0.951495
0.951495
0.951495
0.951495
0.951495
0.951495
0.951495
0.951495
0.951495
0.951495
0.951495
0.951495
0.951495
0.951495
0.951495
0.951495
0.951495
0.951495
0.951495
0.951495
0.951495
0.951495
0.951495
0.951495
0.951495
0.951495
0.951495
0.951495
0.951495
0.951495
0.951495
0.951495
0.951495
0.951495
0.951495
0.951495
0.951495
0.951495
0.951495
0.951495
0.951495
0.951495
0.951495
0.951495
0.951496
0.951496
0.951496
0.951496
0.951496
0.951496
0.951496
0.951496
0.951496
0.951496
0.951496
0.951496
0.951496
0.951496
0.951496
0.951496
0.951496
0.951496
0.951496
0.951496
0.951496
0.951496
0.951496
0.951496
0.951496
0.951496
0.951496
0.951496
0.951496
0.951496
0.951496
0.951496
0.951496
0.951496
0.951496
0.951496
0.951496
0.951496
0.951496
0.951496
0.951496
0.951496
0.951496
0.951496
0.951496
0.951496
0.951496
0.951496
0.951496
0.951496
0.951496
0.951496
0.951496
0.951496
0.951496
0.951496
0.951496
0.951496
0.951496
0.951496
0.951496
0.951496
0.951496
0.951497
0.951497
0.951497
0.951497
0.951497
0.951497
0.951497
0.951497
0.951497
0.951497
0.951497
0.951497
0.951497
0.951497
0.951497
0.951497
0.951497
0.951497
0.951497
0.951497
0.951497
0.951497
0.951497
0.951497
0.951497
0.951497
0.951497
0.951497
0.951497
0.951497
0.951497
0.951497
0.951497
0.951497
0.951497
0.951497
0.951497
0.951497
0.951497
0.951497
0.951497
0.951497
0.951497
0.951497
0.951497
0.951497
0.951497
0.951497
0.951497
0.951497
0.951497
0.951497
0.951497
0.951497
0.951497
0.951497
0.951497
0.951497
0.951497
0.951497
0.951497
0.951497
0.951497
0.951497
0.951497
0.951497
0.951497
0.951498
0.951498
0.951498
0.951498
0.951498
0.951498
0.951498
0.951498
0.951498
0.951498
0.951498
0.951498
0.951498
0.951498
0.951498
0.951498
0.951498
0.951498
0.951498
0.951498
0.951498
0.951498
0.951498
0.951498
0.951498
0.951498
0.951498
0.951498
0.951498
0.951498
0.951498
0.951498
0.951498
0.951498
0.951498
0.951498
0.951498
0.951498
0.951498
0.951498
0.951498
0.951498
0.951498
0.951498
0.951498
0.951498
0.951498
0.951498
0.951498
0.951498
0.951498
0.951498
0.951498
0.951498
0.951498
0.951498
0.951498
0.951498
0.951498
0.951498
0.951498
0.951498
0.951498
0.951498
0.951498
0.951498
0.951498
0.951498
0.951498
0.951498
0.951498
0.951499
0.951499
0.951499
0.951499
0.951499
0.951499
0.951499
0.951499
0.951499
0.951499
0.951499
0.951499
0.951499
0.951499
0.951499
0.951499
0.951499
0.951499
0.951499
0.951499
0.951499
0.951499
0.951499
0.951499
0.951499
0.951499
0.951499
0.951499
0.951499
0.951499
0.951499
0.951499
0.951499
0.951499
0.951499
0.951499
0.951499
0.951499
0.951499
0.951499
0.951499
0.951499
0.951499
0.951499
0.951499
0.951499
0.951499
0.951499
0.951499
0.951499
