1e-06
0.00404048
0.00826991
0.0124096
0.0163515
0.0200628
0.0235443
0.026811
0.0298832
0.0327819
0.0355273
0.0381374
0.0406285
0.0430148
0.0453088
0.0475213
0.0496617
0.0517383
0.0537581
0.0557273
0.0576515
0.0595352
0.0613825
0.0631971
0.064982
0.0667401
0.0684738
0.070185
0.0718758
0.0735477
0.0752022
0.0768405
0.0784639
0.0800732
0.0816694
0.0832533
0.0848255
0.0863868
0.0879376
0.0894786
0.0910101
0.0925325
0.0940463
0.0955518
0.0970493
0.098539
0.100021
0.101496
0.102965
0.104426
0.105881
0.107329
0.108771
0.110207
0.111637
0.113061
0.114479
0.115892
0.117299
0.118701
0.120097
0.121489
0.122875
0.124257
0.125633
0.127004
0.128371
0.129733
0.131091
0.132444
0.133792
0.135136
0.136475
0.137811
0.139141
0.140468
0.141791
0.143109
0.144423
0.145734
0.14704
0.148342
0.149641
0.150935
0.152226
0.153513
0.154796
0.156075
0.157351
0.158623
0.159892
0.161156
0.162418
0.163676
0.16493
0.166181
0.167428
0.168672
0.169913
0.17115
0.172384
0.173614
0.174841
0.176065
0.177286
0.178503
0.179718
0.180929
0.182137
0.183341
0.184543
0.185742
0.186937
0.188129
0.189319
0.190505
0.191688
0.192868
0.194046
0.19522
0.196391
0.19756
0.198725
0.199888
0.201047
0.202204
0.203358
0.204509
0.205657
0.206803
0.207945
0.209085
0.210222
0.211356
0.212488
0.213616
0.214742
0.215865
0.216986
0.218104
0.219219
0.220331
0.221441
0.222548
0.223652
0.224754
0.225853
0.226949
0.228043
0.229134
0.230223
0.231309
0.232393
0.233474
0.234552
0.235628
0.236701
0.237772
0.23884
0.239906
0.240969
0.24203
0.243088
0.244143
0.245197
0.246247
0.247296
0.248342
0.249385
0.250426
0.251464
0.252501
0.253534
0.254566
0.255594
0.256621
0.257645
0.258667
0.259686
0.260703
0.261718
0.26273
0.26374
0.264748
0.265753
0.266756
0.267756
0.268755
0.269751
0.270744
0.271736
0.272725
0.273712
0.274696
0.275679
0.276659
0.277636
0.278612
0.279585
0.280556
0.281525
0.282492
0.283456
0.284418
0.285378
0.286336
0.287292
0.288245
0.289196
0.290145
0.291092
0.292037
0.292979
0.293919
0.294858
0.295794
0.296728
0.297659
0.298589
0.299516
0.300442
0.301365
0.302286
0.303205
0.304122
0.305037
0.30595
0.306861
0.307769
0.308676
0.30958
0.310483
0.311383
0.312281
0.313177
0.314072
0.314964
0.315854
0.316742
0.317628
0.318512
0.319394
0.320274
0.321152
0.322028
0.322902
0.323774
0.324644
0.325513
0.326379
0.327243
0.328105
0.328965
0.329823
0.33068
0.331534
0.332386
0.333237
0.334085
0.334932
0.335777
0.336619
0.33746
0.338299
0.339136
0.339971
0.340804
0.341636
0.342465
0.343293
0.344118
0.344942
0.345764
0.346584
0.347402
0.348219
0.349033
0.349846
0.350656
0.351465
0.352272
0.353078
0.353881
0.354683
0.355483
0.35628
0.357077
0.357871
0.358664
0.359454
0.360243
0.36103
0.361816
0.362599
0.363381
0.364161
0.364939
0.365716
0.366491
0.367264
0.368035
0.368804
0.369572
0.370338
0.371102
0.371865
0.372625
0.373384
0.374142
0.374897
0.375651
0.376403
0.377154
0.377903
0.37865
0.379395
0.380139
0.380881
0.381621
0.38236
0.383097
0.383832
0.384565
0.385297
0.386028
0.386756
0.387483
0.388209
0.388932
0.389654
0.390375
0.391093
0.391811
0.392526
0.39324
0.393952
0.394663
0.395372
0.396079
0.396785
0.397489
0.398192
0.398893
0.399592
0.40029
0.400986
0.401681
0.402374
0.403066
0.403756
0.404444
0.405131
0.405816
0.4065
0.407182
0.407863
0.408542
0.409219
0.409895
0.41057
0.411243
0.411914
0.412584
0.413252
0.413919
0.414584
0.415248
0.415911
0.416571
0.417231
0.417889
0.418545
0.4192
0.419853
0.420505
0.421155
0.421804
0.422452
0.423098
0.423742
0.424385
0.425027
0.425667
0.426306
0.426943
0.427579
0.428213
0.428846
0.429477
0.430107
0.430736
0.431363
0.431989
0.432613
0.433236
0.433858
0.434478
0.435096
0.435714
0.436329
0.436944
0.437557
0.438169
0.438779
0.439388
0.439996
0.440602
0.441206
0.44181
0.442412
0.443013
0.443612
0.44421
0.444806
0.445402
0.445996
0.446588
0.447179
0.447769
0.448358
0.448945
0.449531
0.450115
0.450699
0.45128
0.451861
0.45244
0.453018
0.453595
0.45417
0.454744
0.455317
0.455888
0.456458
0.457027
0.457595
0.458161
0.458726
0.459289
0.459852
0.460413
0.460973
0.461531
0.462089
0.462645
0.463199
0.463753
0.464305
0.464856
0.465406
0.465954
0.466502
0.467048
0.467592
0.468136
0.468678
0.469219
0.469759
0.470298
0.470835
0.471371
0.471906
0.47244
0.472973
0.473504
0.474034
0.474563
0.475091
0.475617
0.476143
0.476667
0.47719
0.477711
0.478232
0.478751
0.47927
0.479787
0.480303
0.480817
0.481331
0.481843
0.482354
0.482864
0.483373
0.483881
0.484388
0.484893
0.485397
0.4859
0.486402
0.486903
0.487403
0.487902
0.488399
0.488895
0.489391
0.489885
0.490378
0.490869
0.49136
0.49185
0.492338
0.492826
0.493312
0.493797
0.494281
0.494764
0.495246
0.495727
0.496206
0.496685
0.497163
0.497639
0.498114
0.498589
0.499062
0.499534
0.500005
0.500475
0.500944
0.501412
0.501879
0.502344
0.502809
0.503273
0.503735
0.504197
0.504657
0.505117
0.505575
0.506032
0.506489
0.506944
0.507398
0.507851
0.508304
0.508755
0.509205
0.509654
0.510102
0.510549
0.510995
0.51144
0.511884
0.512327
0.512769
0.51321
0.51365
0.514089
0.514527
0.514964
0.5154
0.515835
0.516269
0.516703
0.517135
0.517566
0.517996
0.518425
0.518853
0.51928
0.519707
0.520132
0.520556
0.52098
0.521402
0.521823
0.522244
0.522663
0.523082
0.5235
0.523916
0.524332
0.524747
0.525161
0.525573
0.525985
0.526396
0.526806
0.527216
0.527624
0.528031
0.528438
0.528843
0.529248
0.529651
0.530054
0.530456
0.530857
0.531256
0.531656
0.532054
0.532451
0.532847
0.533243
0.533637
0.534031
0.534424
0.534816
0.535207
0.535597
0.535986
0.536374
0.536762
0.537148
0.537534
0.537919
0.538303
0.538686
0.539068
0.539449
0.53983
0.540209
0.540588
0.540966
0.541343
0.541719
0.542094
0.542469
0.542842
0.543215
0.543587
0.543958
0.544328
0.544698
0.545066
0.545434
0.545801
0.546167
0.546532
0.546897
0.54726
0.547623
0.547985
0.548346
0.548706
0.549066
0.549424
0.549782
0.550139
0.550495
0.550851
0.551205
0.551559
0.551912
0.552264
0.552616
0.552966
0.553316
0.553665
0.554013
0.55436
0.554707
0.555053
0.555398
0.555742
0.556086
0.556428
0.55677
0.557111
0.557452
0.557791
0.55813
0.558468
0.558806
0.559142
0.559478
0.559813
0.560147
0.560481
0.560813
0.561145
0.561477
0.561807
0.562137
0.562466
0.562794
0.563121
0.563448
0.563774
0.564099
0.564424
0.564748
0.565071
0.565393
0.565715
0.566035
0.566356
0.566675
0.566994
0.567312
0.567629
0.567945
0.568261
0.568576
0.568891
0.569204
0.569517
0.569829
0.570141
0.570452
0.570762
0.571071
0.57138
0.571688
0.571995
0.572302
0.572608
0.572913
0.573217
0.573521
0.573824
0.574127
0.574428
0.574729
0.57503
0.57533
0.575629
0.575927
0.576225
0.576522
0.576818
0.577114
0.577409
0.577703
0.577996
0.578289
0.578582
0.578873
0.579164
0.579455
0.579744
0.580033
0.580322
0.580609
0.580896
0.581183
0.581469
0.581754
0.582038
0.582322
0.582605
0.582888
0.583169
0.583451
0.583731
0.584011
0.584291
0.584569
0.584847
0.585125
0.585401
0.585678
0.585953
0.586228
0.586502
0.586776
0.587049
0.587321
0.587593
0.587864
0.588135
0.588405
0.588674
0.588943
0.589211
0.589479
0.589746
0.590012
0.590278
0.590543
0.590807
0.591071
0.591334
0.591597
0.591859
0.592121
0.592382
0.592642
0.592902
0.593161
0.593419
0.593677
0.593935
0.594191
0.594448
0.594703
0.594958
0.595213
0.595467
0.59572
0.595973
0.596225
0.596477
0.596728
0.596978
0.597228
0.597477
0.597726
0.597974
0.598222
0.598469
0.598715
0.598961
0.599207
0.599452
0.599696
0.59994
0.600183
0.600425
0.600667
0.600909
0.60115
0.60139
0.60163
0.601869
0.602108
0.602346
0.602584
0.602821
0.603058
0.603294
0.60353
0.603765
0.603999
0.604233
0.604466
0.604699
0.604932
0.605164
0.605395
0.605626
0.605856
0.606086
0.606315
0.606544
0.606772
0.606999
0.607227
0.607453
0.607679
0.607905
0.60813
0.608354
0.608579
0.608802
0.609025
0.609248
0.60947
0.609691
0.609912
0.610133
0.610353
0.610572
0.610791
0.61101
0.611228
0.611446
0.611663
0.611879
0.612095
0.612311
0.612526
0.61274
0.612955
0.613168
0.613381
0.613594
0.613806
0.614018
0.614229
0.61444
0.61465
0.61486
0.615069
0.615278
0.615486
0.615694
0.615902
0.616108
0.616315
0.616521
0.616726
0.616932
0.617136
0.61734
0.617544
0.617747
0.61795
0.618152
0.618354
0.618555
0.618756
0.618957
0.619157
0.619356
0.619555
0.619754
0.619952
0.62015
0.620347
0.620544
0.62074
0.620936
0.621132
0.621327
0.621522
0.621716
0.62191
0.622103
0.622296
0.622488
0.62268
0.622872
0.623063
0.623253
0.623444
0.623633
0.623823
0.624012
0.6242
0.624388
0.624576
0.624763
0.62495
0.625137
0.625323
0.625508
0.625693
0.625878
0.626062
0.626246
0.62643
0.626613
0.626795
0.626977
0.627159
0.627341
0.627522
0.627702
0.627882
0.628062
0.628241
0.62842
0.628599
0.628777
0.628955
0.629132
0.629309
0.629485
0.629661
0.629837
0.630012
0.630187
0.630362
0.630536
0.63071
0.630883
0.631056
0.631228
0.631401
0.631572
0.631744
0.631915
0.632085
0.632255
0.632425
0.632595
0.632764
0.632932
0.633101
0.633269
0.633436
0.633603
0.63377
0.633936
0.634102
0.634268
0.634433
0.634598
0.634763
0.634927
0.63509
0.635254
0.635417
0.635579
0.635742
0.635904
0.636065
0.636226
0.636387
0.636548
0.636708
0.636867
0.637027
0.637186
0.637344
0.637503
0.637661
0.637818
0.637975
0.638132
0.638289
0.638445
0.6386
0.638756
0.638911
0.639066
0.63922
0.639374
0.639528
0.639681
0.639834
0.639987
0.640139
0.640291
0.640442
0.640594
0.640744
0.640895
0.641045
0.641195
0.641345
0.641494
0.641643
0.641791
0.641939
0.642087
0.642235
0.642382
0.642529
0.642675
0.642821
0.642967
0.643113
0.643258
0.643403
0.643547
0.643691
0.643835
0.643979
0.644122
0.644265
0.644407
0.64455
0.644691
0.644833
0.644974
0.645115
0.645256
0.645396
0.645536
0.645676
0.645815
0.645954
0.646093
0.646231
0.646369
0.646507
0.646645
0.646782
0.646919
0.647055
0.647191
0.647327
0.647463
0.647598
0.647733
0.647868
0.648002
0.648136
0.64827
0.648404
0.648537
0.64867
0.648802
0.648934
0.649066
0.649198
0.649329
0.64946
0.649591
0.649722
0.649852
0.649982
0.650111
0.650241
0.65037
0.650498
0.650627
0.650755
0.650883
0.65101
0.651137
0.651264
0.651391
0.651517
0.651644
0.651769
0.651895
0.65202
0.652145
0.65227
0.652394
0.652518
0.652642
0.652766
0.652889
0.653012
0.653134
0.653257
0.653379
0.653501
0.653623
0.653744
0.653865
0.653986
0.654106
0.654226
0.654346
0.654466
0.654585
0.654704
0.654823
0.654942
0.65506
0.655178
0.655296
0.655414
0.655531
0.655648
0.655765
0.655881
0.655997
0.656113
0.656229
0.656344
0.656459
0.656574
0.656689
0.656803
0.656917
0.657031
0.657145
0.657258
0.657371
0.657484
0.657596
0.657709
0.657821
0.657933
0.658044
0.658155
0.658266
0.658377
0.658488
0.658598
0.658708
0.658818
0.658927
0.659037
0.659146
0.659254
0.659363
0.659471
0.659579
0.659687
0.659795
0.659902
0.660009
0.660116
0.660222
0.660329
0.660435
0.660541
0.660646
0.660752
0.660857
0.660962
0.661066
0.661171
0.661275
0.661379
0.661483
0.661586
0.661689
0.661792
0.661895
0.661998
0.6621
0.662202
0.662304
0.662405
0.662507
0.662608
0.662709
0.66281
0.66291
0.66301
0.66311
0.66321
0.66331
0.663409
0.663508
0.663607
0.663706
0.663804
0.663902
0.664
0.664098
0.664196
0.664293
0.66439
0.664487
0.664583
0.66468
0.664776
0.664872
0.664968
0.665063
0.665159
0.665254
0.665349
0.665444
0.665538
0.665632
0.665726
0.66582
0.665914
0.666007
0.6661
0.666193
0.666286
0.666379
0.666471
0.666563
0.666655
0.666747
0.666839
0.66693
0.667021
0.667112
0.667203
0.667293
0.667383
0.667473
0.667563
0.667653
0.667742
0.667832
0.667921
0.66801
0.668098
0.668187
0.668275
0.668363
0.668451
0.668539
0.668626
0.668713
0.6688
0.668887
0.668974
0.66906
0.669147
0.669233
0.669319
0.669404
0.66949
0.669575
0.66966
0.669745
0.66983
0.669914
0.669999
0.670083
0.670167
0.670251
0.670334
0.670418
0.670501
0.670584
0.670667
0.670749
0.670832
0.670914
0.670996
0.671078
0.67116
0.671241
0.671322
0.671404
0.671485
0.671565
0.671646
0.671726
0.671807
0.671887
0.671966
0.672046
0.672126
0.672205
0.672284
0.672363
0.672442
0.67252
0.672599
0.672677
0.672755
0.672833
0.672911
0.672988
0.673066
0.673143
0.67322
0.673297
0.673373
0.67345
0.673526
0.673602
0.673678
0.673754
0.67383
0.673905
0.67398
0.674055
0.67413
0.674205
0.67428
0.674354
0.674428
0.674503
0.674576
0.67465
0.674724
0.674797
0.674871
0.674944
0.675017
0.675089
0.675162
0.675234
0.675307
0.675379
0.675451
0.675522
0.675594
0.675665
0.675737
0.675808
0.675879
0.67595
0.67602
0.676091
0.676161
0.676231
0.676301
0.676371
0.676441
0.67651
0.67658
0.676649
0.676718
0.676787
0.676856
0.676924
0.676993
0.677061
0.677129
0.677197
0.677265
0.677332
0.6774
0.677467
0.677534
0.677601
0.677668
0.677735
0.677802
0.677868
0.677934
0.678001
0.678066
0.678132
0.678198
0.678264
0.678329
0.678394
0.678459
0.678524
0.678589
0.678654
0.678718
0.678783
0.678847
0.678911
0.678975
0.679038
0.679102
0.679166
0.679229
0.679292
0.679355
0.679418
0.679481
0.679543
0.679606
0.679668
0.679731
0.679793
0.679854
0.679916
0.679978
0.680039
0.680101
0.680162
0.680223
0.680284
0.680345
0.680405
0.680466
0.680526
0.680587
0.680647
0.680707
0.680767
0.680826
0.680886
0.680945
0.681005
0.681064
0.681123
0.681182
0.68124
0.681299
0.681358
0.681416
0.681474
0.681532
0.68159
0.681648
0.681706
0.681763
0.681821
0.681878
0.681935
0.681992
0.682049
0.682106
0.682163
0.682219
0.682276
0.682332
0.682388
0.682444
0.6825
0.682556
0.682611
0.682667
0.682722
0.682778
0.682833
0.682888
0.682943
0.682997
0.683052
0.683107
0.683161
0.683215
0.683269
0.683323
0.683377
0.683431
0.683485
0.683538
0.683592
0.683645
0.683698
0.683751
0.683804
0.683857
0.68391
0.683962
0.684015
0.684067
0.684119
0.684171
0.684223
0.684275
0.684327
0.684379
0.68443
0.684482
0.684533
0.684584
0.684635
0.684686
0.684737
0.684787
0.684838
0.684888
0.684939
0.684989
0.685039
0.685089
0.685139
0.685189
0.685239
0.685288
0.685338
0.685387
0.685436
0.685485
0.685534
0.685583
0.685632
0.685681
0.685729
0.685778
0.685826
0.685874
0.685922
0.68597
0.686018
0.686066
0.686114
0.686161
0.686209
0.686256
0.686303
0.68635
0.686397
0.686444
0.686491
0.686538
0.686584
0.686631
0.686677
0.686724
0.68677
0.686816
0.686862
0.686908
0.686954
0.686999
0.687045
0.68709
0.687136
0.687181
0.687226
0.687271
0.687316
0.687361
0.687406
0.68745
0.687495
0.687539
0.687584
0.687628
0.687672
0.687716
0.68776
0.687804
0.687847
0.687891
0.687935
0.687978
0.688021
0.688065
0.688108
0.688151
0.688194
0.688237
0.688279
0.688322
0.688365
0.688407
0.688449
0.688492
0.688534
0.688576
0.688618
0.68866
0.688702
0.688743
0.688785
0.688826
0.688868
0.688909
0.68895
0.688992
0.689033
0.689073
0.689114
0.689155
0.689196
0.689236
0.689277
0.689317
0.689358
0.689398
0.689438
0.689478
0.689518
0.689558
0.689597
0.689637
0.689677
0.689716
0.689756
0.689795
0.689834
0.689873
0.689912
0.689951
0.68999
0.690029
0.690068
0.690106
0.690145
0.690183
0.690221
0.69026
0.690298
0.690336
0.690374
0.690412
0.69045
0.690487
0.690525
0.690562
0.6906
0.690637
0.690675
0.690712
0.690749
0.690786
0.690823
0.69086
0.690897
0.690933
0.69097
0.691007
0.691043
0.691079
0.691116
0.691152
0.691188
0.691224
0.69126
0.691296
0.691332
0.691368
0.691403
0.691439
0.691474
0.69151
0.691545
0.69158
0.691615
0.691651
0.691686
0.69172
0.691755
0.69179
0.691825
0.691859
0.691894
0.691928
0.691963
0.691997
0.692031
0.692065
0.692099
0.692133
0.692167
0.692201
0.692235
0.692269
0.692302
0.692336
0.692369
0.692403
0.692436
0.692469
0.692502
0.692535
0.692568
0.692601
0.692634
0.692667
0.6927
0.692732
0.692765
0.692797
0.69283
0.692862
0.692894
0.692926
0.692958
0.69299
0.693022
0.693054
0.693086
0.693118
0.69315
0.693181
0.693213
0.693244
0.693276
0.693307
0.693338
0.693369
0.6934
0.693431
0.693462
0.693493
0.693524
0.693555
0.693586
0.693616
0.693647
0.693677
0.693708
0.693738
0.693768
0.693798
0.693829
0.693859
0.693889
0.693919
0.693948
0.693978
0.694008
0.694038
0.694067
0.694097
0.694126
0.694155
0.694185
0.694214
0.694243
0.694272
0.694301
0.69433
0.694359
0.694388
0.694417
0.694446
0.694474
0.694503
0.694532
0.69456
0.694588
0.694617
0.694645
0.694673
0.694701
0.694729
0.694757
0.694785
0.694813
0.694841
0.694869
0.694897
0.694924
0.694952
0.694979
0.695007
0.695034
0.695061
0.695089
0.695116
0.695143
0.69517
0.695197
0.695224
0.695251
0.695278
0.695305
0.695331
0.695358
0.695385
0.695411
0.695438
0.695464
0.69549
0.695517
0.695543
0.695569
0.695595
0.695621
0.695647
0.695673
0.695699
0.695725
0.695751
0.695776
0.695802
0.695828
0.695853
0.695879
0.695904
0.695929
0.695955
0.69598
0.696005
0.69603
0.696055
0.69608
0.696105
0.69613
0.696155
0.69618
0.696204
0.696229
0.696254
0.696278
0.696303
0.696327
0.696352
0.696376
0.6964
0.696424
0.696449
0.696473
0.696497
0.696521
0.696545
0.696569
0.696592
0.696616
0.69664
0.696664
0.696687
0.696711
0.696734
0.696758
0.696781
0.696805
0.696828
0.696851
0.696874
0.696898
0.696921
0.696944
0.696967
0.69699
0.697013
0.697035
0.697058
0.697081
0.697104
0.697126
0.697149
0.697171
0.697194
0.697216
0.697239
0.697261
0.697283
0.697305
0.697328
0.69735
0.697372
0.697394
0.697416
0.697438
0.69746
0.697481
0.697503
0.697525
0.697547
0.697568
0.69759
0.697611
0.697633
0.697654
0.697676
0.697697
0.697718
0.697739
0.697761
0.697782
0.697803
0.697824
0.697845
0.697866
0.697887
0.697908
0.697928
0.697949
0.69797
0.69799
0.698011
0.698032
0.698052
0.698073
0.698093
0.698113
0.698134
0.698154
0.698174
0.698195
0.698215
0.698235
0.698255
0.698275
0.698295
0.698315
0.698335
0.698355
0.698374
0.698394
0.698414
0.698433
0.698453
0.698473
0.698492
0.698512
0.698531
0.69855
0.69857
0.698589
0.698608
0.698628
0.698647
0.698666
0.698685
0.698704
0.698723
0.698742
0.698761
0.69878
0.698799
0.698817
0.698836
0.698855
0.698873
0.698892
0.698911
0.698929
0.698948
0.698966
0.698984
0.699003
0.699021
0.699039
0.699058
0.699076
0.699094
0.699112
0.69913
0.699148
0.699166
0.699184
0.699202
0.69922
0.699238
0.699256
0.699273
0.699291
0.699309
0.699326
0.699344
0.699361
0.699379
0.699396
0.699414
0.699431
0.699449
0.699466
0.699483
0.6995
0.699518
0.699535
0.699552
0.699569
0.699586
0.699603
0.69962
0.699637
0.699654
0.699671
0.699687
0.699704
0.699721
0.699738
0.699754
0.699771
0.699787
0.699804
0.69982
0.699837
0.699853
0.69987
0.699886
0.699902
0.699919
0.699935
0.699951
0.699967
0.699983
0.699999
0.700016
0.700032
0.700048
0.700064
0.700079
0.700095
0.700111
0.700127
0.700143
0.700158
0.700174
0.70019
0.700205
0.700221
0.700237
0.700252
0.700268
0.700283
0.700298
0.700314
0.700329
0.700344
0.70036
0.700375
0.70039
0.700405
0.700421
0.700436
0.700451
0.700466
0.700481
0.700496
0.700511
0.700526
0.70054
0.700555
0.70057
0.700585
0.7006
0.700614
0.700629
0.700643
0.700658
0.700673
0.700687
0.700702
0.700716
0.700731
0.700745
0.700759
0.700774
0.700788
0.700802
0.700816
0.700831
0.700845
0.700859
0.700873
0.700887
0.700901
0.700915
0.700929
0.700943
0.700957
0.700971
0.700985
0.700999
0.701012
0.701026
0.70104
0.701054
0.701067
0.701081
0.701095
0.701108
0.701122
0.701135
0.701149
0.701162
0.701176
0.701189
0.701202
0.701216
0.701229
0.701242
0.701255
0.701269
0.701282
0.701295
0.701308
0.701321
0.701334
0.701347
0.70136
0.701373
0.701386
0.701399
0.701412
0.701425
0.701438
0.70145
0.701463
0.701476
0.701489
0.701501
0.701514
0.701527
0.701539
0.701552
0.701564
0.701577
0.701589
0.701602
0.701614
0.701627
0.701639
0.701651
0.701664
0.701676
0.701688
0.7017
0.701713
0.701725
0.701737
0.701749
0.701761
0.701773
0.701785
0.701797
0.701809
0.701821
0.701833
0.701845
0.701857
0.701869
0.70188
0.701892
0.701904
0.701916
0.701927
0.701939
0.701951
0.701962
0.701974
0.701986
0.701997
0.702009
0.70202
0.702032
0.702043
0.702054
0.702066
0.702077
0.702089
0.7021
0.702111
0.702122
0.702134
0.702145
0.702156
0.702167
0.702178
0.70219
0.702201
0.702212
0.702223
0.702234
0.702245
0.702256
0.702267
0.702278
0.702288
0.702299
0.70231
0.702321
0.702332
0.702343
0.702353
0.702364
0.702375
0.702385
0.702396
0.702407
0.702417
0.702428
0.702438
0.702449
0.702459
0.70247
0.70248
0.702491
0.702501
0.702511
0.702522
0.702532
0.702542
0.702553
0.702563
0.702573
0.702584
0.702594
0.702604
0.702614
0.702624
0.702634
0.702644
0.702654
0.702664
0.702674
0.702684
0.702694
0.702704
0.702714
0.702724
0.702734
0.702744
0.702754
0.702764
0.702773
0.702783
0.702793
0.702803
0.702812
0.702822
0.702832
0.702841
0.702851
0.70286
0.70287
0.702879
0.702889
0.702899
0.702908
0.702917
0.702927
0.702936
0.702946
0.702955
0.702964
0.702974
0.702983
0.702992
0.703002
0.703011
0.70302
0.703029
0.703038
0.703048
0.703057
0.703066
0.703075
0.703084
0.703093
0.703102
0.703111
0.70312
0.703129
0.703138
0.703147
0.703156
0.703165
0.703174
0.703183
0.703191
0.7032
0.703209
0.703218
0.703227
0.703235
0.703244
0.703253
0.703261
0.70327
0.703279
0.703287
0.703296
0.703305
0.703313
0.703322
0.70333
0.703339
0.703347
0.703356
0.703364
0.703372
0.703381
0.703389
0.703398
0.703406
0.703414
0.703423
0.703431
0.703439
0.703447
0.703456
0.703464
0.703472
0.70348
0.703488
0.703497
0.703505
0.703513
0.703521
0.703529
0.703537
0.703545
0.703553
0.703561
0.703569
0.703577
0.703585
0.703593
0.703601
0.703609
0.703616
0.703624
0.703632
0.70364
0.703648
0.703656
0.703663
0.703671
0.703679
0.703686
0.703694
0.703702
0.70371
0.703717
0.703725
0.703732
0.70374
0.703748
0.703755
0.703763
0.70377
0.703778
0.703785
0.703793
0.7038
0.703808
0.703815
0.703822
0.70383
0.703837
0.703844
0.703852
0.703859
0.703866
0.703874
0.703881
0.703888
0.703895
0.703903
0.70391
0.703917
0.703924
0.703931
0.703938
0.703946
0.703953
0.70396
0.703967
0.703974
0.703981
0.703988
0.703995
0.704002
0.704009
0.704016
0.704023
0.70403
0.704037
0.704044
0.70405
0.704057
0.704064
0.704071
0.704078
0.704085
0.704091
0.704098
0.704105
0.704112
0.704118
0.704125
0.704132
0.704139
0.704145
0.704152
0.704159
0.704165
0.704172
0.704178
0.704185
0.704191
0.704198
0.704205
0.704211
0.704218
0.704224
0.704231
0.704237
0.704243
0.70425
0.704256
0.704263
0.704269
0.704275
0.704282
0.704288
0.704294
0.704301
0.704307
0.704313
0.70432
0.704326
0.704332
0.704338
0.704345
0.704351
0.704357
0.704363
0.704369
0.704375
0.704382
0.704388
0.704394
0.7044
0.704406
0.704412
0.704418
0.704424
0.70443
0.704436
0.704442
0.704448
0.704454
0.70446
0.704466
0.704472
0.704478
0.704484
0.70449
0.704495
0.704501
0.704507
0.704513
0.704519
0.704525
0.70453
0.704536
0.704542
0.704548
0.704553
0.704559
0.704565
0.704571
0.704576
0.704582
0.704588
0.704593
0.704599
0.704604
0.70461
0.704616
0.704621
0.704627
0.704632
0.704638
0.704643
0.704649
0.704654
0.70466
0.704665
0.704671
0.704676
0.704682
0.704687
0.704693
0.704698
0.704704
0.704709
0.704714
0.70472
0.704725
0.70473
0.704736
0.704741
0.704746
0.704752
0.704757
0.704762
0.704767
0.704773
0.704778
0.704783
0.704788
0.704793
0.704799
0.704804
0.704809
0.704814
0.704819
0.704824
0.704829
0.704835
0.70484
0.704845
0.70485
0.704855
0.70486
0.704865
0.70487
0.704875
0.70488
0.704885
0.70489
0.704895
0.7049
0.704905
0.70491
0.704915
0.704919
0.704924
0.704929
0.704934
0.704939
0.704944
0.704949
0.704954
0.704958
0.704963
0.704968
0.704973
0.704977
0.704982
0.704987
0.704992
0.704996
0.705001
0.705006
0.705011
0.705015
0.70502
0.705025
0.705029
0.705034
0.705039
0.705043
0.705048
0.705052
0.705057
0.705062
0.705066
0.705071
0.705075
0.70508
0.705084
0.705089
0.705093
0.705098
0.705102
0.705107
0.705111
0.705116
0.70512
0.705125
0.705129
0.705134
0.705138
0.705142
0.705147
0.705151
0.705155
0.70516
0.705164
0.705169
0.705173
0.705177
0.705182
0.705186
0.70519
0.705194
0.705199
0.705203
0.705207
0.705211
0.705216
0.70522
0.705224
0.705228
0.705232
0.705237
0.705241
0.705245
0.705249
0.705253
0.705257
0.705262
0.705266
0.70527
0.705274
0.705278
0.705282
0.705286
0.70529
0.705294
0.705298
0.705302
0.705306
0.70531
0.705314
0.705318
0.705322
0.705326
0.70533
0.705334
0.705338
0.705342
0.705346
0.70535
0.705354
0.705358
0.705362
0.705366
0.70537
0.705373
0.705377
0.705381
0.705385
0.705389
0.705393
0.705397
0.7054
0.705404
0.705408
0.705412
0.705415
0.705419
0.705423
0.705427
0.705431
0.705434
0.705438
0.705442
0.705445
0.705449
0.705453
0.705457
0.70546
0.705464
0.705468
0.705471
0.705475
0.705478
0.705482
0.705486
0.705489
0.705493
0.705496
0.7055
0.705504
0.705507
0.705511
0.705514
0.705518
0.705521
0.705525
0.705528
0.705532
0.705536
0.705539
0.705542
0.705546
0.705549
0.705553
0.705556
0.70556
0.705563
0.705567
0.70557
0.705574
0.705577
0.70558
0.705584
0.705587
0.705591
0.705594
0.705597
0.705601
0.705604
0.705607
0.705611
0.705614
0.705617
0.705621
0.705624
0.705627
0.705631
0.705634
0.705637
0.70564
0.705644
0.705647
0.70565
0.705653
0.705657
0.70566
0.705663
0.705666
0.705669
0.705673
0.705676
0.705679
0.705682
0.705685
0.705688
0.705692
0.705695
0.705698
0.705701
0.705704
0.705707
0.70571
0.705713
0.705717
0.70572
0.705723
0.705726
0.705729
0.705732
0.705735
0.705738
0.705741
0.705744
0.705747
0.70575
0.705753
0.705756
0.705759
0.705762
0.705765
0.705768
0.705771
0.705774
0.705777
0.70578
0.705783
0.705786
0.705789
0.705792
0.705795
0.705798
0.7058
0.705803
0.705806
0.705809
0.705812
0.705815
0.705818
0.705821
0.705823
0.705826
0.705829
0.705832
0.705835
0.705838
0.70584
0.705843
0.705846
0.705849
0.705852
0.705854
0.705857
0.70586
0.705863
0.705865
0.705868
0.705871
0.705874
0.705876
0.705879
0.705882
0.705885
0.705887
0.70589
0.705893
0.705895
0.705898
0.705901
0.705903
0.705906
0.705909
0.705911
0.705914
0.705917
0.705919
0.705922
0.705925
0.705927
0.70593
0.705932
0.705935
0.705938
0.70594
0.705943
0.705945
0.705948
0.70595
0.705953
0.705956
0.705958
0.705961
0.705963
0.705966
0.705968
0.705971
0.705973
0.705976
0.705978
0.705981
0.705983
0.705986
0.705988
0.705991
0.705993
0.705996
0.705998
0.706
0.706003
0.706005
0.706008
0.70601
0.706013
0.706015
0.706017
0.70602
0.706022
0.706025
0.706027
0.706029
0.706032
0.706034
0.706037
0.706039
0.706041
0.706044
0.706046
0.706048
0.706051
0.706053
0.706055
0.706058
0.70606
0.706062
0.706065
0.706067
0.706069
0.706071
0.706074
0.706076
0.706078
0.706081
0.706083
0.706085
0.706087
0.70609
0.706092
0.706094
0.706096
0.706098
0.706101
0.706103
0.706105
0.706107
0.70611
0.706112
0.706114
0.706116
0.706118
0.70612
0.706123
0.706125
0.706127
0.706129
0.706131
0.706133
0.706136
0.706138
0.70614
0.706142
0.706144
0.706146
0.706148
0.70615
0.706153
0.706155
0.706157
0.706159
0.706161
0.706163
0.706165
0.706167
0.706169
0.706171
0.706173
0.706175
0.706177
0.706179
0.706181
0.706183
0.706186
0.706188
0.70619
0.706192
0.706194
0.706196
0.706198
0.7062
0.706202
0.706204
0.706206
0.706208
0.70621
0.706211
0.706213
0.706215
0.706217
0.706219
0.706221
0.706223
0.706225
0.706227
0.706229
0.706231
0.706233
0.706235
0.706237
0.706239
0.70624
0.706242
0.706244
0.706246
0.706248
0.70625
0.706252
0.706254
0.706256
0.706257
0.706259
0.706261
0.706263
0.706265
0.706267
0.706269
0.70627
0.706272
0.706274
0.706276
0.706278
0.706279
0.706281
0.706283
0.706285
0.706287
0.706289
0.70629
0.706292
0.706294
0.706296
0.706297
0.706299
0.706301
0.706303
0.706304
0.706306
0.706308
0.70631
0.706311
0.706313
0.706315
0.706317
0.706318
0.70632
0.706322
0.706324
0.706325
0.706327
0.706329
0.70633
0.706332
0.706334
0.706335
0.706337
0.706339
0.70634
0.706342
0.706344
0.706345
0.706347
0.706349
0.70635
0.706352
0.706354
0.706355
0.706357
0.706359
0.70636
0.706362
0.706364
0.706365
0.706367
0.706368
0.70637
0.706372
0.706373
0.706375
0.706376
0.706378
0.70638
0.706381
0.706383
0.706384
0.706386
0.706387
0.706389
0.706391
0.706392
0.706394
0.706395
0.706397
0.706398
0.7064
0.706401
0.706403
0.706405
0.706406
0.706408
0.706409
0.706411
0.706412
0.706414
0.706415
0.706417
0.706418
0.70642
0.706421
0.706423
0.706424
0.706426
0.706427
0.706429
0.70643
0.706431
0.706433
0.706434
0.706436
0.706437
0.706439
0.70644
0.706442
0.706443
0.706445
0.706446
0.706447
0.706449
0.70645
0.706452
0.706453
0.706455
0.706456
0.706457
0.706459
0.70646
0.706462
0.706463
0.706464
0.706466
0.706467
0.706469
0.70647
0.706471
0.706473
0.706474
0.706475
0.706477
0.706478
0.70648
0.706481
0.706482
0.706484
0.706485
0.706486
0.706488
0.706489
0.70649
0.706492
0.706493
0.706494
0.706496
0.706497
0.706498
0.7065
0.706501
0.706502
0.706504
0.706505
0.706506
0.706507
0.706509
0.70651
0.706511
0.706513
0.706514
0.706515
0.706516
0.706518
0.706519
0.70652
0.706521
0.706523
0.706524
0.706525
0.706527
0.706528
0.706529
0.70653
0.706532
0.706533
0.706534
0.706535
0.706536
0.706538
0.706539
0.70654
0.706541
0.706543
0.706544
0.706545
0.706546
0.706547
0.706549
0.70655
0.706551
0.706552
0.706553
0.706555
0.706556
0.706557
0.706558
0.706559
0.70656
0.706562
0.706563
0.706564
0.706565
0.706566
0.706567
0.706569
0.70657
0.706571
0.706572
0.706573
0.706574
0.706576
0.706577
0.706578
0.706579
0.70658
0.706581
0.706582
0.706583
0.706585
0.706586
0.706587
0.706588
0.706589
0.70659
0.706591
0.706592
0.706593
0.706595
0.706596
0.706597
0.706598
0.706599
0.7066
0.706601
0.706602
0.706603
0.706604
0.706605
0.706607
0.706608
0.706609
0.70661
0.706611
0.706612
0.706613
0.706614
0.706615
0.706616
0.706617
0.706618
0.706619
0.70662
0.706621
0.706622
0.706623
0.706624
0.706625
0.706626
0.706627
0.706628
0.706629
0.706631
0.706632
0.706633
0.706634
0.706635
0.706636
0.706637
0.706638
0.706639
0.70664
0.706641
0.706642
0.706643
0.706644
0.706645
0.706646
0.706646
0.706647
0.706648
0.706649
0.70665
0.706651
0.706652
0.706653
0.706654
0.706655
0.706656
0.706657
0.706658
0.706659
0.70666
0.706661
0.706662
0.706663
0.706664
0.706665
0.706666
0.706667
0.706668
0.706668
0.706669
0.70667
0.706671
0.706672
0.706673
0.706674
0.706675
0.706676
0.706677
0.706678
0.706679
0.706679
0.70668
0.706681
0.706682
0.706683
0.706684
0.706685
0.706686
0.706687
0.706688
0.706688
0.706689
0.70669
0.706691
0.706692
0.706693
0.706694
0.706695
0.706695
0.706696
0.706697
0.706698
0.706699
0.7067
0.706701
0.706701
0.706702
0.706703
0.706704
0.706705
0.706706
0.706707
0.706707
0.706708
0.706709
0.70671
0.706711
0.706712
0.706712
0.706713
0.706714
0.706715
0.706716
0.706717
0.706717
0.706718
0.706719
0.70672
0.706721
0.706721
0.706722
0.706723
0.706724
0.706725
0.706725
0.706726
0.706727
0.706728
0.706729
0.706729
0.70673
0.706731
0.706732
0.706733
0.706733
0.706734
0.706735
0.706736
0.706737
0.706737
0.706738
0.706739
0.70674
0.70674
0.706741
0.706742
0.706743
0.706743
0.706744
0.706745
0.706746
0.706746
0.706747
0.706748
0.706749
0.706749
0.70675
0.706751
0.706752
0.706752
0.706753
0.706754
0.706755
0.706755
0.706756
0.706757
0.706758
0.706758
0.706759
0.70676
0.70676
0.706761
0.706762
0.706763
0.706763
0.706764
0.706765
0.706765
0.706766
0.706767
0.706768
0.706768
0.706769
0.70677
0.70677
0.706771
0.706772
0.706773
0.706773
0.706774
0.706775
0.706775
0.706776
0.706777
0.706777
0.706778
0.706779
0.706779
0.70678
0.706781
0.706781
0.706782
0.706783
0.706783
0.706784
0.706785
0.706785
0.706786
0.706787
0.706787
0.706788
0.706789
0.706789
0.70679
0.706791
0.706791
0.706792
0.706793
0.706793
0.706794
0.706795
0.706795
0.706796
0.706797
0.706797
0.706798
0.706798
0.706799
0.7068
0.7068
0.706801
0.706802
0.706802
0.706803
0.706803
0.706804
0.706805
0.706805
0.706806
0.706807
0.706807
0.706808
0.706808
0.706809
0.70681
0.70681
0.706811
0.706811
0.706812
0.706813
0.706813
0.706814
0.706814
0.706815
0.706816
0.706816
0.706817
0.706817
0.706818
0.706819
0.706819
0.70682
0.70682
0.706821
0.706822
0.706822
0.706823
0.706823
0.706824
0.706824
0.706825
0.706826
0.706826
0.706827
0.706827
0.706828
0.706828
0.706829
0.70683
0.70683
0.706831
0.706831
0.706832
0.706832
0.706833
0.706834
0.706834
0.706835
0.706835
0.706836
0.706836
0.706837
0.706837
0.706838
0.706838
0.706839
0.70684
0.70684
0.706841
0.706841
0.706842
0.706842
0.706843
0.706843
0.706844
0.706844
0.706845
0.706845
0.706846
0.706847
0.706847
0.706848
0.706848
0.706849
0.706849
0.70685
0.70685
0.706851
0.706851
0.706852
0.706852
0.706853
0.706853
0.706854
0.706854
0.706855
0.706855
0.706856
0.706856
0.706857
0.706857
0.706858
0.706858
0.706859
0.706859
0.70686
0.70686
0.706861
0.706861
0.706862
0.706862
0.706863
0.706863
0.706864
0.706864
0.706865
0.706865
0.706866
0.706866
0.706867
0.706867
0.706868
0.706868
0.706869
0.706869
0.70687
0.70687
0.70687
0.706871
0.706871
0.706872
0.706872
0.706873
0.706873
0.706874
0.706874
0.706875
0.706875
0.706876
0.706876
0.706877
0.706877
0.706877
0.706878
0.706878
0.706879
0.706879
0.70688
0.70688
0.706881
0.706881
0.706882
0.706882
0.706882
0.706883
0.706883
0.706884
0.706884
0.706885
0.706885
0.706886
0.706886
0.706886
0.706887
0.706887
0.706888
0.706888
0.706889
0.706889
0.706889
0.70689
0.70689
0.706891
0.706891
0.706892
0.706892
0.706892
0.706893
0.706893
0.706894
0.706894
0.706894
0.706895
0.706895
0.706896
0.706896
0.706897
0.706897
0.706897
0.706898
0.706898
0.706899
0.706899
0.706899
0.7069
0.7069
0.706901
0.706901
0.706901
0.706902
0.706902
0.706903
0.706903
0.706903
0.706904
0.706904
0.706905
0.706905
0.706905
0.706906
0.706906
0.706907
0.706907
0.706907
0.706908
0.706908
0.706909
0.706909
0.706909
0.70691
0.70691
0.70691
0.706911
0.706911
0.706912
0.706912
0.706912
0.706913
0.706913
0.706914
0.706914
0.706914
0.706915
0.706915
0.706915
0.706916
0.706916
0.706916
0.706917
0.706917
0.706918
0.706918
0.706918
0.706919
0.706919
0.706919
0.70692
0.70692
0.70692
0.706921
0.706921
0.706922
0.706922
0.706922
0.706923
0.706923
0.706923
0.706924
0.706924
0.706924
0.706925
0.706925
0.706925
0.706926
0.706926
0.706926
0.706927
0.706927
0.706927
0.706928
0.706928
0.706929
0.706929
0.706929
0.70693
0.70693
0.70693
0.706931
0.706931
0.706931
0.706932
0.706932
0.706932
0.706933
0.706933
0.706933
0.706934
0.706934
0.706934
0.706935
0.706935
0.706935
0.706936
0.706936
0.706936
0.706936
0.706937
0.706937
0.706937
0.706938
0.706938
0.706938
0.706939
0.706939
0.706939
0.70694
0.70694
0.70694
0.706941
0.706941
0.706941
0.706942
0.706942
0.706942
0.706942
0.706943
0.706943
0.706943
0.706944
0.706944
0.706944
0.706945
0.706945
0.706945
0.706946
0.706946
0.706946
0.706946
0.706947
0.706947
0.706947
0.706948
0.706948
0.706948
0.706949
0.706949
0.706949
0.706949
0.70695
0.70695
0.70695
0.706951
0.706951
0.706951
0.706951
0.706952
0.706952
0.706952
0.706953
0.706953
0.706953
0.706953
0.706954
0.706954
0.706954
0.706955
0.706955
0.706955
0.706955
0.706956
0.706956
0.706956
0.706957
0.706957
0.706957
0.706957
0.706958
0.706958
0.706958
0.706958
0.706959
0.706959
0.706959
0.70696
0.70696
0.70696
0.70696
0.706961
0.706961
0.706961
0.706961
0.706962
0.706962
0.706962
0.706963
0.706963
0.706963
0.706963
0.706964
0.706964
0.706964
0.706964
0.706965
0.706965
0.706965
0.706965
0.706966
0.706966
0.706966
0.706966
0.706967
0.706967
0.706967
0.706967
0.706968
0.706968
0.706968
0.706968
0.706969
0.706969
0.706969
0.706969
0.70697
0.70697
0.70697
0.70697
0.706971
0.706971
0.706971
0.706971
0.706972
0.706972
0.706972
0.706972
0.706973
0.706973
0.706973
0.706973
0.706974
0.706974
0.706974
0.706974
0.706975
0.706975
0.706975
0.706975
0.706975
0.706976
0.706976
0.706976
0.706976
0.706977
0.706977
0.706977
0.706977
0.706978
0.706978
0.706978
0.706978
0.706978
0.706979
0.706979
0.706979
0.706979
0.70698
0.70698
0.70698
0.70698
0.70698
0.706981
0.706981
0.706981
0.706981
0.706982
0.706982
0.706982
0.706982
0.706982
0.706983
0.706983
0.706983
0.706983
0.706984
0.706984
0.706984
0.706984
0.706984
0.706985
0.706985
0.706985
0.706985
0.706986
0.706986
0.706986
0.706986
0.706986
0.706987
0.706987
0.706987
0.706987
0.706987
0.706988
0.706988
0.706988
0.706988
0.706988
0.706989
0.706989
0.706989
0.706989
0.706989
0.70699
0.70699
0.70699
0.70699
0.70699
0.706991
0.706991
0.706991
0.706991
0.706991
0.706992
0.706992
0.706992
0.706992
0.706992
0.706993
0.706993
0.706993
0.706993
0.706993
0.706994
0.706994
0.706994
0.706994
0.706994
0.706995
0.706995
0.706995
0.706995
0.706995
0.706996
0.706996
0.706996
0.706996
0.706996
0.706996
0.706997
0.706997
0.706997
0.706997
0.706997
0.706998
0.706998
0.706998
0.706998
0.706998
0.706998
0.706999
0.706999
0.706999
0.706999
0.706999
0.707
0.707
0.707
0.707
0.707
0.707
0.707001
0.707001
0.707001
0.707001
0.707001
0.707002
0.707002
0.707002
0.707002
0.707002
0.707002
0.707003
0.707003
0.707003
0.707003
0.707003
0.707003
0.707004
0.707004
0.707004
0.707004
0.707004
0.707004
0.707005
0.707005
0.707005
0.707005
0.707005
0.707005
0.707006
0.707006
0.707006
0.707006
0.707006
0.707006
0.707007
0.707007
0.707007
0.707007
0.707007
0.707007
0.707008
0.707008
0.707008
0.707008
0.707008
0.707008
0.707009
0.707009
0.707009
0.707009
0.707009
0.707009
0.70701
0.70701
0.70701
0.70701
0.70701
0.70701
0.70701
0.707011
0.707011
0.707011
0.707011
0.707011
0.707011
0.707012
0.707012
0.707012
0.707012
0.707012
0.707012
0.707012
0.707013
0.707013
0.707013
0.707013
0.707013
0.707013
0.707014
0.707014
0.707014
0.707014
0.707014
0.707014
0.707014
0.707015
0.707015
0.707015
0.707015
0.707015
0.707015
0.707015
0.707016
0.707016
0.707016
0.707016
0.707016
0.707016
0.707016
0.707017
0.707017
0.707017
0.707017
0.707017
0.707017
0.707017
0.707018
0.707018
0.707018
0.707018
0.707018
0.707018
0.707018
0.707019
0.707019
0.707019
0.707019
0.707019
0.707019
0.707019
0.707019
0.70702
0.70702
0.70702
0.70702
0.70702
0.70702
0.70702
0.707021
0.707021
0.707021
0.707021
0.707021
0.707021
0.707021
0.707021
0.707022
0.707022
0.707022
0.707022
0.707022
0.707022
0.707022
0.707022
0.707023
0.707023
0.707023
0.707023
0.707023
0.707023
0.707023
0.707024
0.707024
0.707024
0.707024
0.707024
0.707024
0.707024
0.707024
0.707025
0.707025
0.707025
0.707025
0.707025
0.707025
0.707025
0.707025
0.707025
0.707026
0.707026
0.707026
0.707026
0.707026
0.707026
0.707026
0.707026
0.707027
0.707027
0.707027
0.707027
0.707027
0.707027
0.707027
0.707027
0.707028
0.707028
0.707028
0.707028
0.707028
0.707028
0.707028
0.707028
0.707028
0.707029
0.707029
0.707029
0.707029
0.707029
0.707029
0.707029
0.707029
0.707029
0.70703
0.70703
0.70703
0.70703
0.70703
0.70703
0.70703
0.70703
0.70703
0.707031
0.707031
0.707031
0.707031
0.707031
0.707031
0.707031
0.707031
0.707031
0.707032
0.707032
0.707032
0.707032
0.707032
0.707032
0.707032
0.707032
0.707032
0.707033
0.707033
0.707033
0.707033
0.707033
0.707033
0.707033
0.707033
0.707033
0.707033
0.707034
0.707034
0.707034
0.707034
0.707034
0.707034
0.707034
0.707034
0.707034
0.707034
0.707035
0.707035
0.707035
0.707035
0.707035
0.707035
0.707035
0.707035
0.707035
0.707035
0.707036
0.707036
0.707036
0.707036
0.707036
0.707036
0.707036
0.707036
0.707036
0.707036
0.707037
0.707037
0.707037
0.707037
0.707037
0.707037
0.707037
0.707037
0.707037
0.707037
0.707038
0.707038
0.707038
0.707038
0.707038
0.707038
0.707038
0.707038
0.707038
0.707038
0.707038
0.707039
0.707039
0.707039
0.707039
0.707039
0.707039
0.707039
0.707039
0.707039
0.707039
0.707039
0.70704
0.70704
0.70704
0.70704
0.70704
0.70704
0.70704
0.70704
0.70704
0.70704
0.70704
0.707041
0.707041
0.707041
0.707041
0.707041
0.707041
0.707041
0.707041
0.707041
0.707041
0.707041
0.707041
0.707042
0.707042
0.707042
0.707042
0.707042
0.707042
0.707042
0.707042
0.707042
0.707042
0.707042
0.707042
0.707043
0.707043
0.707043
0.707043
0.707043
0.707043
0.707043
0.707043
0.707043
0.707043
0.707043
0.707043
0.707044
0.707044
0.707044
0.707044
0.707044
0.707044
0.707044
0.707044
0.707044
0.707044
0.707044
0.707044
0.707045
0.707045
0.707045
0.707045
0.707045
0.707045
0.707045
0.707045
0.707045
0.707045
0.707045
0.707045
0.707045
0.707046
0.707046
0.707046
0.707046
0.707046
0.707046
0.707046
0.707046
0.707046
0.707046
0.707046
0.707046
0.707046
0.707046
0.707047
0.707047
0.707047
0.707047
0.707047
0.707047
0.707047
0.707047
0.707047
0.707047
0.707047
0.707047
0.707047
0.707048
0.707048
0.707048
0.707048
0.707048
0.707048
0.707048
0.707048
0.707048
0.707048
0.707048
0.707048
0.707048
0.707048
0.707049
0.707049
0.707049
0.707049
0.707049
0.707049
0.707049
0.707049
0.707049
0.707049
0.707049
0.707049
0.707049
0.707049
0.707049
0.70705
0.70705
0.70705
0.70705
0.70705
0.70705
0.70705
0.70705
0.70705
0.70705
0.70705
0.70705
0.70705
0.70705
0.70705
0.707051
0.707051
0.707051
0.707051
0.707051
0.707051
0.707051
0.707051
0.707051
0.707051
0.707051
0.707051
0.707051
0.707051
0.707051
0.707051
0.707052
0.707052
0.707052
0.707052
0.707052
0.707052
0.707052
0.707052
0.707052
0.707052
0.707052
0.707052
0.707052
0.707052
0.707052
0.707052
0.707053
0.707053
0.707053
0.707053
0.707053
0.707053
0.707053
0.707053
0.707053
0.707053
0.707053
0.707053
0.707053
0.707053
0.707053
0.707053
0.707053
0.707054
0.707054
0.707054
0.707054
0.707054
0.707054
0.707054
0.707054
0.707054
0.707054
0.707054
0.707054
0.707054
0.707054
0.707054
0.707054
0.707054
0.707055
0.707055
0.707055
0.707055
0.707055
0.707055
0.707055
0.707055
0.707055
0.707055
0.707055
0.707055
0.707055
0.707055
0.707055
0.707055
0.707055
0.707055
0.707056
0.707056
0.707056
0.707056
0.707056
0.707056
0.707056
0.707056
0.707056
0.707056
0.707056
0.707056
0.707056
0.707056
0.707056
0.707056
0.707056
0.707056
0.707056
0.707057
0.707057
0.707057
0.707057
0.707057
0.707057
0.707057
0.707057
0.707057
0.707057
0.707057
0.707057
0.707057
0.707057
0.707057
0.707057
0.707057
0.707057
0.707057
0.707057
0.707058
0.707058
0.707058
0.707058
0.707058
0.707058
0.707058
0.707058
0.707058
0.707058
0.707058
0.707058
0.707058
0.707058
0.707058
0.707058
0.707058
0.707058
0.707058
0.707058
0.707058
0.707059
0.707059
0.707059
0.707059
0.707059
0.707059
0.707059
0.707059
0.707059
0.707059
0.707059
0.707059
0.707059
0.707059
0.707059
0.707059
0.707059
0.707059
0.707059
0.707059
0.707059
0.707059
0.70706
0.70706
0.70706
0.70706
0.70706
0.70706
0.70706
0.70706
0.70706
0.70706
0.70706
0.70706
0.70706
0.70706
0.70706
0.70706
0.70706
0.70706
0.70706
0.70706
0.70706
0.70706
0.707061
0.707061
0.707061
0.707061
0.707061
0.707061
0.707061
0.707061
0.707061
0.707061
0.707061
0.707061
0.707061
0.707061
0.707061
0.707061
0.707061
0.707061
0.707061
0.707061
0.707061
0.707061
0.707061
0.707061
0.707061
0.707062
0.707062
0.707062
0.707062
0.707062
0.707062
0.707062
0.707062
0.707062
0.707062
0.707062
0.707062
0.707062
0.707062
0.707062
0.707062
0.707062
0.707062
0.707062
0.707062
0.707062
0.707062
0.707062
0.707062
0.707062
0.707063
0.707063
0.707063
0.707063
0.707063
0.707063
0.707063
0.707063
0.707063
0.707063
0.707063
0.707063
0.707063
0.707063
0.707063
0.707063
0.707063
0.707063
0.707063
0.707063
0.707063
0.707063
0.707063
0.707063
0.707063
0.707063
0.707063
0.707064
0.707064
0.707064
0.707064
0.707064
0.707064
0.707064
0.707064
0.707064
0.707064
0.707064
0.707064
0.707064
0.707064
0.707064
0.707064
0.707064
0.707064
0.707064
0.707064
0.707064
0.707064
0.707064
0.707064
0.707064
0.707064
0.707064
0.707064
0.707064
0.707065
0.707065
0.707065
0.707065
0.707065
0.707065
0.707065
0.707065
0.707065
0.707065
0.707065
0.707065
0.707065
0.707065
0.707065
0.707065
0.707065
0.707065
0.707065
0.707065
0.707065
0.707065
0.707065
0.707065
0.707065
0.707065
0.707065
0.707065
0.707065
0.707065
0.707066
0.707066
0.707066
0.707066
0.707066
0.707066
0.707066
0.707066
0.707066
0.707066
0.707066
0.707066
0.707066
0.707066
0.707066
0.707066
0.707066
0.707066
0.707066
0.707066
0.707066
0.707066
0.707066
0.707066
0.707066
0.707066
0.707066
0.707066
0.707066
0.707066
0.707066
0.707066
0.707066
0.707067
0.707067
0.707067
0.707067
0.707067
0.707067
0.707067
0.707067
0.707067
0.707067
0.707067
0.707067
0.707067
0.707067
0.707067
0.707067
0.707067
0.707067
0.707067
0.707067
0.707067
0.707067
0.707067
0.707067
0.707067
0.707067
0.707067
0.707067
0.707067
0.707067
0.707067
0.707067
0.707067
0.707067
0.707067
0.707067
0.707068
0.707068
0.707068
0.707068
0.707068
0.707068
0.707068
0.707068
0.707068
0.707068
0.707068
0.707068
0.707068
0.707068
0.707068
0.707068
0.707068
0.707068
0.707068
0.707068
0.707068
0.707068
0.707068
0.707068
0.707068
0.707068
0.707068
0.707068
0.707068
0.707068
0.707068
0.707068
0.707068
0.707068
0.707068
0.707068
0.707068
0.707068
0.707068
0.707069
0.707069
0.707069
0.707069
0.707069
0.707069
0.707069
0.707069
0.707069
0.707069
0.707069
0.707069
0.707069
0.707069
0.707069
0.707069
0.707069
0.707069
0.707069
0.707069
0.707069
0.707069
0.707069
0.707069
0.707069
0.707069
0.707069
0.707069
0.707069
0.707069
0.707069
0.707069
0.707069
0.707069
0.707069
0.707069
0.707069
0.707069
0.707069
0.707069
0.707069
0.707069
0.70707
0.70707
0.70707
0.70707
0.70707
0.70707
0.70707
0.70707
0.70707
0.70707
0.70707
0.70707
0.70707
0.70707
0.70707
0.70707
0.70707
0.70707
0.70707
0.70707
0.70707
0.70707
0.70707
0.70707
0.70707
0.70707
0.70707
0.70707
0.70707
0.70707
0.70707
0.70707
0.70707
0.70707
0.70707
0.70707
0.70707
0.70707
0.70707
0.70707
0.70707
0.70707
0.70707
0.70707
0.70707
0.70707
0.70707
0.707071
0.707071
0.707071
0.707071
0.707071
0.707071
0.707071
0.707071
0.707071
0.707071
0.707071
0.707071
0.707071
0.707071
0.707071
0.707071
0.707071
0.707071
0.707071
0.707071
0.707071
0.707071
0.707071
0.707071
0.707071
0.707071
0.707071
0.707071
0.707071
0.707071
0.707071
0.707071
0.707071
0.707071
0.707071
0.707071
0.707071
0.707071
0.707071
0.707071
0.707071
0.707071
0.707071
0.707071
0.707071
