0.00199501
0.0125379
0.0245948
0.0371502
0.0496992
0.062001
0.0739523
0.0855206
0.0967089
0.107537
0.118032
0.128221
0.138132
0.147788
0.157212
0.166424
0.175439
0.184272
0.192936
0.201441
0.209796
0.21801
0.22609
0.234041
0.241869
0.24958
0.257176
0.264663
0.272044
0.279321
0.286498
0.293578
0.300563
0.307455
0.314256
0.320969
0.327595
0.334137
0.340595
0.346972
0.353269
0.359487
0.365628
0.371694
0.377685
0.383604
0.38945
0.395226
0.400932
0.40657
0.412141
0.417645
0.423084
0.428459
0.43377
0.43902
0.444208
0.449335
0.454403
0.459412
0.464364
0.469258
0.474097
0.478879
0.483608
0.488282
0.492904
0.497473
0.501991
0.506457
0.510874
0.515241
0.519559
0.523829
0.528052
0.532228
0.536357
0.540442
0.544481
0.548475
0.552426
0.556334
0.560199
0.564022
0.567804
0.571545
0.575245
0.578905
0.582526
0.586108
0.589651
0.593157
0.596625
0.600057
0.603452
0.60681
0.610134
0.613422
0.616675
0.619895
0.62308
0.626232
0.629351
0.632438
0.635492
0.638515
0.641506
0.644466
0.647396
0.650295
0.653164
0.656004
0.658815
0.661597
0.66435
0.667075
0.669773
0.672442
0.675085
0.677701
0.68029
0.682853
0.68539
0.687902
0.690388
0.692849
0.695285
0.697697
0.700085
0.702448
0.704789
0.707105
0.709399
0.71167
0.713918
0.716144
0.718347
0.720529
0.722689
0.724828
0.726946
0.729043
0.731119
0.733175
0.73521
0.737226
0.739222
0.741198
0.743155
0.745092
0.747011
0.748911
0.750793
0.752656
0.754501
0.756328
0.758137
0.759929
0.761703
0.76346
0.765201
0.766924
0.768631
0.770321
0.771995
0.773652
0.775294
0.77692
0.778531
0.780125
0.781705
0.783269
0.784819
0.786353
0.787873
0.789379
0.790869
0.792346
0.793809
0.795257
0.796692
0.798113
0.799521
0.800915
0.802296
0.803664
0.805019
0.806361
0.80769
0.809007
0.810311
0.811603
0.812883
0.81415
0.815406
0.816649
0.817881
0.819102
0.820311
0.821508
0.822694
0.823869
0.825033
0.826186
0.827328
0.828459
0.82958
0.83069
0.83179
0.83288
0.833959
0.835028
0.836087
0.837137
0.838176
0.839206
0.840226
0.841236
0.842238
0.843229
0.844212
0.845185
0.846149
0.847105
0.848051
0.848989
0.849917
0.850838
0.851749
0.852652
0.853547
0.854434
0.855312
0.856182
0.857044
0.857898
0.858744
0.859582
0.860413
0.861236
0.862051
0.862858
0.863659
0.864451
0.865237
0.866015
0.866786
0.86755
0.868307
0.869056
0.869799
0.870535
0.871265
0.871987
0.872703
0.873412
0.874115
0.874812
0.875502
0.876185
0.876862
0.877533
0.878198
0.878857
0.87951
0.880157
0.880797
0.881432
0.882062
0.882685
0.883303
0.883915
0.884521
0.885122
0.885717
0.886307
0.886892
0.887471
0.888045
0.888613
0.889177
0.889735
0.890289
0.890837
0.89138
0.891918
0.892451
0.89298
0.893504
0.894023
0.894537
0.895046
0.895551
0.896051
0.896547
0.897038
0.897525
0.898008
0.898486
0.898959
0.899429
0.899894
0.900355
0.900811
0.901264
0.901713
0.902157
0.902597
0.903034
0.903466
0.903895
0.90432
0.904741
0.905158
0.905571
0.905981
0.906387
0.906789
0.907187
0.907583
0.907974
0.908362
0.908746
0.909128
0.909505
0.909879
0.91025
0.910618
0.910982
0.911343
0.911701
0.912055
0.912407
0.912755
0.9131
0.913442
0.913781
0.914117
0.91445
0.91478
0.915107
0.915431
0.915752
0.91607
0.916386
0.916698
0.917008
0.917315
0.91762
0.917922
0.918221
0.918517
0.918811
0.919102
0.91939
0.919676
0.91996
0.920241
0.920519
0.920795
0.921069
0.92134
0.921608
0.921875
0.922139
0.9224
0.92266
0.922917
0.923172
0.923424
0.923674
0.923923
0.924168
0.924412
0.924654
0.924893
0.925131
0.925366
0.925599
0.92583
0.92606
0.926287
0.926512
0.926735
0.926956
0.927176
0.927393
0.927609
0.927822
0.928034
0.928244
0.928452
0.928658
0.928863
0.929065
0.929266
0.929466
0.929663
0.929859
0.930053
0.930245
0.930436
0.930625
0.930812
0.930998
0.931182
0.931365
0.931546
0.931725
0.931903
0.932079
0.932254
0.932428
0.932599
0.93277
0.932939
0.933106
0.933272
0.933437
0.9336
0.933762
0.933922
0.934081
0.934239
0.934395
0.93455
0.934704
0.934856
0.935007
0.935157
0.935305
0.935452
0.935598
0.935743
0.935886
0.936029
0.93617
0.93631
0.936448
0.936586
0.936722
0.936857
0.936991
0.937124
0.937256
0.937387
0.937516
0.937645
0.937772
0.937898
0.938024
0.938148
0.938271
0.938393
0.938514
0.938634
0.938754
0.938872
0.938989
0.939105
0.93922
0.939334
0.939447
0.93956
0.939671
0.939782
0.939891
0.94
0.940108
0.940214
0.94032
0.940425
0.94053
0.940633
0.940735
0.940837
0.940938
0.941038
0.941137
0.941235
0.941333
0.94143
0.941526
0.941621
0.941715
0.941809
0.941902
0.941994
0.942085
0.942176
0.942266
0.942355
0.942443
0.942531
0.942618
0.942704
0.94279
0.942875
0.942959
0.943042
0.943125
0.943207
0.943289
0.94337
0.94345
0.943529
0.943608
0.943687
0.943764
0.943841
0.943918
0.943994
0.944069
0.944144
0.944218
0.944291
0.944364
0.944436
0.944508
0.944579
0.94465
0.94472
0.944789
0.944858
0.944926
0.944994
0.945062
0.945128
0.945195
0.94526
0.945326
0.94539
0.945454
0.945518
0.945581
0.945644
0.945706
0.945768
0.945829
0.94589
0.945951
0.94601
0.94607
0.946129
0.946187
0.946245
0.946303
0.94636
0.946417
0.946473
0.946529
0.946584
0.946639
0.946694
0.946748
0.946802
0.946855
0.946908
0.946961
0.947013
0.947064
0.947116
0.947167
0.947217
0.947268
0.947317
0.947367
0.947416
0.947465
0.947513
0.947561
0.947609
0.947656
0.947703
0.947749
0.947796
0.947842
0.947887
0.947932
0.947977
0.948022
0.948066
0.94811
0.948153
0.948197
0.94824
0.948282
0.948325
0.948367
0.948408
0.94845
0.948491
0.948532
0.948572
0.948612
0.948652
0.948692
0.948731
0.94877
0.948809
0.948848
0.948886
0.948924
0.948962
0.948999
0.949036
0.949073
0.94911
0.949146
0.949182
0.949218
0.949254
0.949289
0.949324
0.949359
0.949394
0.949428
0.949462
0.949496
0.94953
0.949563
0.949596
0.949629
0.949662
0.949695
0.949727
0.949759
0.949791
0.949822
0.949854
0.949885
0.949916
0.949947
0.949977
0.950008
0.950038
0.950068
0.950097
0.950127
0.950156
0.950185
0.950214
0.950243
0.950272
0.9503
0.950328
0.950356
0.950384
0.950412
0.950439
0.950466
0.950493
0.95052
0.950547
0.950574
0.9506
0.950626
0.950652
0.950678
0.950704
0.950729
0.950755
0.95078
0.950805
0.95083
0.950854
0.950879
0.950903
0.950928
0.950952
0.950976
0.950999
0.951023
0.951046
0.95107
0.951093
0.951116
0.951139
0.951162
0.951184
0.951207
0.951229
0.951251
0.951273
0.951295
0.951317
0.951338
0.95136
0.951381
0.951403
0.951424
0.951445
0.951465
0.951486
0.951507
0.951527
0.951548
0.951568
0.951588
0.951608
0.951628
0.951647
0.951667
0.951686
0.951706
0.951725
0.951744
0.951763
0.951782
0.951801
0.95182
0.951838
0.951857
0.951875
0.951893
0.951911
0.951929
0.951947
0.951965
0.951983
0.952001
0.952018
0.952036
0.952053
0.95207
0.952087
0.952104
0.952121
0.952138
0.952155
0.952171
0.952188
0.952204
0.952221
0.952237
0.952253
0.952269
0.952285
0.952301
0.952317
0.952333
0.952348
0.952364
0.952379
0.952395
0.95241
0.952425
0.95244
0.952455
0.95247
0.952485
0.9525
0.952515
0.952529
0.952544
0.952558
0.952573
0.952587
0.952601
0.952615
0.952629
0.952643
0.952657
0.952671
0.952685
0.952699
0.952712
0.952726
0.952739
0.952753
0.952766
0.95278
0.952793
0.952806
0.952819
0.952832
0.952845
0.952858
0.952871
0.952883
0.952896
0.952909
0.952921
0.952934
0.952946
0.952959
0.952971
0.952983
0.952995
0.953007
0.953019
0.953031
0.953043
0.953055
0.953067
0.953079
0.953091
0.953102
0.953114
0.953125
0.953137
0.953148
0.95316
0.953171
0.953182
0.953193
0.953204
0.953215
0.953227
0.953237
0.953248
0.953259
0.95327
0.953281
0.953292
0.953302
0.953313
0.953323
0.953334
0.953344
0.953355
0.953365
0.953376
0.953386
0.953396
0.953406
0.953416
0.953426
0.953436
0.953446
0.953456
0.953466
0.953476
0.953486
0.953496
0.953505
0.953515
0.953525
0.953534
0.953544
0.953553
0.953563
0.953572
0.953582
0.953591
0.9536
0.953609
0.953619
0.953628
0.953637
0.953646
0.953655
0.953664
0.953673
0.953682
0.953691
0.9537
0.953708
0.953717
0.953726
0.953735
0.953743
0.953752
0.953761
0.953769
0.953778
0.953786
0.953795
0.953803
0.953811
0.95382
0.953828
0.953836
0.953844
0.953853
0.953861
0.953869
0.953877
0.953885
0.953893
0.953901
0.953909
0.953917
0.953925
0.953933
0.95394
0.953948
0.953956
0.953964
0.953971
0.953979
0.953987
0.953994
0.954002
0.954009
0.954017
0.954024
0.954032
0.954039
0.954047
0.954054
0.954061
0.954069
0.954076
0.954083
0.95409
0.954098
0.954105
0.954112
0.954119
0.954126
0.954133
0.95414
0.954147
0.954154
0.954161
0.954168
0.954175
0.954182
0.954189
0.954195
0.954202
0.954209
0.954216
0.954222
0.954229
0.954236
0.954242
0.954249
0.954256
0.954262
0.954269
0.954275
0.954282
0.954288
0.954294
0.954301
0.954307
0.954314
0.95432
0.954326
0.954333
0.954339
0.954345
0.954351
0.954358
0.954364
0.95437
0.954376
0.954382
0.954388
0.954394
0.9544
0.954406
0.954412
0.954418
0.954424
0.95443
0.954436
0.954442
0.954448
0.954454
0.95446
0.954465
0.954471
0.954477
0.954483
0.954488
0.954494
0.9545
0.954506
0.954511
0.954517
0.954522
0.954528
0.954534
0.954539
0.954545
0.95455
0.954556
0.954561
0.954567
0.954572
0.954577
0.954583
0.954588
0.954594
0.954599
0.954604
0.95461
0.954615
0.95462
0.954625
0.954631
0.954636
0.954641
0.954646
0.954651
0.954657
0.954662
0.954667
0.954672
0.954677
0.954682
0.954687
0.954692
0.954697
0.954702
0.954707
0.954712
0.954717
0.954722
0.954727
0.954732
0.954737
0.954742
0.954746
0.954751
0.954756
0.954761
0.954766
0.954771
0.954775
0.95478
0.954785
0.954789
0.954794
0.954799
0.954804
0.954808
0.954813
0.954817
0.954822
0.954827
0.954831
0.954836
0.95484
0.954845
0.954849
0.954854
0.954858
0.954863
0.954867
0.954872
0.954876
0.954881
0.954885
0.95489
0.954894
0.954898
0.954903
0.954907
0.954911
0.954916
0.95492
0.954924
0.954929
0.954933
0.954937
0.954941
0.954945
0.95495
0.954954
0.954958
0.954962
0.954966
0.954971
0.954975
0.954979
0.954983
0.954987
0.954991
0.954995
0.954999
0.955003
0.955007
0.955011
0.955015
0.955019
0.955023
0.955027
0.955031
0.955035
0.955039
0.955043
0.955047
0.955051
0.955055
0.955059
0.955063
0.955067
0.95507
0.955074
0.955078
0.955082
0.955086
0.955089
0.955093
0.955097
0.955101
0.955105
0.955108
0.955112
0.955116
0.955119
0.955123
0.955127
0.955131
0.955134
0.955138
0.955141
0.955145
0.955149
0.955152
0.955156
0.95516
0.955163
0.955167
0.95517
0.955174
0.955177
0.955181
0.955184
0.955188
0.955191
0.955195
0.955198
0.955202
0.955205
0.955209
0.955212
0.955216
0.955219
0.955223
0.955226
0.955229
0.955233
0.955236
0.955239
0.955243
0.955246
0.955249
0.955253
0.955256
0.955259
0.955263
0.955266
0.955269
0.955273
0.955276
0.955279
0.955282
0.955286
0.955289
0.955292
0.955295
0.955298
0.955302
0.955305
0.955308
0.955311
0.955314
0.955318
0.955321
0.955324
0.955327
0.95533
0.955333
0.955336
0.955339
0.955342
0.955345
0.955349
0.955352
0.955355
0.955358
0.955361
0.955364
0.955367
0.95537
0.955373
0.955376
0.955379
0.955382
0.955385
0.955388
0.955391
0.955394
0.955397
0.955399
0.955402
0.955405
0.955408
0.955411
0.955414
0.955417
0.95542
0.955423
0.955425
0.955428
0.955431
0.955434
0.955437
0.95544
0.955442
0.955445
0.955448
0.955451
0.955454
0.955456
0.955459
0.955462
0.955465
0.955467
0.95547
0.955473
0.955476
0.955478
0.955481
0.955484
0.955487
0.955489
0.955492
0.955495
0.955497
0.9555
0.955503
0.955505
0.955508
0.955511
0.955513
0.955516
0.955518
0.955521
0.955524
0.955526
0.955529
0.955531
0.955534
0.955537
0.955539
0.955542
0.955544
0.955547
0.955549
0.955552
0.955554
0.955557
0.955559
0.955562
0.955564
0.955567
0.955569
0.955572
0.955574
0.955577
0.955579
0.955582
0.955584
0.955587
0.955589
0.955591
0.955594
0.955596
0.955599
0.955601
0.955603
0.955606
0.955608
0.955611
0.955613
0.955615
0.955618
0.95562
0.955622
0.955625
0.955627
0.955629
0.955632
0.955634
0.955636
0.955639
0.955641
0.955643
0.955646
0.955648
0.95565
0.955653
0.955655
0.955657
0.955659
0.955662
0.955664
0.955666
0.955668
0.955671
0.955673
0.955675
0.955677
0.955679
0.955682
0.955684
0.955686
0.955688
0.95569
0.955693
0.955695
0.955697
0.955699
0.955701
0.955703
0.955706
0.955708
0.95571
0.955712
0.955714
0.955716
0.955718
0.95572
0.955722
0.955725
0.955727
0.955729
0.955731
0.955733
0.955735
0.955737
0.955739
0.955741
0.955743
0.955745
0.955747
0.955749
0.955751
0.955753
0.955755
0.955757
0.955759
0.955762
0.955764
0.955766
0.955768
0.955769
0.955771
0.955773
0.955775
0.955777
0.955779
0.955781
0.955783
0.955785
0.955787
0.955789
0.955791
0.955793
0.955795
0.955797
0.955799
0.955801
0.955803
0.955805
0.955806
0.955808
0.95581
0.955812
0.955814
0.955816
0.955818
0.95582
0.955821
0.955823
0.955825
0.955827
0.955829
0.955831
0.955833
0.955834
0.955836
0.955838
0.95584
0.955842
0.955844
0.955845
0.955847
0.955849
0.955851
0.955853
0.955854
0.955856
0.955858
0.95586
0.955861
0.955863
0.955865
0.955867
0.955868
0.95587
0.955872
0.955874
0.955875
0.955877
0.955879
0.955881
0.955882
0.955884
0.955886
0.955887
0.955889
0.955891
0.955893
0.955894
0.955896
0.955898
0.955899
0.955901
0.955903
0.955904
0.955906
0.955908
0.955909
0.955911
0.955913
0.955914
0.955916
0.955918
0.955919
0.955921
0.955923
0.955924
0.955926
0.955927
0.955929
0.955931
0.955932
0.955934
0.955935
0.955937
0.955939
0.95594
0.955942
0.955943
0.955945
0.955946
0.955948
0.95595
0.955951
0.955953
0.955954
0.955956
0.955957
0.955959
0.95596
0.955962
0.955964
0.955965
0.955967
0.955968
0.95597
0.955971
0.955973
0.955974
0.955976
0.955977
0.955979
0.95598
0.955982
0.955983
0.955985
0.955986
0.955988
0.955989
0.955991
0.955992
0.955994
0.955995
0.955996
0.955998
0.955999
0.956001
0.956002
0.956004
0.956005
0.956007
0.956008
0.956009
0.956011
0.956012
0.956014
0.956015
0.956017
0.956018
0.956019
0.956021
0.956022
0.956024
0.956025
0.956026
0.956028
0.956029
0.956031
0.956032
0.956033
0.956035
0.956036
0.956037
0.956039
0.95604
0.956041
0.956043
0.956044
0.956046
0.956047
0.956048
0.95605
0.956051
0.956052
0.956054
0.956055
0.956056
0.956058
0.956059
0.95606
0.956061
0.956063
0.956064
0.956065
0.956067
0.956068
0.956069
0.956071
0.956072
0.956073
0.956074
0.956076
0.956077
0.956078
0.95608
0.956081
0.956082
0.956083
0.956085
0.956086
0.956087
0.956088
0.95609
0.956091
0.956092
0.956093
0.956095
0.956096
0.956097
0.956098
0.9561
0.956101
0.956102
0.956103
0.956104
0.956106
0.956107
0.956108
0.956109
0.956111
0.956112
0.956113
0.956114
0.956115
0.956117
0.956118
0.956119
0.95612
0.956121
0.956122
0.956124
0.956125
0.956126
0.956127
0.956128
0.956129
0.956131
0.956132
0.956133
0.956134
0.956135
0.956136
0.956138
0.956139
0.95614
0.956141
0.956142
0.956143
0.956144
0.956146
0.956147
0.956148
0.956149
0.95615
0.956151
0.956152
0.956153
0.956154
0.956156
0.956157
0.956158
0.956159
0.95616
0.956161
0.956162
0.956163
0.956164
0.956165
0.956167
0.956168
0.956169
0.95617
0.956171
0.956172
0.956173
0.956174
0.956175
0.956176
0.956177
0.956178
0.956179
0.95618
0.956181
0.956183
0.956184
0.956185
0.956186
0.956187
0.956188
0.956189
0.95619
0.956191
0.956192
0.956193
0.956194
0.956195
0.956196
0.956197
0.956198
0.956199
0.9562
0.956201
0.956202
0.956203
0.956204
0.956205
0.956206
0.956207
0.956208
0.956209
0.95621
0.956211
0.956212
0.956213
0.956214
0.956215
0.956216
0.956217
0.956218
0.956219
0.95622
0.956221
0.956222
0.956223
0.956224
0.956225
0.956226
0.956227
0.956228
0.956229
0.95623
0.95623
0.956231
0.956232
0.956233
0.956234
0.956235
0.956236
0.956237
0.956238
0.956239
0.95624
0.956241
0.956242
0.956243
0.956244
0.956244
0.956245
0.956246
0.956247
0.956248
0.956249
0.95625
0.956251
0.956252
0.956253
0.956254
0.956254
0.956255
0.956256
0.956257
0.956258
0.956259
0.95626
0.956261
0.956262
0.956262
0.956263
0.956264
0.956265
0.956266
0.956267
0.956268
0.956269
0.956269
0.95627
0.956271
0.956272
0.956273
0.956274
0.956275
0.956276
0.956276
0.956277
0.956278
0.956279
0.95628
0.956281
0.956281
0.956282
0.956283
0.956284
0.956285
0.956286
0.956287
0.956287
0.956288
0.956289
0.95629
0.956291
0.956291
0.956292
0.956293
0.956294
0.956295
0.956296
0.956296
0.956297
0.956298
0.956299
0.9563
0.9563
0.956301
0.956302
0.956303
0.956304
0.956304
0.956305
0.956306
0.956307
0.956308
0.956308
0.956309
0.95631
0.956311
0.956312
0.956312
0.956313
0.956314
0.956315
0.956315
0.956316
0.956317
0.956318
0.956319
0.956319
0.95632
0.956321
0.956322
0.956322
0.956323
0.956324
0.956325
0.956325
0.956326
0.956327
0.956328
0.956328
0.956329
0.95633
0.956331
0.956331
0.956332
0.956333
0.956334
0.956334
0.956335
0.956336
0.956337
0.956337
0.956338
0.956339
0.956339
0.95634
0.956341
0.956342
0.956342
0.956343
0.956344
0.956345
0.956345
0.956346
0.956347
0.956347
0.956348
0.956349
0.95635
0.95635
0.956351
0.956352
0.956352
0.956353
0.956354
0.956354
0.956355
0.956356
0.956357
0.956357
0.956358
0.956359
0.956359
0.95636
0.956361
0.956361
0.956362
0.956363
0.956363
0.956364
0.956365
0.956365
0.956366
0.956367
0.956367
0.956368
0.956369
0.956369
0.95637
0.956371
0.956371
0.956372
0.956373
0.956373
0.956374
0.956375
0.956375
0.956376
0.956377
0.956377
0.956378
0.956379
0.956379
0.95638
0.956381
0.956381
0.956382
0.956383
0.956383
0.956384
0.956384
0.956385
0.956386
0.956386
0.956387
0.956388
0.956388
0.956389
0.95639
0.95639
0.956391
0.956391
0.956392
0.956393
0.956393
0.956394
0.956395
0.956395
0.956396
0.956396
0.956397
0.956398
0.956398
0.956399
0.956399
0.9564
0.956401
0.956401
0.956402
0.956402
0.956403
0.956404
0.956404
0.956405
0.956406
0.956406
0.956407
0.956407
0.956408
0.956408
0.956409
0.95641
0.95641
0.956411
0.956411
0.956412
0.956413
0.956413
0.956414
0.956414
0.956415
0.956416
0.956416
0.956417
0.956417
0.956418
0.956418
0.956419
0.95642
0.95642
0.956421
0.956421
0.956422
0.956422
0.956423
0.956424
0.956424
0.956425
0.956425
0.956426
0.956426
0.956427
0.956427
0.956428
0.956429
0.956429
0.95643
0.95643
0.956431
0.956431
0.956432
0.956432
0.956433
0.956434
0.956434
0.956435
0.956435
0.956436
0.956436
0.956437
0.956437
0.956438
0.956438
0.956439
0.956439
0.95644
0.956441
0.956441
0.956442
0.956442
0.956443
0.956443
0.956444
0.956444
0.956445
0.956445
0.956446
0.956446
0.956447
0.956447
0.956448
0.956448
0.956449
0.956449
0.95645
0.95645
0.956451
0.956451
0.956452
0.956453
0.956453
0.956454
0.956454
0.956455
0.956455
0.956456
0.956456
0.956457
0.956457
0.956458
0.956458
0.956459
0.956459
0.95646
0.95646
0.956461
0.956461
0.956462
0.956462
0.956463
0.956463
0.956464
0.956464
0.956465
0.956465
0.956465
0.956466
0.956466
0.956467
0.956467
0.956468
0.956468
0.956469
0.956469
0.95647
0.95647
0.956471
0.956471
0.956472
0.956472
0.956473
0.956473
0.956474
0.956474
0.956475
0.956475
0.956476
0.956476
0.956476
0.956477
0.956477
0.956478
0.956478
0.956479
0.956479
0.95648
0.95648
0.956481
0.956481
0.956482
0.956482
0.956482
0.956483
0.956483
0.956484
0.956484
0.956485
0.956485
0.956486
0.956486
0.956487
0.956487
0.956487
0.956488
0.956488
0.956489
0.956489
0.95649
0.95649
0.956491
0.956491
0.956491
0.956492
0.956492
0.956493
0.956493
0.956494
0.956494
0.956494
0.956495
0.956495
0.956496
0.956496
0.956497
0.956497
0.956497
0.956498
0.956498
0.956499
0.956499
0.9565
0.9565
0.9565
0.956501
0.956501
0.956502
0.956502
0.956503
0.956503
0.956503
0.956504
0.956504
0.956505
0.956505
0.956505
0.956506
0.956506
0.956507
0.956507
0.956508
0.956508
0.956508
0.956509
0.956509
0.95651
0.95651
0.95651
0.956511
0.956511
0.956512
0.956512
0.956512
0.956513
0.956513
0.956514
0.956514
0.956514
0.956515
0.956515
0.956516
0.956516
0.956516
0.956517
0.956517
0.956518
0.956518
0.956518
0.956519
0.956519
0.95652
0.95652
0.95652
0.956521
0.956521
0.956522
0.956522
0.956522
0.956523
0.956523
0.956523
0.956524
0.956524
0.956525
0.956525
0.956525
0.956526
0.956526
0.956526
0.956527
0.956527
0.956528
0.956528
0.956528
0.956529
0.956529
0.956529
0.95653
0.95653
0.956531
0.956531
0.956531
0.956532
0.956532
0.956532
0.956533
0.956533
0.956534
0.956534
0.956534
0.956535
0.956535
0.956535
0.956536
0.956536
0.956536
0.956537
0.956537
0.956538
0.956538
0.956538
0.956539
0.956539
0.956539
0.95654
0.95654
0.95654
0.956541
0.956541
0.956541
0.956542
0.956542
0.956543
0.956543
0.956543
0.956544
0.956544
0.956544
0.956545
0.956545
0.956545
0.956546
0.956546
0.956546
0.956547
0.956547
0.956547
0.956548
0.956548
0.956548
0.956549
0.956549
0.956549
0.95655
0.95655
0.95655
0.956551
0.956551
0.956551
0.956552
0.956552
0.956552
0.956553
0.956553
0.956553
0.956554
0.956554
0.956554
0.956555
0.956555
0.956555
0.956556
0.956556
0.956556
0.956557
0.956557
0.956557
0.956558
0.956558
0.956558
0.956559
0.956559
0.956559
0.95656
0.95656
0.95656
0.956561
0.956561
0.956561
0.956562
0.956562
0.956562
0.956563
0.956563
0.956563
0.956563
0.956564
0.956564
0.956564
0.956565
0.956565
0.956565
0.956566
0.956566
0.956566
0.956567
0.956567
0.956567
0.956568
0.956568
0.956568
0.956568
0.956569
0.956569
0.956569
0.95657
0.95657
0.95657
0.956571
0.956571
0.956571
0.956571
0.956572
0.956572
0.956572
0.956573
0.956573
0.956573
0.956574
0.956574
0.956574
0.956574
0.956575
0.956575
0.956575
0.956576
0.956576
0.956576
0.956577
0.956577
0.956577
0.956577
0.956578
0.956578
0.956578
0.956579
0.956579
0.956579
0.956579
0.95658
0.95658
0.95658
0.956581
0.956581
0.956581
0.956581
0.956582
0.956582
0.956582
0.956583
0.956583
0.956583
0.956583
0.956584
0.956584
0.956584
0.956585
0.956585
0.956585
0.956585
0.956586
0.956586
0.956586
0.956587
0.956587
0.956587
0.956587
0.956588
0.956588
0.956588
0.956588
0.956589
0.956589
0.956589
0.95659
0.95659
0.95659
0.95659
0.956591
0.956591
0.956591
0.956591
0.956592
0.956592
0.956592
0.956593
0.956593
0.956593
0.956593
0.956594
0.956594
0.956594
0.956594
0.956595
0.956595
0.956595
0.956595
0.956596
0.956596
0.956596
0.956597
0.956597
0.956597
0.956597
0.956598
0.956598
0.956598
0.956598
0.956599
0.956599
0.956599
0.956599
0.9566
0.9566
0.9566
0.9566
0.956601
0.956601
0.956601
0.956601
0.956602
0.956602
0.956602
0.956602
0.956603
0.956603
0.956603
0.956603
0.956604
0.956604
0.956604
0.956604
0.956605
0.956605
0.956605
0.956605
0.956606
0.956606
0.956606
0.956606
0.956607
0.956607
0.956607
0.956607
0.956608
0.956608
0.956608
0.956608
0.956609
0.956609
0.956609
0.956609
0.95661
0.95661
0.95661
0.95661
0.956611
0.956611
0.956611
0.956611
0.956611
0.956612
0.956612
0.956612
0.956612
0.956613
0.956613
0.956613
0.956613
0.956614
0.956614
0.956614
0.956614
0.956615
0.956615
0.956615
0.956615
0.956615
0.956616
0.956616
0.956616
0.956616
0.956617
0.956617
0.956617
0.956617
0.956618
0.956618
0.956618
0.956618
0.956618
0.956619
0.956619
0.956619
0.956619
0.95662
0.95662
0.95662
0.95662
0.95662
0.956621
0.956621
0.956621
0.956621
0.956622
0.956622
0.956622
0.956622
0.956622
0.956623
0.956623
0.956623
0.956623
0.956624
0.956624
0.956624
0.956624
0.956624
0.956625
0.956625
0.956625
0.956625
0.956626
0.956626
0.956626
0.956626
0.956626
0.956627
0.956627
0.956627
0.956627
0.956627
0.956628
0.956628
0.956628
0.956628
0.956629
0.956629
0.956629
0.956629
0.956629
0.95663
0.95663
0.95663
0.95663
0.95663
0.956631
0.956631
0.956631
0.956631
0.956631
0.956632
0.956632
0.956632
0.956632
0.956633
0.956633
0.956633
0.956633
0.956633
0.956634
0.956634
0.956634
0.956634
0.956634
0.956635
0.956635
0.956635
0.956635
0.956635
0.956636
0.956636
0.956636
0.956636
0.956636
0.956637
0.956637
0.956637
0.956637
0.956637
0.956638
0.956638
0.956638
0.956638
0.956638
0.956639
0.956639
0.956639
0.956639
0.956639
0.95664
0.95664
0.95664
0.95664
0.95664
0.95664
0.956641
0.956641
0.956641
0.956641
0.956641
0.956642
0.956642
0.956642
0.956642
0.956642
0.956643
0.956643
0.956643
0.956643
0.956643
0.956644
0.956644
0.956644
0.956644
0.956644
0.956644
0.956645
0.956645
0.956645
0.956645
0.956645
0.956646
0.956646
0.956646
0.956646
0.956646
0.956647
0.956647
0.956647
0.956647
0.956647
0.956647
0.956648
0.956648
0.956648
0.956648
0.956648
0.956649
0.956649
0.956649
0.956649
0.956649
0.956649
0.95665
0.95665
0.95665
0.95665
0.95665
0.956651
0.956651
0.956651
0.956651
0.956651
0.956651
0.956652
0.956652
0.956652
0.956652
0.956652
0.956652
0.956653
0.956653
0.956653
0.956653
0.956653
0.956654
0.956654
0.956654
0.956654
0.956654
0.956654
0.956655
0.956655
0.956655
0.956655
0.956655
0.956655
0.956656
0.956656
0.956656
0.956656
0.956656
0.956656
0.956657
0.956657
0.956657
0.956657
0.956657
0.956657
0.956658
0.956658
0.956658
0.956658
0.956658
0.956658
0.956659
0.956659
0.956659
0.956659
0.956659
0.956659
0.95666
0.95666
0.95666
0.95666
0.95666
0.95666
0.956661
0.956661
0.956661
0.956661
0.956661
0.956661
0.956662
0.956662
0.956662
0.956662
0.956662
0.956662
0.956663
0.956663
0.956663
0.956663
0.956663
0.956663
0.956664
0.956664
0.956664
0.956664
0.956664
0.956664
0.956665
0.956665
0.956665
0.956665
0.956665
0.956665
0.956665
0.956666
0.956666
0.956666
0.956666
0.956666
0.956666
0.956667
0.956667
0.956667
0.956667
0.956667
0.956667
0.956667
0.956668
0.956668
0.956668
0.956668
0.956668
0.956668
0.956669
0.956669
0.956669
0.956669
0.956669
0.956669
0.956669
0.95667
0.95667
0.95667
0.95667
0.95667
0.95667
0.956671
0.956671
0.956671
0.956671
0.956671
0.956671
0.956671
0.956672
0.956672
0.956672
0.956672
0.956672
0.956672
0.956672
0.956673
0.956673
0.956673
0.956673
0.956673
0.956673
0.956673
0.956674
0.956674
0.956674
0.956674
0.956674
0.956674
0.956675
0.956675
0.956675
0.956675
0.956675
0.956675
0.956675
0.956676
0.956676
0.956676
0.956676
0.956676
0.956676
0.956676
0.956677
0.956677
0.956677
0.956677
0.956677
0.956677
0.956677
0.956677
0.956678
0.956678
0.956678
0.956678
0.956678
0.956678
0.956678
0.956679
0.956679
0.956679
0.956679
0.956679
0.956679
0.956679
0.95668
0.95668
0.95668
0.95668
0.95668
0.95668
0.95668
0.956681
0.956681
0.956681
0.956681
0.956681
0.956681
0.956681
0.956681
0.956682
0.956682
0.956682
0.956682
0.956682
0.956682
0.956682
0.956683
0.956683
0.956683
0.956683
0.956683
0.956683
0.956683
0.956683
0.956684
0.956684
0.956684
0.956684
0.956684
0.956684
0.956684
0.956685
0.956685
0.956685
0.956685
0.956685
0.956685
0.956685
0.956685
0.956686
0.956686
0.956686
0.956686
0.956686
0.956686
0.956686
0.956686
0.956687
0.956687
0.956687
0.956687
0.956687
0.956687
0.956687
0.956687
0.956688
0.956688
0.956688
0.956688
0.956688
0.956688
0.956688
0.956688
0.956689
0.956689
0.956689
0.956689
0.956689
0.956689
0.956689
0.956689
0.95669
0.95669
0.95669
0.95669
0.95669
0.95669
0.95669
0.95669
0.956691
0.956691
0.956691
0.956691
0.956691
0.956691
0.956691
0.956691
0.956692
0.956692
0.956692
0.956692
0.956692
0.956692
0.956692
0.956692
0.956693
0.956693
0.956693
0.956693
0.956693
0.956693
0.956693
0.956693
0.956693
0.956694
0.956694
0.956694
0.956694
0.956694
0.956694
0.956694
0.956694
0.956695
0.956695
0.956695
0.956695
0.956695
0.956695
0.956695
0.956695
0.956695
0.956696
0.956696
0.956696
0.956696
0.956696
0.956696
0.956696
0.956696
0.956697
0.956697
0.956697
0.956697
0.956697
0.956697
0.956697
0.956697
0.956697
0.956698
0.956698
0.956698
0.956698
0.956698
0.956698
0.956698
0.956698
0.956698
0.956699
0.956699
0.956699
0.956699
0.956699
0.956699
0.956699
0.956699
0.956699
0.9567
0.9567
0.9567
0.9567
0.9567
0.9567
0.9567
0.9567
0.9567
0.956701
0.956701
0.956701
0.956701
0.956701
0.956701
0.956701
0.956701
0.956701
0.956702
0.956702
0.956702
0.956702
0.956702
0.956702
0.956702
0.956702
0.956702
0.956702
0.956703
0.956703
0.956703
0.956703
0.956703
0.956703
0.956703
0.956703
0.956703
0.956704
0.956704
0.956704
0.956704
0.956704
0.956704
0.956704
0.956704
0.956704
0.956704
0.956705
0.956705
0.956705
0.956705
0.956705
0.956705
0.956705
0.956705
0.956705
0.956705
0.956706
0.956706
0.956706
0.956706
0.956706
0.956706
0.956706
0.956706
0.956706
0.956707
0.956707
0.956707
0.956707
0.956707
0.956707
0.956707
0.956707
0.956707
0.956707
0.956708
0.956708
0.956708
0.956708
0.956708
0.956708
0.956708
0.956708
0.956708
0.956708
0.956709
0.956709
0.956709
0.956709
0.956709
0.956709
0.956709
0.956709
0.956709
0.956709
0.956709
0.95671
0.95671
0.95671
0.95671
0.95671
0.95671
0.95671
0.95671
0.95671
0.95671
0.956711
0.956711
0.956711
0.956711
0.956711
0.956711
0.956711
0.956711
0.956711
0.956711
0.956712
0.956712
0.956712
0.956712
0.956712
0.956712
0.956712
0.956712
0.956712
0.956712
0.956712
0.956713
0.956713
0.956713
0.956713
0.956713
0.956713
0.956713
0.956713
0.956713
0.956713
0.956713
0.956714
0.956714
0.956714
0.956714
0.956714
0.956714
0.956714
0.956714
0.956714
0.956714
0.956714
0.956715
0.956715
0.956715
0.956715
0.956715
0.956715
0.956715
0.956715
0.956715
0.956715
0.956715
0.956716
0.956716
0.956716
0.956716
0.956716
0.956716
0.956716
0.956716
0.956716
0.956716
0.956716
0.956717
0.956717
0.956717
0.956717
0.956717
0.956717
0.956717
0.956717
0.956717
0.956717
0.956717
0.956717
0.956718
0.956718
0.956718
0.956718
0.956718
0.956718
0.956718
0.956718
0.956718
0.956718
0.956718
0.956719
0.956719
0.956719
0.956719
0.956719
0.956719
0.956719
0.956719
0.956719
0.956719
0.956719
0.956719
0.95672
0.95672
0.95672
0.95672
0.95672
0.95672
0.95672
0.95672
0.95672
0.95672
0.95672
0.95672
0.956721
0.956721
0.956721
0.956721
0.956721
0.956721
0.956721
0.956721
0.956721
0.956721
0.956721
0.956721
0.956722
0.956722
0.956722
0.956722
0.956722
0.956722
0.956722
0.956722
0.956722
0.956722
0.956722
0.956722
0.956723
0.956723
0.956723
0.956723
0.956723
0.956723
0.956723
0.956723
0.956723
0.956723
0.956723
0.956723
0.956723
0.956724
0.956724
0.956724
0.956724
0.956724
0.956724
0.956724
0.956724
0.956724
0.956724
0.956724
0.956724
0.956725
0.956725
0.956725
0.956725
0.956725
0.956725
0.956725
0.956725
0.956725
0.956725
0.956725
0.956725
0.956725
0.956726
0.956726
0.956726
0.956726
0.956726
0.956726
0.956726
0.956726
0.956726
0.956726
0.956726
0.956726
0.956726
0.956727
0.956727
0.956727
0.956727
0.956727
0.956727
0.956727
0.956727
0.956727
0.956727
0.956727
0.956727
0.956727
0.956727
0.956728
0.956728
0.956728
0.956728
0.956728
0.956728
0.956728
0.956728
0.956728
0.956728
0.956728
0.956728
0.956728
0.956729
0.956729
0.956729
0.956729
0.956729
0.956729
0.956729
0.956729
0.956729
0.956729
0.956729
0.956729
0.956729
0.956729
0.95673
0.95673
0.95673
0.95673
0.95673
0.95673
0.95673
0.95673
0.95673
0.95673
0.95673
0.95673
0.95673
0.95673
0.956731
0.956731
0.956731
0.956731
0.956731
0.956731
0.956731
0.956731
0.956731
0.956731
0.956731
0.956731
0.956731
0.956731
0.956732
0.956732
0.956732
0.956732
0.956732
0.956732
0.956732
0.956732
0.956732
0.956732
0.956732
0.956732
0.956732
0.956732
0.956732
0.956733
0.956733
0.956733
0.956733
0.956733
0.956733
0.956733
0.956733
0.956733
0.956733
0.956733
0.956733
0.956733
0.956733
0.956734
0.956734
0.956734
0.956734
0.956734
0.956734
0.956734
0.956734
0.956734
0.956734
0.956734
0.956734
0.956734
0.956734
0.956734
0.956735
0.956735
0.956735
0.956735
0.956735
0.956735
0.956735
0.956735
0.956735
0.956735
0.956735
0.956735
0.956735
0.956735
0.956735
0.956735
0.956736
0.956736
0.956736
0.956736
0.956736
0.956736
0.956736
0.956736
0.956736
0.956736
0.956736
0.956736
0.956736
0.956736
0.956736
0.956737
0.956737
0.956737
0.956737
0.956737
0.956737
0.956737
0.956737
0.956737
0.956737
0.956737
0.956737
0.956737
0.956737
0.956737
0.956737
0.956738
0.956738
0.956738
0.956738
0.956738
0.956738
0.956738
0.956738
0.956738
0.956738
0.956738
0.956738
0.956738
0.956738
0.956738
0.956738
0.956739
0.956739
0.956739
0.956739
0.956739
0.956739
0.956739
0.956739
0.956739
0.956739
0.956739
0.956739
0.956739
0.956739
0.956739
0.956739
0.956739
0.95674
0.95674
0.95674
0.95674
0.95674
0.95674
0.95674
0.95674
0.95674
0.95674
0.95674
0.95674
0.95674
0.95674
0.95674
0.95674
0.95674
0.956741
0.956741
0.956741
0.956741
0.956741
0.956741
0.956741
0.956741
0.956741
0.956741
0.956741
0.956741
0.956741
0.956741
0.956741
0.956741
0.956741
0.956742
0.956742
0.956742
0.956742
0.956742
0.956742
0.956742
0.956742
0.956742
0.956742
0.956742
0.956742
0.956742
0.956742
0.956742
0.956742
0.956742
0.956742
0.956743
0.956743
0.956743
0.956743
0.956743
0.956743
0.956743
0.956743
0.956743
0.956743
0.956743
0.956743
0.956743
0.956743
0.956743
0.956743
0.956743
0.956744
0.956744
0.956744
0.956744
0.956744
0.956744
0.956744
0.956744
0.956744
0.956744
0.956744
0.956744
0.956744
0.956744
0.956744
0.956744
0.956744
0.956744
0.956744
0.956745
0.956745
0.956745
0.956745
0.956745
0.956745
0.956745
0.956745
0.956745
0.956745
0.956745
0.956745
0.956745
0.956745
0.956745
0.956745
0.956745
0.956745
0.956746
0.956746
0.956746
0.956746
0.956746
0.956746
0.956746
0.956746
0.956746
0.956746
0.956746
0.956746
0.956746
0.956746
0.956746
0.956746
0.956746
0.956746
0.956746
0.956746
0.956747
0.956747
0.956747
0.956747
0.956747
0.956747
0.956747
0.956747
0.956747
0.956747
0.956747
0.956747
0.956747
0.956747
0.956747
0.956747
0.956747
0.956747
0.956747
0.956748
0.956748
0.956748
0.956748
0.956748
0.956748
0.956748
0.956748
0.956748
0.956748
0.956748
0.956748
0.956748
0.956748
0.956748
0.956748
0.956748
0.956748
0.956748
0.956748
0.956749
0.956749
0.956749
0.956749
0.956749
0.956749
0.956749
0.956749
0.956749
0.956749
0.956749
0.956749
0.956749
0.956749
0.956749
0.956749
0.956749
0.956749
0.956749
0.956749
0.956749
0.95675
0.95675
0.95675
0.95675
0.95675
0.95675
0.95675
0.95675
0.95675
0.95675
0.95675
0.95675
0.95675
0.95675
0.95675
0.95675
0.95675
0.95675
0.95675
0.95675
0.95675
0.956751
0.956751
0.956751
0.956751
0.956751
0.956751
0.956751
0.956751
0.956751
0.956751
0.956751
0.956751
0.956751
0.956751
0.956751
0.956751
0.956751
0.956751
0.956751
0.956751
0.956751
0.956752
0.956752
0.956752
0.956752
0.956752
0.956752
0.956752
0.956752
0.956752
0.956752
0.956752
0.956752
0.956752
0.956752
0.956752
0.956752
0.956752
0.956752
0.956752
0.956752
0.956752
0.956752
0.956753
0.956753
0.956753
0.956753
0.956753
0.956753
0.956753
0.956753
0.956753
0.956753
0.956753
0.956753
0.956753
0.956753
0.956753
0.956753
0.956753
0.956753
0.956753
0.956753
0.956753
0.956753
0.956753
0.956754
0.956754
0.956754
0.956754
0.956754
0.956754
0.956754
0.956754
0.956754
0.956754
0.956754
0.956754
0.956754
0.956754
0.956754
0.956754
0.956754
0.956754
0.956754
0.956754
0.956754
0.956754
0.956754
0.956755
0.956755
0.956755
0.956755
0.956755
0.956755
0.956755
0.956755
0.956755
0.956755
0.956755
0.956755
0.956755
0.956755
0.956755
0.956755
0.956755
0.956755
0.956755
0.956755
0.956755
0.956755
0.956755
0.956755
0.956756
0.956756
0.956756
0.956756
0.956756
0.956756
0.956756
0.956756
0.956756
0.956756
0.956756
0.956756
0.956756
0.956756
0.956756
0.956756
0.956756
0.956756
0.956756
0.956756
0.956756
0.956756
0.956756
0.956756
0.956757
0.956757
0.956757
0.956757
0.956757
0.956757
0.956757
0.956757
0.956757
0.956757
0.956757
0.956757
0.956757
0.956757
0.956757
0.956757
0.956757
0.956757
0.956757
0.956757
0.956757
0.956757
0.956757
0.956757
0.956757
0.956757
0.956758
0.956758
0.956758
0.956758
0.956758
0.956758
0.956758
0.956758
0.956758
0.956758
0.956758
0.956758
0.956758
0.956758
0.956758
0.956758
0.956758
0.956758
0.956758
0.956758
0.956758
0.956758
0.956758
0.956758
0.956758
0.956758
0.956759
0.956759
0.956759
0.956759
0.956759
0.956759
0.956759
0.956759
0.956759
0.956759
0.956759
0.956759
0.956759
0.956759
0.956759
0.956759
0.956759
0.956759
0.956759
0.956759
0.956759
0.956759
0.956759
0.956759
0.956759
0.956759
0.95676
0.95676
0.95676
0.95676
0.95676
0.95676
0.95676
0.95676
0.95676
0.95676
0.95676
0.95676
0.95676
0.95676
0.95676
0.95676
0.95676
0.95676
0.95676
0.95676
0.95676
0.95676
0.95676
0.95676
0.95676
0.95676
0.95676
0.95676
0.956761
0.956761
0.956761
0.956761
0.956761
0.956761
0.956761
0.956761
0.956761
0.956761
0.956761
0.956761
0.956761
0.956761
0.956761
0.956761
0.956761
0.956761
0.956761
0.956761
0.956761
0.956761
0.956761
0.956761
0.956761
0.956761
0.956761
0.956761
0.956762
0.956762
0.956762
0.956762
0.956762
0.956762
0.956762
0.956762
0.956762
0.956762
0.956762
0.956762
0.956762
0.956762
0.956762
0.956762
0.956762
0.956762
0.956762
0.956762
0.956762
0.956762
0.956762
0.956762
0.956762
0.956762
0.956762
0.956762
0.956762
0.956762
0.956763
0.956763
0.956763
0.956763
0.956763
0.956763
0.956763
0.956763
0.956763
0.956763
0.956763
0.956763
0.956763
0.956763
0.956763
0.956763
0.956763
0.956763
0.956763
0.956763
0.956763
0.956763
0.956763
0.956763
0.956763
0.956763
0.956763
0.956763
0.956763
0.956763
0.956764
0.956764
0.956764
0.956764
0.956764
0.956764
0.956764
0.956764
0.956764
0.956764
0.956764
0.956764
0.956764
0.956764
0.956764
0.956764
0.956764
0.956764
0.956764
0.956764
0.956764
0.956764
0.956764
0.956764
0.956764
0.956764
0.956764
0.956764
0.956764
0.956764
0.956764
0.956765
0.956765
0.956765
0.956765
0.956765
0.956765
0.956765
0.956765
0.956765
0.956765
0.956765
0.956765
0.956765
0.956765
0.956765
0.956765
0.956765
0.956765
0.956765
0.956765
0.956765
0.956765
0.956765
0.956765
0.956765
0.956765
0.956765
0.956765
0.956765
0.956765
0.956765
0.956765
0.956765
0.956766
0.956766
0.956766
0.956766
0.956766
0.956766
0.956766
0.956766
0.956766
0.956766
0.956766
0.956766
0.956766
0.956766
0.956766
0.956766
0.956766
0.956766
0.956766
0.956766
0.956766
0.956766
0.956766
0.956766
0.956766
0.956766
0.956766
0.956766
0.956766
0.956766
0.956766
0.956766
0.956766
0.956766
0.956767
0.956767
0.956767
0.956767
0.956767
0.956767
0.956767
0.956767
0.956767
0.956767
0.956767
0.956767
0.956767
0.956767
0.956767
0.956767
0.956767
0.956767
0.956767
0.956767
0.956767
0.956767
0.956767
0.956767
0.956767
0.956767
0.956767
0.956767
0.956767
0.956767
0.956767
0.956767
0.956767
0.956767
0.956768
0.956768
0.956768
0.956768
0.956768
0.956768
0.956768
0.956768
0.956768
0.956768
0.956768
0.956768
0.956768
0.956768
0.956768
0.956768
0.956768
0.956768
0.956768
0.956768
0.956768
0.956768
0.956768
0.956768
0.956768
0.956768
0.956768
0.956768
0.956768
0.956768
0.956768
0.956768
0.956768
0.956768
0.956768
0.956768
0.956768
0.956769
0.956769
0.956769
0.956769
0.956769
0.956769
0.956769
0.956769
0.956769
0.956769
0.956769
0.956769
0.956769
0.956769
0.956769
0.956769
0.956769
0.956769
0.956769
0.956769
0.956769
0.956769
0.956769
0.956769
0.956769
0.956769
0.956769
0.956769
0.956769
0.956769
0.956769
0.956769
0.956769
0.956769
0.956769
0.956769
0.956769
0.956769
0.95677
0.95677
0.95677
0.95677
0.95677
0.95677
0.95677
0.95677
0.95677
0.95677
0.95677
0.95677
0.95677
0.95677
0.95677
0.95677
0.95677
0.95677
0.95677
0.95677
0.95677
0.95677
0.95677
0.95677
0.95677
0.95677
0.95677
0.95677
0.95677
0.95677
0.95677
0.95677
0.95677
0.95677
0.95677
0.95677
0.95677
0.95677
0.95677
0.956771
0.956771
0.956771
0.956771
0.956771
0.956771
0.956771
0.956771
0.956771
0.956771
0.956771
0.956771
0.956771
0.956771
0.956771
0.956771
0.956771
0.956771
0.956771
0.956771
0.956771
0.956771
0.956771
0.956771
0.956771
0.956771
0.956771
0.956771
0.956771
0.956771
0.956771
0.956771
0.956771
0.956771
0.956771
0.956771
0.956771
0.956771
0.956771
0.956771
0.956771
0.956772
0.956772
0.956772
0.956772
0.956772
0.956772
0.956772
0.956772
0.956772
0.956772
0.956772
0.956772
0.956772
0.956772
0.956772
0.956772
0.956772
0.956772
0.956772
0.956772
0.956772
0.956772
0.956772
0.956772
0.956772
0.956772
0.956772
0.956772
0.956772
0.956772
0.956772
0.956772
0.956772
0.956772
0.956772
0.956772
0.956772
0.956772
0.956772
0.956772
0.956772
0.956772
0.956772
0.956773
0.956773
0.956773
0.956773
0.956773
0.956773
0.956773
0.956773
0.956773
0.956773
0.956773
0.956773
0.956773
0.956773
0.956773
0.956773
0.956773
0.956773
0.956773
0.956773
0.956773
0.956773
0.956773
0.956773
0.956773
0.956773
0.956773
0.956773
0.956773
0.956773
0.956773
0.956773
0.956773
0.956773
0.956773
0.956773
0.956773
0.956773
0.956773
0.956773
0.956773
0.956773
0.956773
0.956773
0.956773
0.956774
0.956774
0.956774
0.956774
0.956774
0.956774
0.956774
0.956774
0.956774
0.956774
0.956774
0.956774
0.956774
0.956774
0.956774
0.956774
0.956774
0.956774
0.956774
0.956774
0.956774
0.956774
0.956774
0.956774
0.956774
0.956774
0.956774
0.956774
0.956774
0.956774
0.956774
0.956774
0.956774
0.956774
0.956774
0.956774
0.956774
0.956774
0.956774
0.956774
0.956774
0.956774
0.956774
0.956774
0.956774
0.956774
0.956774
0.956774
0.956775
0.956775
0.956775
0.956775
0.956775
0.956775
0.956775
0.956775
0.956775
0.956775
0.956775
0.956775
0.956775
0.956775
0.956775
0.956775
0.956775
0.956775
0.956775
0.956775
0.956775
0.956775
0.956775
0.956775
0.956775
0.956775
0.956775
0.956775
0.956775
0.956775
0.956775
0.956775
0.956775
0.956775
0.956775
0.956775
0.956775
0.956775
0.956775
0.956775
0.956775
0.956775
0.956775
0.956775
0.956775
0.956775
0.956775
0.956775
0.956775
0.956775
0.956776
0.956776
0.956776
0.956776
0.956776
0.956776
0.956776
0.956776
0.956776
0.956776
0.956776
0.956776
0.956776
0.956776
0.956776
0.956776
0.956776
0.956776
0.956776
0.956776
0.956776
0.956776
0.956776
0.956776
0.956776
0.956776
0.956776
0.956776
0.956776
0.956776
0.956776
0.956776
0.956776
0.956776
0.956776
0.956776
0.956776
0.956776
0.956776
0.956776
0.956776
0.956776
0.956776
0.956776
0.956776
0.956776
0.956776
0.956776
0.956776
0.956776
0.956776
0.956776
0.956777
0.956777
0.956777
0.956777
0.956777
0.956777
0.956777
0.956777
0.956777
0.956777
0.956777
0.956777
0.956777
0.956777
0.956777
0.956777
0.956777
0.956777
0.956777
0.956777
0.956777
0.956777
0.956777
0.956777
0.956777
0.956777
0.956777
0.956777
0.956777
0.956777
0.956777
0.956777
0.956777
0.956777
0.956777
0.956777
0.956777
0.956777
0.956777
0.956777
0.956777
0.956777
0.956777
0.956777
0.956777
0.956777
0.956777
0.956777
0.956777
0.956777
0.956777
0.956777
0.956777
0.956777
0.956777
0.956777
0.956778
0.956778
0.956778
0.956778
0.956778
0.956778
0.956778
0.956778
0.956778
0.956778
0.956778
0.956778
0.956778
0.956778
0.956778
0.956778
0.956778
0.956778
0.956778
0.956778
0.956778
0.956778
0.956778
0.956778
0.956778
0.956778
0.956778
0.956778
0.956778
0.956778
0.956778
0.956778
0.956778
0.956778
0.956778
0.956778
0.956778
0.956778
0.956778
0.956778
0.956778
0.956778
0.956778
0.956778
0.956778
0.956778
0.956778
0.956778
0.956778
0.956778
0.956778
0.956778
0.956778
0.956778
0.956778
0.956778
0.956778
0.956778
0.956778
0.956779
0.956779
0.956779
0.956779
0.956779
0.956779
0.956779
0.956779
0.956779
0.956779
0.956779
0.956779
0.956779
0.956779
0.956779
0.956779
0.956779
0.956779
0.956779
0.956779
0.956779
0.956779
0.956779
0.956779
0.956779
0.956779
0.956779
0.956779
0.956779
0.956779
0.956779
0.956779
0.956779
0.956779
0.956779
0.956779
0.956779
0.956779
0.956779
0.956779
0.956779
0.956779
0.956779
0.956779
0.956779
0.956779
0.956779
0.956779
0.956779
0.956779
0.956779
0.956779
0.956779
0.956779
0.956779
0.956779
0.956779
0.956779
0.956779
0.956779
0.956779
0.956779
0.956779
0.95678
0.95678
0.95678
0.95678
0.95678
0.95678
0.95678
0.95678
0.95678
0.95678
0.95678
0.95678
0.95678
0.95678
0.95678
0.95678
0.95678
0.95678
0.95678
0.95678
0.95678
0.95678
0.95678
0.95678
0.95678
0.95678
0.95678
0.95678
0.95678
0.95678
0.95678
0.95678
0.95678
0.95678
0.95678
0.95678
0.95678
0.95678
0.95678
0.95678
0.95678
0.95678
0.95678
0.95678
0.95678
0.95678
0.95678
0.95678
0.95678
0.95678
0.95678
0.95678
0.95678
0.95678
0.95678
0.95678
0.95678
0.95678
0.95678
0.95678
0.95678
0.95678
0.95678
0.95678
0.95678
0.95678
0.95678
0.956781
0.956781
0.956781
0.956781
0.956781
0.956781
0.956781
0.956781
0.956781
0.956781
0.956781
0.956781
0.956781
0.956781
0.956781
0.956781
0.956781
0.956781
0.956781
0.956781
0.956781
0.956781
0.956781
0.956781
0.956781
0.956781
0.956781
0.956781
0.956781
0.956781
0.956781
0.956781
0.956781
0.956781
0.956781
0.956781
0.956781
0.956781
0.956781
0.956781
0.956781
0.956781
0.956781
0.956781
0.956781
0.956781
0.956781
0.956781
0.956781
0.956781
0.956781
0.956781
0.956781
0.956781
0.956781
0.956781
0.956781
0.956781
0.956781
0.956781
0.956781
0.956781
0.956781
0.956781
0.956781
0.956781
0.956781
0.956781
0.956781
0.956781
0.956781
0.956781
0.956782
0.956782
0.956782
0.956782
0.956782
0.956782
0.956782
0.956782
0.956782
0.956782
0.956782
0.956782
0.956782
0.956782
0.956782
0.956782
0.956782
0.956782
0.956782
0.956782
0.956782
0.956782
0.956782
0.956782
0.956782
0.956782
0.956782
0.956782
0.956782
0.956782
0.956782
0.956782
0.956782
0.956782
0.956782
0.956782
0.956782
0.956782
0.956782
0.956782
0.956782
0.956782
0.956782
0.956782
0.956782
0.956782
0.956782
0.956782
0.956782
0.956782
0.956782
0.956782
0.956782
0.956782
0.956782
0.956782
0.956782
0.956782
0.956782
0.956782
0.956782
0.956782
0.956782
0.956782
0.956782
0.956782
0.956782
0.956782
0.956782
0.956782
0.956782
0.956782
0.956782
0.956782
0.956782
0.956782
0.956782
0.956782
0.956783
0.956783
0.956783
0.956783
0.956783
0.956783
0.956783
0.956783
0.956783
0.956783
0.956783
0.956783
0.956783
0.956783
0.956783
0.956783
0.956783
0.956783
0.956783
0.956783
0.956783
0.956783
0.956783
0.956783
0.956783
0.956783
0.956783
0.956783
0.956783
0.956783
0.956783
0.956783
0.956783
0.956783
0.956783
0.956783
0.956783
0.956783
0.956783
0.956783
0.956783
0.956783
0.956783
0.956783
0.956783
0.956783
0.956783
0.956783
0.956783
0.956783
0.956783
0.956783
0.956783
0.956783
0.956783
0.956783
0.956783
0.956783
0.956783
0.956783
0.956783
0.956783
0.956783
0.956783
0.956783
0.956783
0.956783
0.956783
0.956783
0.956783
0.956783
0.956783
0.956783
0.956783
0.956783
0.956783
0.956783
0.956783
0.956783
0.956783
