0.001
0.00577009
0.0114594
0.0174556
0.0234905
0.0294481
0.0352831
0.0409835
0.0465527
0.0520006
0.0573391
0.0625802
0.0677348
0.0728126
0.0778221
0.0827704
0.0876635
0.0925064
0.0973032
0.102058
0.106772
0.11145
0.116092
0.1207
0.125277
0.129822
0.134338
0.138824
0.143282
0.147712
0.152115
0.15649
0.16084
0.165163
0.16946
0.173732
0.177979
0.1822
0.186397
0.190569
0.194716
0.198839
0.202937
0.207012
0.211062
0.215089
0.219091
0.22307
0.227026
0.230958
0.234867
0.238753
0.242615
0.246455
0.250271
0.254065
0.257836
0.261584
0.26531
0.269013
0.272695
0.276353
0.27999
0.283605
0.287198
0.290768
0.294318
0.297845
0.301351
0.304835
0.308299
0.31174
0.315161
0.318561
0.321939
0.325297
0.328634
0.331951
0.335246
0.338522
0.341777
0.345012
0.348226
0.351421
0.354595
0.35775
0.360885
0.364
0.367096
0.370172
0.373229
0.376267
0.379286
0.382286
0.385266
0.388228
0.391171
0.394096
0.397002
0.39989
0.402759
0.40561
0.408443
0.411258
0.414056
0.416835
0.419597
0.422341
0.425068
0.427777
0.430469
0.433144
0.435802
0.438442
0.441066
0.443674
0.446264
0.448838
0.451396
0.453937
0.456462
0.458971
0.461464
0.46394
0.466401
0.468846
0.471276
0.47369
0.476088
0.478472
0.480839
0.483192
0.48553
0.487852
0.49016
0.492453
0.494731
0.496995
0.499244
0.501479
0.503699
0.505905
0.508097
0.510275
0.512439
0.514589
0.516726
0.518849
0.520958
0.523053
0.525135
0.527204
0.52926
0.531302
0.533332
0.535348
0.537352
0.539342
0.54132
0.543286
0.545238
0.547179
0.549107
0.551022
0.552926
0.554817
0.556696
0.558563
0.560419
0.562262
0.564094
0.565914
0.567722
0.569519
0.571305
0.573079
0.574842
0.576593
0.578334
0.580063
0.581782
0.583489
0.585186
0.586872
0.588548
0.590212
0.591866
0.59351
0.595143
0.596766
0.598379
0.599982
0.601574
0.603156
0.604729
0.606291
0.607844
0.609386
0.610919
0.612443
0.613957
0.615461
0.616956
0.618441
0.619917
0.621384
0.622842
0.62429
0.62573
0.62716
0.628581
0.629994
0.631398
0.632792
0.634179
0.635556
0.636925
0.638286
0.639637
0.640981
0.642316
0.643643
0.644961
0.646272
0.647574
0.648868
0.650154
0.651432
0.652702
0.653964
0.655219
0.656466
0.657704
0.658936
0.660159
0.661376
0.662584
0.663785
0.664979
0.666165
0.667344
0.668516
0.669681
0.670838
0.671989
0.673132
0.674268
0.675397
0.67652
0.677635
0.678744
0.679846
0.680941
0.682029
0.683111
0.684186
0.685255
0.686317
0.687372
0.688421
0.689464
0.6905
0.691531
0.692554
0.693572
0.694583
0.695589
0.696588
0.697581
0.698568
0.69955
0.700525
0.701494
0.702458
0.703415
0.704367
0.705313
0.706254
0.707189
0.708118
0.709041
0.709959
0.710872
0.711779
0.712681
0.713577
0.714468
0.715353
0.716233
0.717108
0.717978
0.718842
0.719702
0.720556
0.721405
0.722249
0.723088
0.723922
0.724751
0.725575
0.726395
0.727209
0.728019
0.728823
0.729624
0.730419
0.731209
0.731995
0.732777
0.733553
0.734325
0.735093
0.735856
0.736614
0.737368
0.738118
0.738863
0.739604
0.74034
0.741073
0.7418
0.742524
0.743243
0.743959
0.74467
0.745376
0.746079
0.746778
0.747472
0.748163
0.748849
0.749532
0.75021
0.750885
0.751555
0.752222
0.752885
0.753544
0.754199
0.754851
0.755498
0.756142
0.756782
0.757419
0.758052
0.758681
0.759306
0.759928
0.760547
0.761162
0.761773
0.762381
0.762985
0.763586
0.764183
0.764777
0.765368
0.765955
0.766539
0.767119
0.767697
0.76827
0.768841
0.769408
0.769973
0.770534
0.771091
0.771646
0.772197
0.772746
0.773291
0.773833
0.774372
0.774908
0.775441
0.775971
0.776498
0.777022
0.777543
0.778061
0.778576
0.779089
0.779598
0.780105
0.780608
0.781109
0.781607
0.782103
0.782595
0.783085
0.783572
0.784056
0.784538
0.785017
0.785493
0.785967
0.786438
0.786906
0.787372
0.787835
0.788295
0.788754
0.789209
0.789662
0.790112
0.79056
0.791006
0.791449
0.79189
0.792328
0.792763
0.793197
0.793628
0.794056
0.794483
0.794906
0.795328
0.795747
0.796164
0.796579
0.796991
0.797401
0.797809
0.798215
0.798618
0.79902
0.799419
0.799816
0.80021
0.800603
0.800993
0.801382
0.801768
0.802152
0.802534
0.802914
0.803292
0.803668
0.804042
0.804414
0.804783
0.805151
0.805517
0.805881
0.806243
0.806603
0.806961
0.807317
0.807671
0.808023
0.808374
0.808722
0.809069
0.809414
0.809757
0.810098
0.810437
0.810775
0.811111
0.811445
0.811777
0.812107
0.812436
0.812763
0.813088
0.813411
0.813733
0.814053
0.814371
0.814688
0.815003
0.815316
0.815628
0.815938
0.816246
0.816553
0.816858
0.817162
0.817464
0.817764
0.818063
0.81836
0.818656
0.81895
0.819242
0.819533
0.819823
0.820111
0.820397
0.820682
0.820966
0.821248
0.821529
0.821808
0.822085
0.822362
0.822636
0.82291
0.823182
0.823452
0.823722
0.823989
0.824256
0.824521
0.824784
0.825047
0.825308
0.825567
0.825826
0.826083
0.826338
0.826592
0.826845
0.827097
0.827348
0.827597
0.827845
0.828091
0.828337
0.828581
0.828824
0.829065
0.829306
0.829545
0.829783
0.83002
0.830255
0.830489
0.830723
0.830955
0.831185
0.831415
0.831644
0.831871
0.832097
0.832322
0.832546
0.832769
0.83299
0.833211
0.833431
0.833649
0.833866
0.834082
0.834297
0.834511
0.834724
0.834936
0.835147
0.835357
0.835566
0.835773
0.83598
0.836185
0.83639
0.836594
0.836796
0.836998
0.837198
0.837398
0.837597
0.837794
0.837991
0.838186
0.838381
0.838575
0.838768
0.83896
0.83915
0.83934
0.839529
0.839717
0.839905
0.840091
0.840276
0.840461
0.840644
0.840827
0.841009
0.841189
0.841369
0.841549
0.841727
0.841904
0.842081
0.842256
0.842431
0.842605
0.842778
0.84295
0.843122
0.843292
0.843462
0.843631
0.843799
0.843967
0.844133
0.844299
0.844464
0.844628
0.844791
0.844954
0.845116
0.845277
0.845437
0.845596
0.845755
0.845913
0.84607
0.846227
0.846382
0.846537
0.846692
0.846845
0.846998
0.84715
0.847301
0.847452
0.847602
0.847751
0.847899
0.848047
0.848194
0.848341
0.848486
0.848631
0.848776
0.848919
0.849062
0.849204
0.849346
0.849487
0.849627
0.849767
0.849906
0.850044
0.850182
0.850319
0.850455
0.850591
0.850726
0.850861
0.850995
0.851128
0.851261
0.851393
0.851524
0.851655
0.851785
0.851915
0.852044
0.852172
0.8523
0.852427
0.852554
0.85268
0.852805
0.85293
0.853054
0.853178
0.853301
0.853424
0.853546
0.853667
0.853788
0.853909
0.854029
0.854148
0.854267
0.854385
0.854502
0.85462
0.854736
0.854852
0.854968
0.855083
0.855197
0.855311
0.855425
0.855538
0.85565
0.855762
0.855873
0.855984
0.856095
0.856205
0.856314
0.856423
0.856531
0.856639
0.856747
0.856854
0.85696
0.857066
0.857172
0.857277
0.857381
0.857486
0.857589
0.857692
0.857795
0.857897
0.857999
0.858101
0.858202
0.858302
0.858402
0.858502
0.858601
0.8587
0.858798
0.858896
0.858993
0.85909
0.859187
0.859283
0.859379
0.859474
0.859569
0.859663
0.859757
0.859851
0.859944
0.860037
0.860129
0.860221
0.860313
0.860404
0.860495
0.860585
0.860675
0.860765
0.860854
0.860943
0.861031
0.861119
0.861207
0.861294
0.861381
0.861468
0.861554
0.86164
0.861725
0.86181
0.861895
0.861979
0.862063
0.862147
0.86223
0.862313
0.862396
0.862478
0.86256
0.862641
0.862722
0.862803
0.862884
0.862964
0.863043
0.863123
0.863202
0.863281
0.863359
0.863437
0.863515
0.863592
0.863669
0.863746
0.863823
0.863899
0.863974
0.86405
0.864125
0.8642
0.864274
0.864349
0.864423
0.864496
0.864569
0.864642
0.864715
0.864787
0.864859
0.864931
0.865003
0.865074
0.865145
0.865215
0.865285
0.865355
0.865425
0.865494
0.865563
0.865632
0.865701
0.865769
0.865837
0.865905
0.865972
0.866039
0.866106
0.866173
0.866239
0.866305
0.866371
0.866436
0.866501
0.866566
0.866631
0.866695
0.866759
0.866823
0.866887
0.86695
0.867013
0.867076
0.867139
0.867201
0.867263
0.867325
0.867387
0.867448
0.867509
0.86757
0.86763
0.867691
0.867751
0.867811
0.86787
0.86793
0.867989
0.868047
0.868106
0.868165
0.868223
0.868281
0.868338
0.868396
0.868453
0.86851
0.868567
0.868623
0.86868
0.868736
0.868792
0.868847
0.868903
0.868958
0.869013
0.869068
0.869122
0.869177
0.869231
0.869285
0.869338
0.869392
0.869445
0.869498
0.869551
0.869603
0.869656
0.869708
0.86976
0.869812
0.869863
0.869915
0.869966
0.870017
0.870068
0.870118
0.870169
0.870219
0.870269
0.870319
0.870368
0.870418
0.870467
0.870516
0.870565
0.870614
0.870662
0.87071
0.870758
0.870806
0.870854
0.870901
0.870949
0.870996
0.871043
0.87109
0.871136
0.871183
0.871229
0.871275
0.871321
0.871367
0.871412
0.871458
0.871503
0.871548
0.871593
0.871637
0.871682
0.871726
0.87177
0.871814
0.871858
0.871902
0.871945
0.871989
0.872032
0.872075
0.872118
0.87216
0.872203
0.872245
0.872287
0.872329
0.872371
0.872413
0.872454
0.872496
0.872537
0.872578
0.872619
0.87266
0.872701
0.872741
0.872781
0.872821
0.872861
0.872901
0.872941
0.872981
0.87302
0.873059
0.873098
0.873137
0.873176
0.873215
0.873253
0.873292
0.87333
0.873368
0.873406
0.873444
0.873482
0.873519
0.873557
0.873594
0.873631
0.873668
0.873705
0.873742
0.873778
0.873815
0.873851
0.873887
0.873923
0.873959
0.873995
0.874031
0.874066
0.874101
0.874137
0.874172
0.874207
0.874242
0.874276
0.874311
0.874346
0.87438
0.874414
0.874448
0.874482
0.874516
0.87455
0.874584
0.874617
0.87465
0.874684
0.874717
0.87475
0.874783
0.874816
0.874848
0.874881
0.874913
0.874946
0.874978
0.87501
0.875042
0.875074
0.875105
0.875137
0.875169
0.8752
0.875231
0.875262
0.875294
0.875324
0.875355
0.875386
0.875417
0.875447
0.875478
0.875508
0.875538
0.875568
0.875598
0.875628
0.875658
0.875687
0.875717
0.875746
0.875776
0.875805
0.875834
0.875863
0.875892
0.875921
0.87595
0.875978
0.876007
0.876035
0.876064
0.876092
0.87612
0.876148
0.876176
0.876204
0.876232
0.876259
0.876287
0.876314
0.876342
0.876369
0.876396
0.876423
0.87645
0.876477
0.876504
0.87653
0.876557
0.876584
0.87661
0.876636
0.876663
0.876689
0.876715
0.876741
0.876767
0.876792
0.876818
0.876844
0.876869
0.876895
0.87692
0.876945
0.87697
0.876996
0.877021
0.877046
0.87707
0.877095
0.87712
0.877144
0.877169
0.877193
0.877218
0.877242
0.877266
0.87729
0.877314
0.877338
0.877362
0.877386
0.877409
0.877433
0.877456
0.87748
0.877503
0.877527
0.87755
0.877573
0.877596
0.877619
0.877642
0.877665
0.877687
0.87771
0.877733
0.877755
0.877778
0.8778
0.877822
0.877845
0.877867
0.877889
0.877911
0.877933
0.877955
0.877976
0.877998
0.87802
0.878041
0.878063
0.878084
0.878105
0.878127
0.878148
0.878169
0.87819
0.878211
0.878232
0.878253
0.878274
0.878295
0.878315
0.878336
0.878356
0.878377
0.878397
0.878417
0.878438
0.878458
0.878478
0.878498
0.878518
0.878538
0.878558
0.878578
0.878597
0.878617
0.878637
0.878656
0.878676
0.878695
0.878714
0.878734
0.878753
0.878772
0.878791
0.87881
0.878829
0.878848
0.878867
0.878886
0.878905
0.878923
0.878942
0.87896
0.878979
0.878997
0.879016
0.879034
0.879052
0.879071
0.879089
0.879107
0.879125
0.879143
0.879161
0.879179
0.879196
0.879214
0.879232
0.879249
0.879267
0.879285
0.879302
0.879319
0.879337
0.879354
0.879371
0.879389
0.879406
0.879423
0.87944
0.879457
0.879474
0.879491
0.879507
0.879524
0.879541
0.879558
0.879574
0.879591
0.879607
0.879624
0.87964
0.879656
0.879673
0.879689
0.879705
0.879721
0.879737
0.879753
0.879769
0.879785
0.879801
0.879817
0.879833
0.879849
0.879864
0.87988
0.879896
0.879911
0.879927
0.879942
0.879958
0.879973
0.879988
0.880004
0.880019
0.880034
0.880049
0.880064
0.880079
0.880094
0.880109
0.880124
0.880139
0.880154
0.880168
0.880183
0.880198
0.880213
0.880227
0.880242
0.880256
0.880271
0.880285
0.880299
0.880314
0.880328
0.880342
0.880356
0.880371
0.880385
0.880399
0.880413
0.880427
0.880441
0.880455
0.880468
0.880482
0.880496
0.88051
0.880523
0.880537
0.880551
0.880564
0.880578
0.880591
0.880605
0.880618
0.880631
0.880645
0.880658
0.880671
0.880685
0.880698
0.880711
0.880724
0.880737
0.88075
0.880763
0.880776
0.880789
0.880802
0.880814
0.880827
0.88084
0.880853
0.880865
0.880878
0.880891
0.880903
0.880916
0.880928
0.880941
0.880953
0.880965
0.880978
0.88099
0.881002
0.881015
0.881027
0.881039
0.881051
0.881063
0.881075
0.881087
0.881099
0.881111
0.881123
0.881135
0.881147
0.881159
0.88117
0.881182
0.881194
0.881205
0.881217
0.881229
0.88124
0.881252
0.881263
0.881275
0.881286
0.881298
0.881309
0.88132
0.881332
0.881343
0.881354
0.881365
0.881377
0.881388
0.881399
0.88141
0.881421
0.881432
0.881443
0.881454
0.881465
0.881476
0.881487
0.881497
0.881508
0.881519
0.88153
0.88154
0.881551
0.881562
0.881572
0.881583
0.881594
0.881604
0.881615
0.881625
0.881635
0.881646
0.881656
0.881667
0.881677
0.881687
0.881697
0.881708
0.881718
0.881728
0.881738
0.881748
0.881758
0.881769
0.881779
0.881789
0.881799
0.881809
0.881818
0.881828
0.881838
0.881848
0.881858
0.881868
0.881877
0.881887
0.881897
0.881907
0.881916
0.881926
0.881935
0.881945
0.881955
0.881964
0.881974
0.881983
0.881992
0.882002
0.882011
0.882021
0.88203
0.882039
0.882049
0.882058
0.882067
0.882076
0.882085
0.882095
0.882104
0.882113
0.882122
0.882131
0.88214
0.882149
0.882158
0.882167
0.882176
0.882185
0.882194
0.882203
0.882211
0.88222
0.882229
0.882238
0.882247
0.882255
0.882264
0.882273
0.882281
0.88229
0.882299
0.882307
0.882316
0.882324
0.882333
0.882341
0.88235
0.882358
0.882367
0.882375
0.882383
0.882392
0.8824
0.882408
0.882417
0.882425
0.882433
0.882441
0.882449
0.882458
0.882466
0.882474
0.882482
0.88249
0.882498
0.882506
0.882514
0.882522
0.88253
0.882538
0.882546
0.882554
0.882562
0.88257
0.882578
0.882586
0.882593
0.882601
0.882609
0.882617
0.882624
0.882632
0.88264
0.882647
0.882655
0.882663
0.88267
0.882678
0.882686
0.882693
0.882701
0.882708
0.882716
0.882723
0.882731
0.882738
0.882745
0.882753
0.88276
0.882768
0.882775
0.882782
0.882789
0.882797
0.882804
0.882811
0.882818
0.882826
0.882833
0.88284
0.882847
0.882854
0.882861
0.882869
0.882876
0.882883
0.88289
0.882897
0.882904
0.882911
0.882918
0.882925
0.882932
0.882938
0.882945
0.882952
0.882959
0.882966
0.882973
0.88298
0.882986
0.882993
0.883
0.883007
0.883013
0.88302
0.883027
0.883033
0.88304
0.883047
0.883053
0.88306
0.883067
0.883073
0.88308
0.883086
0.883093
0.883099
0.883106
0.883112
0.883119
0.883125
0.883131
0.883138
0.883144
0.883151
0.883157
0.883163
0.88317
0.883176
0.883182
0.883189
0.883195
0.883201
0.883207
0.883213
0.88322
0.883226
0.883232
0.883238
0.883244
0.88325
0.883257
0.883263
0.883269
0.883275
0.883281
0.883287
0.883293
0.883299
0.883305
0.883311
0.883317
0.883323
0.883329
0.883335
0.88334
0.883346
0.883352
0.883358
0.883364
0.88337
0.883375
0.883381
0.883387
0.883393
0.883399
0.883404
0.88341
0.883416
0.883421
0.883427
0.883433
0.883438
0.883444
0.88345
0.883455
0.883461
0.883467
0.883472
0.883478
0.883483
0.883489
0.883494
0.8835
0.883505
0.883511
0.883516
0.883522
0.883527
0.883532
0.883538
0.883543
0.883549
0.883554
0.883559
0.883565
0.88357
0.883575
0.883581
0.883586
0.883591
0.883597
0.883602
0.883607
0.883612
0.883618
0.883623
0.883628
0.883633
0.883638
0.883643
0.883649
0.883654
0.883659
0.883664
0.883669
0.883674
0.883679
0.883684
0.883689
0.883694
0.883699
0.883704
0.883709
0.883714
0.883719
0.883724
0.883729
0.883734
0.883739
0.883744
0.883749
0.883754
0.883759
0.883763
0.883768
0.883773
0.883778
0.883783
0.883788
0.883792
0.883797
0.883802
0.883807
0.883812
0.883816
0.883821
0.883826
0.88383
0.883835
0.88384
0.883845
0.883849
0.883854
0.883858
0.883863
0.883868
0.883872
0.883877
0.883882
0.883886
0.883891
0.883895
0.8839
0.883904
0.883909
0.883913
0.883918
0.883922
0.883927
0.883931
0.883936
0.88394
0.883945
0.883949
0.883954
0.883958
0.883962
0.883967
0.883971
0.883975
0.88398
0.883984
0.883989
0.883993
0.883997
0.884001
0.884006
0.88401
0.884014
0.884019
0.884023
0.884027
0.884031
0.884036
0.88404
0.884044
0.884048
0.884052
0.884057
0.884061
0.884065
0.884069
0.884073
0.884077
0.884082
0.884086
0.88409
0.884094
0.884098
0.884102
0.884106
0.88411
0.884114
0.884118
0.884122
0.884126
0.88413
0.884134
0.884138
0.884142
0.884146
0.88415
0.884154
0.884158
0.884162
0.884166
0.88417
0.884174
0.884178
0.884182
0.884186
0.884189
0.884193
0.884197
0.884201
0.884205
0.884209
0.884213
0.884216
0.88422
0.884224
0.884228
0.884232
0.884235
0.884239
0.884243
0.884247
0.88425
0.884254
0.884258
0.884262
0.884265
0.884269
0.884273
0.884276
0.88428
0.884284
0.884287
0.884291
0.884295
0.884298
0.884302
0.884305
0.884309
0.884313
0.884316
0.88432
0.884323
0.884327
0.884331
0.884334
0.884338
0.884341
0.884345
0.884348
0.884352
0.884355
0.884359
0.884362
0.884366
0.884369
0.884373
0.884376
0.88438
0.884383
0.884387
0.88439
0.884393
0.884397
0.8844
0.884404
0.884407
0.88441
0.884414
0.884417
0.884421
0.884424
0.884427
0.884431
0.884434
0.884437
0.884441
0.884444
0.884447
0.88445
0.884454
0.884457
0.88446
0.884464
0.884467
0.88447
0.884473
0.884477
0.88448
0.884483
0.884486
0.88449
0.884493
0.884496
0.884499
0.884502
0.884505
0.884509
0.884512
0.884515
0.884518
0.884521
0.884524
0.884528
0.884531
0.884534
0.884537
0.88454
0.884543
0.884546
0.884549
0.884552
0.884555
0.884559
0.884562
0.884565
0.884568
0.884571
0.884574
0.884577
0.88458
0.884583
0.884586
0.884589
0.884592
0.884595
0.884598
0.884601
0.884604
0.884607
0.88461
0.884613
0.884616
0.884618
0.884621
0.884624
0.884627
0.88463
0.884633
0.884636
0.884639
0.884642
0.884645
0.884647
0.88465
0.884653
0.884656
0.884659
0.884662
0.884665
0.884667
0.88467
0.884673
0.884676
0.884679
0.884682
0.884684
0.884687
0.88469
0.884693
0.884695
0.884698
0.884701
0.884704
0.884706
0.884709
0.884712
0.884715
0.884717
0.88472
0.884723
0.884726
0.884728
0.884731
0.884734
0.884736
0.884739
0.884742
0.884744
0.884747
0.88475
0.884752
0.884755
0.884758
0.88476
0.884763
0.884766
0.884768
0.884771
0.884773
0.884776
0.884779
0.884781
0.884784
0.884786
0.884789
0.884792
0.884794
0.884797
0.884799
0.884802
0.884804
0.884807
0.884809
0.884812
0.884814
0.884817
0.884819
0.884822
0.884825
0.884827
0.884829
0.884832
0.884834
0.884837
0.884839
0.884842
0.884844
0.884847
0.884849
0.884852
0.884854
0.884857
0.884859
0.884861
0.884864
0.884866
0.884869
0.884871
0.884874
0.884876
0.884878
0.884881
0.884883
0.884885
0.884888
0.88489
0.884893
0.884895
0.884897
0.8849
0.884902
0.884904
0.884907
0.884909
0.884911
0.884914
0.884916
0.884918
0.884921
0.884923
0.884925
0.884927
0.88493
0.884932
0.884934
0.884937
0.884939
0.884941
0.884943
0.884946
0.884948
0.88495
0.884952
0.884955
0.884957
0.884959
0.884961
0.884964
0.884966
0.884968
0.88497
0.884972
0.884975
0.884977
0.884979
0.884981
0.884983
0.884986
0.884988
0.88499
0.884992
0.884994
0.884996
0.884998
0.885001
0.885003
0.885005
0.885007
0.885009
0.885011
0.885013
0.885016
0.885018
0.88502
0.885022
0.885024
0.885026
0.885028
0.88503
0.885032
0.885034
0.885036
0.885039
0.885041
0.885043
0.885045
0.885047
0.885049
0.885051
0.885053
0.885055
0.885057
0.885059
0.885061
0.885063
0.885065
0.885067
0.885069
0.885071
0.885073
0.885075
0.885077
0.885079
0.885081
0.885083
0.885085
0.885087
0.885089
0.885091
0.885093
0.885095
0.885097
0.885099
0.885101
0.885103
0.885105
0.885107
0.885108
0.88511
0.885112
0.885114
0.885116
0.885118
0.88512
0.885122
0.885124
0.885126
0.885128
0.885129
0.885131
0.885133
0.885135
0.885137
0.885139
0.885141
0.885143
0.885144
0.885146
0.885148
0.88515
0.885152
0.885154
0.885156
0.885157
0.885159
0.885161
0.885163
0.885165
0.885167
0.885168
0.88517
0.885172
0.885174
0.885176
0.885177
0.885179
0.885181
0.885183
0.885184
0.885186
0.885188
0.88519
0.885192
0.885193
0.885195
0.885197
0.885199
0.8852
0.885202
0.885204
0.885206
0.885207
0.885209
0.885211
0.885213
0.885214
0.885216
0.885218
0.885219
0.885221
0.885223
0.885225
0.885226
0.885228
0.88523
0.885231
0.885233
0.885235
0.885236
0.885238
0.88524
0.885241
0.885243
0.885245
0.885246
0.885248
0.88525
0.885251
0.885253
0.885255
0.885256
0.885258
0.88526
0.885261
0.885263
0.885265
0.885266
0.885268
0.885269
0.885271
0.885273
0.885274
0.885276
0.885277
0.885279
0.885281
0.885282
0.885284
0.885285
0.885287
0.885289
0.88529
0.885292
0.885293
0.885295
0.885296
0.885298
0.8853
0.885301
0.885303
0.885304
0.885306
0.885307
0.885309
0.88531
0.885312
0.885314
0.885315
0.885317
0.885318
0.88532
0.885321
0.885323
0.885324
0.885326
0.885327
0.885329
0.88533
0.885332
0.885333
0.885335
0.885336
0.885338
0.885339
0.885341
0.885342
0.885344
0.885345
0.885347
0.885348
0.88535
0.885351
0.885352
0.885354
0.885355
0.885357
0.885358
0.88536
0.885361
0.885363
0.885364
0.885365
0.885367
0.885368
0.88537
0.885371
0.885373
0.885374
0.885375
0.885377
0.885378
0.88538
0.885381
0.885383
0.885384
0.885385
0.885387
0.885388
0.88539
0.885391
0.885392
0.885394
0.885395
0.885396
0.885398
0.885399
0.885401
0.885402
0.885403
0.885405
0.885406
0.885407
0.885409
0.88541
0.885411
0.885413
0.885414
0.885416
0.885417
0.885418
0.88542
0.885421
0.885422
0.885424
0.885425
0.885426
0.885427
0.885429
0.88543
0.885431
0.885433
0.885434
0.885435
0.885437
0.885438
0.885439
0.885441
0.885442
0.885443
0.885444
0.885446
0.885447
0.885448
0.88545
0.885451
0.885452
0.885453
0.885455
0.885456
0.885457
0.885459
0.88546
0.885461
0.885462
0.885464
0.885465
0.885466
0.885467
0.885469
0.88547
0.885471
0.885472
0.885474
0.885475
0.885476
0.885477
0.885478
0.88548
0.885481
0.885482
0.885483
0.885485
0.885486
0.885487
0.885488
0.885489
0.885491
0.885492
0.885493
0.885494
0.885495
0.885497
0.885498
0.885499
0.8855
0.885501
0.885503
0.885504
0.885505
0.885506
0.885507
0.885508
0.88551
0.885511
0.885512
0.885513
0.885514
0.885515
0.885517
0.885518
0.885519
0.88552
0.885521
0.885522
0.885524
0.885525
0.885526
0.885527
0.885528
0.885529
0.88553
0.885531
0.885533
0.885534
0.885535
0.885536
0.885537
0.885538
0.885539
0.88554
0.885542
0.885543
0.885544
0.885545
0.885546
0.885547
0.885548
0.885549
0.88555
0.885552
0.885553
0.885554
0.885555
0.885556
0.885557
0.885558
0.885559
0.88556
0.885561
0.885562
0.885563
0.885565
0.885566
0.885567
0.885568
0.885569
0.88557
0.885571
0.885572
0.885573
0.885574
0.885575
0.885576
0.885577
0.885578
0.885579
0.88558
0.885581
0.885582
0.885583
0.885585
0.885586
0.885587
0.885588
0.885589
0.88559
0.885591
0.885592
0.885593
0.885594
0.885595
0.885596
0.885597
0.885598
0.885599
0.8856
0.885601
0.885602
0.885603
0.885604
0.885605
0.885606
0.885607
0.885608
0.885609
0.88561
0.885611
0.885612
0.885613
0.885614
0.885615
0.885616
0.885617
0.885618
0.885619
0.88562
0.885621
0.885622
0.885623
0.885624
0.885625
0.885625
0.885626
0.885627
0.885628
0.885629
0.88563
0.885631
0.885632
0.885633
0.885634
0.885635
0.885636
0.885637
0.885638
0.885639
0.88564
0.885641
0.885642
0.885643
0.885643
0.885644
0.885645
0.885646
0.885647
0.885648
0.885649
0.88565
0.885651
0.885652
0.885653
0.885654
0.885655
0.885655
0.885656
0.885657
0.885658
0.885659
0.88566
0.885661
0.885662
0.885663
0.885664
0.885664
0.885665
0.885666
0.885667
0.885668
0.885669
0.88567
0.885671
0.885672
0.885672
0.885673
0.885674
0.885675
0.885676
0.885677
0.885678
0.885679
0.885679
0.88568
0.885681
0.885682
0.885683
0.885684
0.885685
0.885685
0.885686
0.885687
0.885688
0.885689
0.88569
0.885691
0.885691
0.885692
0.885693
0.885694
0.885695
0.885696
0.885697
0.885697
0.885698
0.885699
0.8857
0.885701
0.885702
0.885702
0.885703
0.885704
0.885705
0.885706
0.885706
0.885707
0.885708
0.885709
0.88571
0.885711
0.885711
0.885712
0.885713
0.885714
0.885715
0.885715
0.885716
0.885717
0.885718
0.885719
0.885719
0.88572
0.885721
0.885722
0.885723
0.885723
0.885724
0.885725
0.885726
0.885727
0.885727
0.885728
0.885729
0.88573
0.88573
0.885731
0.885732
0.885733
0.885734
0.885734
0.885735
0.885736
0.885737
0.885737
0.885738
0.885739
0.88574
0.885741
0.885741
0.885742
0.885743
0.885744
0.885744
0.885745
0.885746
0.885747
0.885747
0.885748
0.885749
0.88575
0.88575
0.885751
0.885752
0.885753
0.885753
0.885754
0.885755
0.885755
0.885756
0.885757
0.885758
0.885758
0.885759
0.88576
0.885761
0.885761
0.885762
0.885763
0.885764
0.885764
0.885765
0.885766
0.885766
0.885767
0.885768
0.885769
0.885769
0.88577
0.885771
0.885771
0.885772
0.885773
0.885774
0.885774
0.885775
0.885776
0.885776
0.885777
0.885778
0.885778
0.885779
0.88578
0.885781
0.885781
0.885782
0.885783
0.885783
0.885784
0.885785
0.885785
0.885786
0.885787
0.885787
0.885788
0.885789
0.885789
0.88579
0.885791
0.885791
0.885792
0.885793
0.885793
0.885794
0.885795
0.885796
0.885796
0.885797
0.885798
0.885798
0.885799
0.885799
0.8858
0.885801
0.885801
0.885802
0.885803
0.885803
0.885804
0.885805
0.885805
0.885806
0.885807
0.885807
0.885808
0.885809
0.885809
0.88581
0.885811
0.885811
0.885812
0.885813
0.885813
0.885814
0.885814
0.885815
0.885816
0.885816
0.885817
0.885818
0.885818
0.885819
0.885819
0.88582
0.885821
0.885821
0.885822
0.885823
0.885823
0.885824
0.885824
0.885825
0.885826
0.885826
0.885827
0.885828
0.885828
0.885829
0.885829
0.88583
0.885831
0.885831
0.885832
0.885832
0.885833
0.885834
0.885834
0.885835
0.885835
0.885836
0.885837
0.885837
0.885838
0.885838
0.885839
0.88584
0.88584
0.885841
0.885841
0.885842
0.885843
0.885843
0.885844
0.885844
0.885845
0.885846
0.885846
0.885847
0.885847
0.885848
0.885848
0.885849
0.88585
0.88585
0.885851
0.885851
0.885852
0.885852
0.885853
0.885854
0.885854
0.885855
0.885855
0.885856
0.885856
0.885857
0.885858
0.885858
0.885859
0.885859
0.88586
0.88586
0.885861
0.885862
0.885862
0.885863
0.885863
0.885864
0.885864
0.885865
0.885865
0.885866
0.885866
0.885867
0.885868
0.885868
0.885869
0.885869
0.88587
0.88587
0.885871
0.885871
0.885872
0.885872
0.885873
0.885874
0.885874
0.885875
0.885875
0.885876
0.885876
0.885877
0.885877
0.885878
0.885878
0.885879
0.885879
0.88588
0.88588
0.885881
0.885882
0.885882
0.885883
0.885883
0.885884
0.885884
0.885885
0.885885
0.885886
0.885886
0.885887
0.885887
0.885888
0.885888
0.885889
0.885889
0.88589
0.88589
0.885891
0.885891
0.885892
0.885892
0.885893
0.885893
0.885894
0.885894
0.885895
0.885895
0.885896
0.885896
0.885897
0.885897
0.885898
0.885898
0.885899
0.885899
0.8859
0.8859
0.885901
0.885901
0.885902
0.885902
0.885903
0.885903
0.885904
0.885904
0.885905
0.885905
0.885906
0.885906
0.885907
0.885907
0.885908
0.885908
0.885909
0.885909
0.88591
0.88591
0.885911
0.885911
0.885911
0.885912
0.885912
0.885913
0.885913
0.885914
0.885914
0.885915
0.885915
0.885916
0.885916
0.885917
0.885917
0.885918
0.885918
0.885919
0.885919
0.885919
0.88592
0.88592
0.885921
0.885921
0.885922
0.885922
0.885923
0.885923
0.885924
0.885924
0.885924
0.885925
0.885925
0.885926
0.885926
0.885927
0.885927
0.885928
0.885928
0.885929
0.885929
0.885929
0.88593
0.88593
0.885931
0.885931
0.885932
0.885932
0.885933
0.885933
0.885933
0.885934
0.885934
0.885935
0.885935
0.885936
0.885936
0.885936
0.885937
0.885937
0.885938
0.885938
0.885939
0.885939
0.885939
0.88594
0.88594
0.885941
0.885941
0.885942
0.885942
0.885942
0.885943
0.885943
0.885944
0.885944
0.885945
0.885945
0.885945
0.885946
0.885946
0.885947
0.885947
0.885948
0.885948
0.885948
0.885949
0.885949
0.88595
0.88595
0.88595
0.885951
0.885951
0.885952
0.885952
0.885952
0.885953
0.885953
0.885954
0.885954
0.885954
0.885955
0.885955
0.885956
0.885956
0.885957
0.885957
0.885957
0.885958
0.885958
0.885959
0.885959
0.885959
0.88596
0.88596
0.88596
0.885961
0.885961
0.885962
0.885962
0.885962
0.885963
0.885963
0.885964
0.885964
0.885964
0.885965
0.885965
0.885966
0.885966
0.885966
0.885967
0.885967
0.885967
0.885968
0.885968
0.885969
0.885969
0.885969
0.88597
0.88597
0.885971
0.885971
0.885971
0.885972
0.885972
0.885972
0.885973
0.885973
0.885974
0.885974
0.885974
0.885975
0.885975
0.885975
0.885976
0.885976
0.885977
0.885977
0.885977
0.885978
0.885978
0.885978
0.885979
0.885979
0.885979
0.88598
0.88598
0.885981
0.885981
0.885981
0.885982
0.885982
0.885982
0.885983
0.885983
0.885983
0.885984
0.885984
0.885985
0.885985
0.885985
0.885986
0.885986
0.885986
0.885987
0.885987
0.885987
0.885988
0.885988
0.885988
0.885989
0.885989
0.885989
0.88599
0.88599
0.88599
0.885991
0.885991
0.885992
0.885992
0.885992
0.885993
0.885993
0.885993
0.885994
0.885994
0.885994
0.885995
0.885995
0.885995
0.885996
0.885996
0.885996
0.885997
0.885997
0.885997
0.885998
0.885998
0.885998
0.885999
0.885999
0.885999
0.886
0.886
0.886
0.886001
0.886001
0.886001
0.886002
0.886002
0.886002
0.886003
0.886003
0.886003
0.886004
0.886004
0.886004
0.886005
0.886005
0.886005
0.886006
0.886006
0.886006
0.886007
0.886007
0.886007
0.886007
0.886008
0.886008
0.886008
0.886009
0.886009
0.886009
0.88601
0.88601
0.88601
0.886011
0.886011
0.886011
0.886012
0.886012
0.886012
0.886013
0.886013
0.886013
0.886013
0.886014
0.886014
0.886014
0.886015
0.886015
0.886015
0.886016
0.886016
0.886016
0.886017
0.886017
0.886017
0.886017
0.886018
0.886018
0.886018
0.886019
0.886019
0.886019
0.88602
0.88602
0.88602
0.88602
0.886021
0.886021
0.886021
0.886022
0.886022
0.886022
0.886023
0.886023
0.886023
0.886023
0.886024
0.886024
0.886024
0.886025
0.886025
0.886025
0.886025
0.886026
0.886026
0.886026
0.886027
0.886027
0.886027
0.886028
0.886028
0.886028
0.886028
0.886029
0.886029
0.886029
0.88603
0.88603
0.88603
0.88603
0.886031
0.886031
0.886031
0.886032
0.886032
0.886032
0.886032
0.886033
0.886033
0.886033
0.886033
0.886034
0.886034
0.886034
0.886035
0.886035
0.886035
0.886035
0.886036
0.886036
0.886036
0.886037
0.886037
0.886037
0.886037
0.886038
0.886038
0.886038
0.886038
0.886039
0.886039
0.886039
0.886039
0.88604
0.88604
0.88604
0.886041
0.886041
0.886041
0.886041
0.886042
0.886042
0.886042
0.886042
0.886043
0.886043
0.886043
0.886043
0.886044
0.886044
0.886044
0.886045
0.886045
0.886045
0.886045
0.886046
0.886046
0.886046
0.886046
0.886047
0.886047
0.886047
0.886047
0.886048
0.886048
0.886048
0.886048
0.886049
0.886049
0.886049
0.886049
0.88605
0.88605
0.88605
0.88605
0.886051
0.886051
0.886051
0.886051
0.886052
0.886052
0.886052
0.886052
0.886053
0.886053
0.886053
0.886053
0.886054
0.886054
0.886054
0.886054
0.886055
0.886055
0.886055
0.886055
0.886056
0.886056
0.886056
0.886056
0.886057
0.886057
0.886057
0.886057
0.886058
0.886058
0.886058
0.886058
0.886059
0.886059
0.886059
0.886059
0.886059
0.88606
0.88606
0.88606
0.88606
0.886061
0.886061
0.886061
0.886061
0.886062
0.886062
0.886062
0.886062
0.886063
0.886063
0.886063
0.886063
0.886063
0.886064
0.886064
0.886064
0.886064
0.886065
0.886065
0.886065
0.886065
0.886066
0.886066
0.886066
0.886066
0.886066
0.886067
0.886067
0.886067
0.886067
0.886068
0.886068
0.886068
0.886068
0.886068
0.886069
0.886069
0.886069
0.886069
0.88607
0.88607
0.88607
0.88607
0.88607
0.886071
0.886071
0.886071
0.886071
0.886072
0.886072
0.886072
0.886072
0.886072
0.886073
0.886073
0.886073
0.886073
0.886074
0.886074
0.886074
0.886074
0.886074
0.886075
0.886075
0.886075
0.886075
0.886075
0.886076
0.886076
0.886076
0.886076
0.886077
0.886077
0.886077
0.886077
0.886077
0.886078
0.886078
0.886078
0.886078
0.886078
0.886079
0.886079
0.886079
0.886079
0.886079
0.88608
0.88608
0.88608
0.88608
0.88608
0.886081
0.886081
0.886081
0.886081
0.886082
0.886082
0.886082
0.886082
0.886082
0.886083
0.886083
0.886083
0.886083
0.886083
0.886084
0.886084
0.886084
0.886084
0.886084
0.886085
0.886085
0.886085
0.886085
0.886085
0.886086
0.886086
0.886086
0.886086
0.886086
0.886087
0.886087
0.886087
0.886087
0.886087
0.886087
0.886088
0.886088
0.886088
0.886088
0.886088
0.886089
0.886089
0.886089
0.886089
0.886089
0.88609
0.88609
0.88609
0.88609
0.88609
0.886091
0.886091
0.886091
0.886091
0.886091
0.886091
0.886092
0.886092
0.886092
0.886092
0.886092
0.886093
0.886093
0.886093
0.886093
0.886093
0.886094
0.886094
0.886094
0.886094
0.886094
0.886094
0.886095
0.886095
0.886095
0.886095
0.886095
0.886096
0.886096
0.886096
0.886096
0.886096
0.886096
0.886097
0.886097
0.886097
0.886097
0.886097
0.886098
0.886098
0.886098
0.886098
0.886098
0.886098
0.886099
0.886099
0.886099
0.886099
0.886099
0.886099
0.8861
0.8861
0.8861
0.8861
0.8861
0.886101
0.886101
0.886101
0.886101
0.886101
0.886101
0.886102
0.886102
0.886102
0.886102
0.886102
0.886102
0.886103
0.886103
0.886103
0.886103
0.886103
0.886103
0.886104
0.886104
0.886104
0.886104
0.886104
0.886104
0.886105
0.886105
0.886105
0.886105
0.886105
0.886105
0.886106
0.886106
0.886106
0.886106
0.886106
0.886106
0.886107
0.886107
0.886107
0.886107
0.886107
0.886107
0.886108
0.886108
0.886108
0.886108
0.886108
0.886108
0.886109
0.886109
0.886109
0.886109
0.886109
0.886109
0.88611
0.88611
0.88611
0.88611
0.88611
0.88611
0.886111
0.886111
0.886111
0.886111
0.886111
0.886111
0.886111
0.886112
0.886112
0.886112
0.886112
0.886112
0.886112
0.886113
0.886113
0.886113
0.886113
0.886113
0.886113
0.886114
0.886114
0.886114
0.886114
0.886114
0.886114
0.886114
0.886115
0.886115
0.886115
0.886115
0.886115
0.886115
0.886115
0.886116
0.886116
0.886116
0.886116
0.886116
0.886116
0.886117
0.886117
0.886117
0.886117
0.886117
0.886117
0.886117
0.886118
0.886118
0.886118
0.886118
0.886118
0.886118
0.886118
0.886119
0.886119
0.886119
0.886119
0.886119
0.886119
0.88612
0.88612
0.88612
0.88612
0.88612
0.88612
0.88612
0.886121
0.886121
0.886121
0.886121
0.886121
0.886121
0.886121
0.886122
0.886122
0.886122
0.886122
0.886122
0.886122
0.886122
0.886123
0.886123
0.886123
0.886123
0.886123
0.886123
0.886123
0.886123
0.886124
0.886124
0.886124
0.886124
0.886124
0.886124
0.886124
0.886125
0.886125
0.886125
0.886125
0.886125
0.886125
0.886125
0.886126
0.886126
0.886126
0.886126
0.886126
0.886126
0.886126
0.886126
0.886127
0.886127
0.886127
0.886127
0.886127
0.886127
0.886127
0.886128
0.886128
0.886128
0.886128
0.886128
0.886128
0.886128
0.886128
0.886129
0.886129
0.886129
0.886129
0.886129
0.886129
0.886129
0.88613
0.88613
0.88613
0.88613
0.88613
0.88613
0.88613
0.88613
0.886131
0.886131
0.886131
0.886131
0.886131
0.886131
0.886131
0.886131
0.886132
0.886132
0.886132
0.886132
0.886132
0.886132
0.886132
0.886132
0.886133
0.886133
0.886133
0.886133
0.886133
0.886133
0.886133
0.886133
0.886134
0.886134
0.886134
0.886134
0.886134
0.886134
0.886134
0.886134
0.886135
0.886135
0.886135
0.886135
0.886135
0.886135
0.886135
0.886135
0.886136
0.886136
0.886136
0.886136
0.886136
0.886136
0.886136
0.886136
0.886137
0.886137
0.886137
0.886137
0.886137
0.886137
0.886137
0.886137
0.886137
0.886138
0.886138
0.886138
0.886138
0.886138
0.886138
0.886138
0.886138
0.886139
0.886139
0.886139
0.886139
0.886139
0.886139
0.886139
0.886139
0.886139
0.88614
0.88614
0.88614
0.88614
0.88614
0.88614
0.88614
0.88614
0.88614
0.886141
0.886141
0.886141
0.886141
0.886141
0.886141
0.886141
0.886141
0.886142
0.886142
0.886142
0.886142
0.886142
0.886142
0.886142
0.886142
0.886142
0.886143
0.886143
0.886143
0.886143
0.886143
0.886143
0.886143
0.886143
0.886143
0.886143
0.886144
0.886144
0.886144
0.886144
0.886144
0.886144
0.886144
0.886144
0.886144
0.886145
0.886145
0.886145
0.886145
0.886145
0.886145
0.886145
0.886145
0.886145
0.886146
0.886146
0.886146
0.886146
0.886146
0.886146
0.886146
0.886146
0.886146
0.886146
0.886147
0.886147
0.886147
0.886147
0.886147
0.886147
0.886147
0.886147
0.886147
0.886148
0.886148
0.886148
0.886148
0.886148
0.886148
0.886148
0.886148
0.886148
0.886148
0.886149
0.886149
0.886149
0.886149
0.886149
0.886149
0.886149
0.886149
0.886149
0.886149
0.88615
0.88615
0.88615
0.88615
0.88615
0.88615
0.88615
0.88615
0.88615
0.88615
0.886151
0.886151
0.886151
0.886151
0.886151
0.886151
0.886151
0.886151
0.886151
0.886151
0.886152
0.886152
0.886152
0.886152
0.886152
0.886152
0.886152
0.886152
0.886152
0.886152
0.886152
0.886153
0.886153
0.886153
0.886153
0.886153
0.886153
0.886153
0.886153
0.886153
0.886153
0.886154
0.886154
0.886154
0.886154
0.886154
0.886154
0.886154
0.886154
0.886154
0.886154
0.886154
0.886155
0.886155
0.886155
0.886155
0.886155
0.886155
0.886155
0.886155
0.886155
0.886155
0.886155
0.886156
0.886156
0.886156
0.886156
0.886156
0.886156
0.886156
0.886156
0.886156
0.886156
0.886156
0.886157
0.886157
0.886157
0.886157
0.886157
0.886157
0.886157
0.886157
0.886157
0.886157
0.886157
0.886158
0.886158
0.886158
0.886158
0.886158
0.886158
0.886158
0.886158
0.886158
0.886158
0.886158
0.886158
0.886159
0.886159
0.886159
0.886159
0.886159
0.886159
0.886159
0.886159
0.886159
0.886159
0.886159
0.88616
0.88616
0.88616
0.88616
0.88616
0.88616
0.88616
0.88616
0.88616
0.88616
0.88616
0.88616
0.886161
0.886161
0.886161
0.886161
0.886161
0.886161
0.886161
0.886161
0.886161
0.886161
0.886161
0.886161
0.886162
0.886162
0.886162
0.886162
0.886162
0.886162
0.886162
0.886162
0.886162
0.886162
0.886162
0.886162
0.886163
0.886163
0.886163
0.886163
0.886163
0.886163
0.886163
0.886163
0.886163
0.886163
0.886163
0.886163
0.886163
0.886164
0.886164
0.886164
0.886164
0.886164
0.886164
0.886164
0.886164
0.886164
0.886164
0.886164
0.886164
0.886164
0.886165
0.886165
0.886165
0.886165
0.886165
0.886165
0.886165
0.886165
0.886165
0.886165
0.886165
0.886165
0.886165
0.886166
0.886166
0.886166
0.886166
0.886166
0.886166
0.886166
0.886166
0.886166
0.886166
0.886166
0.886166
0.886166
0.886167
0.886167
0.886167
0.886167
0.886167
0.886167
0.886167
0.886167
0.886167
0.886167
0.886167
0.886167
0.886167
0.886167
0.886168
0.886168
0.886168
0.886168
0.886168
0.886168
0.886168
0.886168
0.886168
0.886168
0.886168
0.886168
0.886168
0.886169
0.886169
0.886169
0.886169
0.886169
0.886169
0.886169
0.886169
0.886169
0.886169
0.886169
0.886169
0.886169
0.886169
0.88617
0.88617
0.88617
0.88617
0.88617
0.88617
0.88617
0.88617
0.88617
0.88617
0.88617
0.88617
0.88617
0.88617
0.88617
0.886171
0.886171
0.886171
0.886171
0.886171
0.886171
0.886171
0.886171
0.886171
0.886171
0.886171
0.886171
0.886171
0.886171
0.886172
0.886172
0.886172
0.886172
0.886172
0.886172
0.886172
0.886172
0.886172
0.886172
0.886172
0.886172
0.886172
0.886172
0.886172
0.886173
0.886173
0.886173
0.886173
0.886173
0.886173
0.886173
0.886173
0.886173
0.886173
0.886173
0.886173
0.886173
0.886173
0.886173
0.886173
0.886174
0.886174
0.886174
0.886174
0.886174
0.886174
0.886174
0.886174
0.886174
0.886174
0.886174
0.886174
0.886174
0.886174
0.886174
0.886174
0.886175
0.886175
0.886175
0.886175
0.886175
0.886175
0.886175
0.886175
0.886175
0.886175
0.886175
0.886175
0.886175
0.886175
0.886175
0.886175
0.886176
0.886176
0.886176
0.886176
0.886176
0.886176
0.886176
0.886176
0.886176
0.886176
0.886176
0.886176
0.886176
0.886176
0.886176
0.886176
0.886177
0.886177
0.886177
0.886177
0.886177
0.886177
0.886177
0.886177
0.886177
0.886177
0.886177
0.886177
0.886177
0.886177
0.886177
0.886177
0.886177
0.886178
0.886178
0.886178
0.886178
0.886178
0.886178
0.886178
0.886178
0.886178
0.886178
0.886178
0.886178
0.886178
0.886178
0.886178
0.886178
0.886178
0.886179
0.886179
0.886179
0.886179
0.886179
0.886179
0.886179
0.886179
0.886179
0.886179
0.886179
0.886179
0.886179
0.886179
0.886179
0.886179
0.886179
0.886179
0.88618
0.88618
0.88618
0.88618
0.88618
0.88618
0.88618
0.88618
0.88618
0.88618
0.88618
0.88618
0.88618
0.88618
0.88618
0.88618
0.88618
0.88618
0.886181
0.886181
0.886181
0.886181
0.886181
0.886181
0.886181
0.886181
0.886181
0.886181
0.886181
0.886181
0.886181
0.886181
0.886181
0.886181
0.886181
0.886181
0.886181
0.886182
0.886182
0.886182
0.886182
0.886182
0.886182
0.886182
0.886182
0.886182
0.886182
0.886182
0.886182
0.886182
0.886182
0.886182
0.886182
0.886182
0.886182
0.886182
0.886183
0.886183
0.886183
0.886183
0.886183
0.886183
0.886183
0.886183
0.886183
0.886183
0.886183
0.886183
0.886183
0.886183
0.886183
0.886183
0.886183
0.886183
0.886183
0.886183
0.886184
0.886184
0.886184
0.886184
0.886184
0.886184
0.886184
0.886184
0.886184
0.886184
0.886184
0.886184
0.886184
0.886184
0.886184
0.886184
0.886184
0.886184
0.886184
0.886184
0.886185
0.886185
0.886185
0.886185
0.886185
0.886185
0.886185
0.886185
0.886185
0.886185
0.886185
0.886185
0.886185
0.886185
0.886185
0.886185
0.886185
0.886185
0.886185
0.886185
0.886185
0.886186
0.886186
0.886186
0.886186
0.886186
0.886186
0.886186
0.886186
0.886186
0.886186
0.886186
0.886186
0.886186
0.886186
0.886186
0.886186
0.886186
0.886186
0.886186
0.886186
0.886186
0.886186
0.886187
0.886187
0.886187
0.886187
0.886187
0.886187
0.886187
0.886187
0.886187
0.886187
0.886187
0.886187
0.886187
0.886187
0.886187
0.886187
0.886187
0.886187
0.886187
0.886187
0.886187
0.886187
0.886187
0.886188
0.886188
0.886188
0.886188
0.886188
0.886188
0.886188
0.886188
0.886188
0.886188
0.886188
0.886188
0.886188
0.886188
0.886188
0.886188
0.886188
0.886188
0.886188
0.886188
0.886188
0.886188
0.886188
0.886189
0.886189
0.886189
0.886189
0.886189
0.886189
0.886189
0.886189
0.886189
0.886189
0.886189
0.886189
0.886189
0.886189
0.886189
0.886189
0.886189
0.886189
0.886189
0.886189
0.886189
0.886189
0.886189
0.886189
0.88619
0.88619
0.88619
0.88619
0.88619
0.88619
0.88619
0.88619
0.88619
0.88619
0.88619
0.88619
0.88619
0.88619
0.88619
0.88619
0.88619
0.88619
0.88619
0.88619
0.88619
0.88619
0.88619
0.88619
0.886191
0.886191
0.886191
0.886191
0.886191
0.886191
0.886191
0.886191
0.886191
0.886191
0.886191
0.886191
0.886191
0.886191
0.886191
0.886191
0.886191
0.886191
0.886191
0.886191
0.886191
0.886191
0.886191
0.886191
0.886191
0.886191
0.886192
0.886192
0.886192
0.886192
0.886192
0.886192
0.886192
0.886192
0.886192
0.886192
0.886192
0.886192
0.886192
0.886192
0.886192
0.886192
0.886192
0.886192
0.886192
0.886192
0.886192
0.886192
0.886192
0.886192
0.886192
0.886192
0.886192
0.886193
0.886193
0.886193
0.886193
0.886193
0.886193
0.886193
0.886193
0.886193
0.886193
0.886193
0.886193
0.886193
0.886193
0.886193
0.886193
0.886193
0.886193
0.886193
0.886193
0.886193
0.886193
0.886193
0.886193
0.886193
0.886193
0.886193
0.886193
0.886194
0.886194
0.886194
0.886194
0.886194
0.886194
0.886194
0.886194
0.886194
0.886194
0.886194
0.886194
0.886194
0.886194
0.886194
0.886194
0.886194
0.886194
0.886194
0.886194
0.886194
0.886194
0.886194
0.886194
0.886194
0.886194
0.886194
0.886194
0.886194
0.886195
0.886195
0.886195
0.886195
0.886195
0.886195
0.886195
0.886195
0.886195
0.886195
0.886195
0.886195
0.886195
0.886195
0.886195
0.886195
0.886195
0.886195
0.886195
0.886195
0.886195
0.886195
0.886195
0.886195
0.886195
0.886195
0.886195
0.886195
0.886195
0.886195
0.886196
0.886196
0.886196
0.886196
0.886196
0.886196
0.886196
0.886196
0.886196
0.886196
0.886196
0.886196
0.886196
0.886196
0.886196
0.886196
0.886196
0.886196
0.886196
0.886196
0.886196
0.886196
0.886196
0.886196
0.886196
0.886196
0.886196
0.886196
0.886196
0.886196
0.886196
0.886196
0.886197
0.886197
0.886197
0.886197
0.886197
0.886197
0.886197
0.886197
0.886197
0.886197
0.886197
0.886197
0.886197
0.886197
0.886197
0.886197
0.886197
0.886197
0.886197
0.886197
0.886197
0.886197
0.886197
0.886197
0.886197
0.886197
0.886197
0.886197
0.886197
0.886197
0.886197
0.886197
0.886197
0.886198
0.886198
0.886198
0.886198
0.886198
0.886198
0.886198
0.886198
0.886198
0.886198
0.886198
0.886198
0.886198
0.886198
0.886198
0.886198
0.886198
0.886198
0.886198
0.886198
0.886198
0.886198
0.886198
0.886198
0.886198
0.886198
0.886198
0.886198
0.886198
0.886198
0.886198
0.886198
0.886198
0.886198
0.886198
0.886199
0.886199
0.886199
0.886199
0.886199
0.886199
0.886199
0.886199
0.886199
0.886199
0.886199
0.886199
0.886199
0.886199
0.886199
0.886199
0.886199
0.886199
0.886199
0.886199
0.886199
0.886199
0.886199
0.886199
0.886199
0.886199
0.886199
0.886199
0.886199
0.886199
0.886199
0.886199
0.886199
0.886199
0.886199
0.886199
0.8862
0.8862
0.8862
0.8862
0.8862
0.8862
0.8862
0.8862
0.8862
0.8862
0.8862
0.8862
0.8862
0.8862
0.8862
0.8862
0.8862
0.8862
0.8862
0.8862
0.8862
0.8862
0.8862
0.8862
0.8862
0.8862
0.8862
0.8862
0.8862
0.8862
0.8862
0.8862
0.8862
0.8862
0.8862
0.8862
0.8862
0.8862
0.8862
0.886201
0.886201
0.886201
0.886201
0.886201
0.886201
0.886201
0.886201
0.886201
0.886201
0.886201
0.886201
0.886201
0.886201
0.886201
0.886201
0.886201
0.886201
0.886201
0.886201
0.886201
0.886201
0.886201
0.886201
0.886201
0.886201
0.886201
0.886201
0.886201
0.886201
0.886201
0.886201
0.886201
0.886201
0.886201
0.886201
0.886201
0.886201
0.886201
0.886201
0.886201
0.886202
0.886202
0.886202
0.886202
0.886202
0.886202
0.886202
0.886202
0.886202
0.886202
0.886202
0.886202
0.886202
0.886202
0.886202
0.886202
0.886202
0.886202
0.886202
0.886202
0.886202
0.886202
0.886202
0.886202
0.886202
0.886202
0.886202
0.886202
0.886202
0.886202
0.886202
0.886202
0.886202
0.886202
0.886202
0.886202
0.886202
0.886202
0.886202
0.886202
0.886202
0.886202
0.886202
0.886203
0.886203
0.886203
0.886203
0.886203
0.886203
0.886203
0.886203
0.886203
0.886203
0.886203
0.886203
0.886203
0.886203
0.886203
0.886203
0.886203
0.886203
0.886203
0.886203
0.886203
0.886203
0.886203
0.886203
0.886203
0.886203
0.886203
0.886203
0.886203
0.886203
0.886203
0.886203
0.886203
0.886203
0.886203
0.886203
0.886203
0.886203
0.886203
0.886203
0.886203
0.886203
0.886203
0.886203
0.886203
0.886203
0.886204
0.886204
0.886204
0.886204
0.886204
0.886204
0.886204
0.886204
0.886204
0.886204
0.886204
0.886204
0.886204
0.886204
0.886204
0.886204
0.886204
0.886204
0.886204
0.886204
0.886204
0.886204
0.886204
0.886204
0.886204
0.886204
0.886204
0.886204
0.886204
0.886204
0.886204
0.886204
0.886204
0.886204
0.886204
0.886204
0.886204
0.886204
0.886204
0.886204
0.886204
0.886204
0.886204
0.886204
0.886204
0.886204
0.886204
0.886204
0.886204
0.886204
0.886205
0.886205
0.886205
0.886205
0.886205
0.886205
0.886205
0.886205
0.886205
0.886205
0.886205
0.886205
0.886205
0.886205
0.886205
0.886205
0.886205
