0.001
0.00555138
0.0109839
0.0167189
0.0225048
0.0282249
0.0338254
0.0392834
0.0445932
0.0497585
0.0547878
0.0596918
0.0644823
0.0691709
0.0737683
0.0782847
0.0827289
0.0871088
0.0914314
0.0957024
0.099927
0.10411
0.108254
0.112362
0.116439
0.120484
0.124501
0.128491
0.132455
0.136395
0.140311
0.144203
0.148074
0.151923
0.15575
0.159557
0.163344
0.16711
0.170856
0.174582
0.17829
0.181977
0.185646
0.189296
0.192927
0.196539
0.200133
0.203709
0.207266
0.210805
0.214325
0.217828
0.221313
0.22478
0.22823
0.231662
0.235076
0.238473
0.241852
0.245215
0.24856
0.251888
0.255199
0.258493
0.261771
0.265031
0.268275
0.271503
0.274714
0.277908
0.281086
0.284248
0.287394
0.290524
0.293637
0.296735
0.299817
0.302883
0.305934
0.308968
0.311988
0.314992
0.31798
0.320953
0.323911
0.326854
0.329782
0.332694
0.335592
0.338475
0.341343
0.344196
0.347035
0.349859
0.352669
0.355465
0.358246
0.361012
0.363765
0.366503
0.369227
0.371938
0.374634
0.377317
0.379986
0.382641
0.385282
0.38791
0.390524
0.393125
0.395713
0.398287
0.400848
0.403396
0.40593
0.408452
0.410961
0.413457
0.41594
0.41841
0.420867
0.423312
0.425744
0.428164
0.430571
0.432966
0.435348
0.437719
0.440077
0.442423
0.444756
0.447078
0.449388
0.451686
0.453972
0.456246
0.458508
0.460759
0.462998
0.465226
0.467442
0.469647
0.47184
0.474022
0.476193
0.478353
0.480501
0.482638
0.484765
0.48688
0.488984
0.491078
0.493161
0.495233
0.497294
0.499344
0.501384
0.503414
0.505433
0.507441
0.509439
0.511427
0.513405
0.515372
0.517329
0.519276
0.521213
0.52314
0.525057
0.526964
0.528861
0.530748
0.532626
0.534493
0.536351
0.5382
0.540039
0.541868
0.543688
0.545499
0.5473
0.549092
0.550874
0.552648
0.554412
0.556167
0.557913
0.559649
0.561377
0.563096
0.564806
0.566507
0.568199
0.569883
0.571558
0.573224
0.574881
0.57653
0.57817
0.579802
0.581425
0.58304
0.584647
0.586245
0.587835
0.589417
0.59099
0.592555
0.594112
0.595661
0.597202
0.598735
0.60026
0.601777
0.603287
0.604788
0.606282
0.607768
0.609246
0.610716
0.612179
0.613634
0.615082
0.616522
0.617954
0.61938
0.620797
0.622208
0.623611
0.625007
0.626395
0.627776
0.629151
0.630518
0.631877
0.63323
0.634576
0.635915
0.637247
0.638571
0.639889
0.6412
0.642505
0.643802
0.645093
0.646377
0.647654
0.648925
0.650189
0.651447
0.652698
0.653942
0.65518
0.656412
0.657637
0.658856
0.660068
0.661274
0.662474
0.663667
0.664855
0.666036
0.667211
0.66838
0.669542
0.670699
0.67185
0.672995
0.674133
0.675266
0.676393
0.677514
0.678629
0.679739
0.680842
0.68194
0.683032
0.684119
0.685199
0.686275
0.687344
0.688408
0.689466
0.690519
0.691567
0.692609
0.693645
0.694676
0.695702
0.696722
0.697737
0.698747
0.699752
0.700751
0.701745
0.702734
0.703717
0.704696
0.705669
0.706638
0.707601
0.708559
0.709513
0.710461
0.711404
0.712343
0.713276
0.714205
0.715129
0.716048
0.716962
0.717871
0.718776
0.719676
0.720571
0.721462
0.722348
0.723229
0.724106
0.724978
0.725845
0.726708
0.727567
0.728421
0.72927
0.730116
0.730956
0.731793
0.732625
0.733452
0.734275
0.735094
0.735909
0.73672
0.737526
0.738328
0.739126
0.739919
0.740709
0.741494
0.742276
0.743053
0.743826
0.744595
0.74536
0.746121
0.746878
0.747631
0.74838
0.749126
0.749867
0.750605
0.751338
0.752068
0.752794
0.753516
0.754235
0.754949
0.75566
0.756368
0.757071
0.757771
0.758467
0.75916
0.759848
0.760534
0.761216
0.761894
0.762568
0.763239
0.763907
0.764571
0.765232
0.765889
0.766542
0.767193
0.76784
0.768483
0.769123
0.76976
0.770394
0.771024
0.771651
0.772274
0.772894
0.773511
0.774125
0.774736
0.775343
0.775948
0.776549
0.777147
0.777741
0.778333
0.778922
0.779507
0.78009
0.780669
0.781245
0.781819
0.782389
0.782956
0.783521
0.784082
0.784641
0.785196
0.785749
0.786299
0.786846
0.78739
0.787931
0.788469
0.789005
0.789537
0.790067
0.790594
0.791119
0.79164
0.792159
0.792676
0.793189
0.7937
0.794208
0.794713
0.795216
0.795716
0.796214
0.796709
0.797201
0.797691
0.798178
0.798663
0.799145
0.799625
0.800102
0.800576
0.801049
0.801518
0.801985
0.80245
0.802912
0.803372
0.80383
0.804285
0.804737
0.805188
0.805636
0.806081
0.806525
0.806965
0.807404
0.80784
0.808274
0.808706
0.809136
0.809563
0.809988
0.810411
0.810831
0.81125
0.811666
0.81208
0.812492
0.812901
0.813309
0.813714
0.814118
0.814519
0.814918
0.815315
0.81571
0.816102
0.816493
0.816882
0.817268
0.817653
0.818036
0.818416
0.818795
0.819171
0.819546
0.819919
0.820289
0.820658
0.821025
0.82139
0.821753
0.822114
0.822473
0.822831
0.823186
0.82354
0.823892
0.824241
0.824589
0.824936
0.82528
0.825623
0.825964
0.826303
0.82664
0.826975
0.827309
0.827641
0.827971
0.8283
0.828627
0.828952
0.829275
0.829597
0.829917
0.830235
0.830551
0.830866
0.83118
0.831491
0.831801
0.83211
0.832417
0.832722
0.833025
0.833327
0.833628
0.833927
0.834224
0.83452
0.834814
0.835106
0.835397
0.835687
0.835975
0.836262
0.836547
0.83683
0.837112
0.837393
0.837672
0.837949
0.838225
0.8385
0.838773
0.839045
0.839316
0.839585
0.839852
0.840118
0.840383
0.840647
0.840909
0.841169
0.841428
0.841686
0.841943
0.842198
0.842452
0.842704
0.842956
0.843206
0.843454
0.843701
0.843947
0.844192
0.844435
0.844678
0.844918
0.845158
0.845396
0.845633
0.845869
0.846104
0.846337
0.846569
0.8468
0.84703
0.847258
0.847486
0.847712
0.847937
0.84816
0.848383
0.848604
0.848825
0.849044
0.849262
0.849478
0.849694
0.849909
0.850122
0.850334
0.850545
0.850756
0.850964
0.851172
0.851379
0.851585
0.851789
0.851993
0.852195
0.852397
0.852597
0.852796
0.852995
0.853192
0.853388
0.853583
0.853777
0.85397
0.854162
0.854353
0.854543
0.854732
0.85492
0.855108
0.855294
0.855479
0.855663
0.855846
0.856028
0.85621
0.85639
0.856569
0.856748
0.856925
0.857102
0.857277
0.857452
0.857626
0.857799
0.857971
0.858142
0.858312
0.858481
0.85865
0.858817
0.858984
0.859149
0.859314
0.859478
0.859641
0.859804
0.859965
0.860126
0.860286
0.860444
0.860603
0.86076
0.860916
0.861072
0.861227
0.861381
0.861534
0.861686
0.861838
0.861988
0.862138
0.862287
0.862436
0.862583
0.86273
0.862876
0.863022
0.863166
0.86331
0.863453
0.863595
0.863737
0.863878
0.864018
0.864157
0.864296
0.864433
0.864571
0.864707
0.864843
0.864978
0.865112
0.865245
0.865378
0.86551
0.865642
0.865773
0.865903
0.866032
0.866161
0.866289
0.866416
0.866543
0.866669
0.866794
0.866919
0.867043
0.867167
0.867289
0.867412
0.867533
0.867654
0.867774
0.867894
0.868013
0.868131
0.868249
0.868366
0.868482
0.868598
0.868713
0.868828
0.868942
0.869055
0.869168
0.869281
0.869392
0.869503
0.869614
0.869724
0.869833
0.869942
0.87005
0.870158
0.870265
0.870371
0.870477
0.870582
0.870687
0.870792
0.870895
0.870998
0.871101
0.871203
0.871305
0.871406
0.871506
0.871606
0.871706
0.871805
0.871903
0.872001
0.872098
0.872195
0.872292
0.872387
0.872483
0.872578
0.872672
0.872766
0.872859
0.872952
0.873044
0.873136
0.873228
0.873319
0.873409
0.873499
0.873589
0.873678
0.873766
0.873854
0.873942
0.874029
0.874116
0.874202
0.874288
0.874373
0.874458
0.874543
0.874627
0.87471
0.874793
0.874876
0.874958
0.87504
0.875122
0.875202
0.875283
0.875363
0.875443
0.875522
0.875601
0.87568
0.875758
0.875835
0.875912
0.875989
0.876066
0.876142
0.876217
0.876293
0.876367
0.876442
0.876516
0.876589
0.876663
0.876736
0.876808
0.87688
0.876952
0.877023
0.877094
0.877165
0.877235
0.877305
0.877375
0.877444
0.877512
0.877581
0.877649
0.877717
0.877784
0.877851
0.877918
0.877984
0.87805
0.878115
0.878181
0.878246
0.87831
0.878374
0.878438
0.878502
0.878565
0.878628
0.87869
0.878753
0.878815
0.878876
0.878937
0.878998
0.879059
0.879119
0.879179
0.879239
0.879298
0.879357
0.879416
0.879474
0.879532
0.87959
0.879648
0.879705
0.879762
0.879818
0.879875
0.879931
0.879986
0.880042
0.880097
0.880152
0.880206
0.880261
0.880315
0.880368
0.880422
0.880475
0.880528
0.88058
0.880633
0.880685
0.880736
0.880788
0.880839
0.88089
0.880941
0.880991
0.881041
0.881091
0.881141
0.88119
0.881239
0.881288
0.881336
0.881385
0.881433
0.881481
0.881528
0.881576
0.881623
0.881669
0.881716
0.881762
0.881808
0.881854
0.8819
0.881945
0.88199
0.882035
0.88208
0.882124
0.882168
0.882212
0.882256
0.8823
0.882343
0.882386
0.882429
0.882471
0.882514
0.882556
0.882598
0.882639
0.882681
0.882722
0.882763
0.882804
0.882845
0.882885
0.882925
0.882965
0.883005
0.883044
0.883084
0.883123
0.883162
0.883201
0.883239
0.883277
0.883316
0.883354
0.883391
0.883429
0.883466
0.883503
0.88354
0.883577
0.883613
0.88365
0.883686
0.883722
0.883758
0.883793
0.883829
0.883864
0.883899
0.883934
0.883968
0.884003
0.884037
0.884071
0.884105
0.884139
0.884173
0.884206
0.884239
0.884272
0.884305
0.884338
0.884371
0.884403
0.884435
0.884467
0.884499
0.884531
0.884562
0.884594
0.884625
0.884656
0.884687
0.884718
0.884748
0.884778
0.884809
0.884839
0.884869
0.884898
0.884928
0.884957
0.884987
0.885016
0.885045
0.885074
0.885102
0.885131
0.885159
0.885188
0.885216
0.885244
0.885271
0.885299
0.885326
0.885354
0.885381
0.885408
0.885435
0.885462
0.885488
0.885515
0.885541
0.885568
0.885594
0.88562
0.885645
0.885671
0.885697
0.885722
0.885747
0.885772
0.885797
0.885822
0.885847
0.885872
0.885896
0.885921
0.885945
0.885969
0.885993
0.886017
0.88604
0.886064
0.886087
0.886111
0.886134
0.886157
0.88618
0.886203
0.886226
0.886248
0.886271
0.886293
0.886316
0.886338
0.88636
0.886382
0.886403
0.886425
0.886447
0.886468
0.88649
0.886511
0.886532
0.886553
0.886574
0.886595
0.886615
0.886636
0.886656
0.886677
0.886697
0.886717
0.886737
0.886757
0.886777
0.886797
0.886816
0.886836
0.886855
0.886875
0.886894
0.886913
0.886932
0.886951
0.88697
0.886988
0.887007
0.887025
0.887044
0.887062
0.88708
0.887099
0.887117
0.887135
0.887152
0.88717
0.887188
0.887205
0.887223
0.88724
0.887258
0.887275
0.887292
0.887309
0.887326
0.887343
0.887359
0.887376
0.887393
0.887409
0.887426
0.887442
0.887458
0.887474
0.88749
0.887506
0.887522
0.887538
0.887554
0.887569
0.887585
0.8876
0.887616
0.887631
0.887646
0.887662
0.887677
0.887692
0.887707
0.887721
0.887736
0.887751
0.887765
0.88778
0.887794
0.887809
0.887823
0.887837
0.887851
0.887866
0.88788
0.887893
0.887907
0.887921
0.887935
0.887948
0.887962
0.887976
0.887989
0.888002
0.888016
0.888029
0.888042
0.888055
0.888068
0.888081
0.888094
0.888107
0.888119
0.888132
0.888145
0.888157
0.88817
0.888182
0.888194
0.888207
0.888219
0.888231
0.888243
0.888255
0.888267
0.888279
0.888291
0.888303
0.888314
0.888326
0.888338
0.888349
0.888361
0.888372
0.888383
0.888395
0.888406
0.888417
0.888428
0.888439
0.88845
0.888461
0.888472
0.888483
0.888494
0.888504
0.888515
0.888526
0.888536
0.888547
0.888557
0.888567
0.888578
0.888588
0.888598
0.888608
0.888618
0.888628
0.888638
0.888648
0.888658
0.888668
0.888678
0.888688
0.888697
0.888707
0.888717
0.888726
0.888736
0.888745
0.888754
0.888764
0.888773
0.888782
0.888791
0.888801
0.88881
0.888819
0.888828
0.888837
0.888846
0.888854
0.888863
0.888872
0.888881
0.888889
0.888898
0.888907
0.888915
0.888924
0.888932
0.88894
0.888949
0.888957
0.888965
0.888974
0.888982
0.88899
0.888998
0.889006
0.889014
0.889022
0.88903
0.889038
0.889046
0.889053
0.889061
0.889069
0.889077
0.889084
0.889092
0.889099
0.889107
0.889114
0.889122
0.889129
0.889137
0.889144
0.889151
0.889158
0.889166
0.889173
0.88918
0.889187
0.889194
0.889201
0.889208
0.889215
0.889222
0.889229
0.889236
0.889243
0.889249
0.889256
0.889263
0.889269
0.889276
0.889283
0.889289
0.889296
0.889302
0.889309
0.889315
0.889321
0.889328
0.889334
0.88934
0.889347
0.889353
0.889359
0.889365
0.889371
0.889377
0.889384
0.88939
0.889396
0.889401
0.889407
0.889413
0.889419
0.889425
0.889431
0.889437
0.889442
0.889448
0.889454
0.889459
0.889465
0.889471
0.889476
0.889482
0.889487
0.889493
0.889498
0.889504
0.889509
0.889514
0.88952
0.889525
0.88953
0.889536
0.889541
0.889546
0.889551
0.889556
0.889561
0.889567
0.889572
0.889577
0.889582
0.889587
0.889592
0.889597
0.889601
0.889606
0.889611
0.889616
0.889621
0.889626
0.88963
0.889635
0.88964
0.889644
0.889649
0.889654
0.889658
0.889663
0.889667
0.889672
0.889677
0.889681
0.889685
0.88969
0.889694
0.889699
0.889703
0.889707
0.889712
0.889716
0.88972
0.889725
0.889729
0.889733
0.889737
0.889741
0.889746
0.88975
0.889754
0.889758
0.889762
0.889766
0.88977
0.889774
0.889778
0.889782
0.889786
0.88979
0.889794
0.889798
0.889801
0.889805
0.889809
0.889813
0.889817
0.88982
0.889824
0.889828
0.889831
0.889835
0.889839
0.889842
0.889846
0.88985
0.889853
0.889857
0.88986
0.889864
0.889867
0.889871
0.889874
0.889878
0.889881
0.889885
0.889888
0.889891
0.889895
0.889898
0.889901
0.889905
0.889908
0.889911
0.889914
0.889918
0.889921
0.889924
0.889927
0.88993
0.889934
0.889937
0.88994
0.889943
0.889946
0.889949
0.889952
0.889955
0.889958
0.889961
0.889964
0.889967
0.88997
0.889973
0.889976
0.889979
0.889982
0.889985
0.889988
0.88999
0.889993
0.889996
0.889999
0.890002
0.890004
0.890007
0.89001
0.890013
0.890015
0.890018
0.890021
0.890024
0.890026
0.890029
0.890031
0.890034
0.890037
0.890039
0.890042
0.890044
0.890047
0.89005
0.890052
0.890055
0.890057
0.89006
0.890062
0.890064
0.890067
0.890069
0.890072
0.890074
0.890077
0.890079
0.890081
0.890084
0.890086
0.890088
0.890091
0.890093
0.890095
0.890098
0.8901
0.890102
0.890104
0.890107
0.890109
0.890111
0.890113
0.890115
0.890118
0.89012
0.890122
0.890124
0.890126
0.890128
0.89013
0.890133
0.890135
0.890137
0.890139
0.890141
0.890143
0.890145
0.890147
0.890149
0.890151
0.890153
0.890155
0.890157
0.890159
0.890161
0.890163
0.890165
0.890167
0.890169
0.89017
0.890172
0.890174
0.890176
0.890178
0.89018
0.890182
0.890183
0.890185
0.890187
0.890189
0.890191
0.890192
0.890194
0.890196
0.890198
0.8902
0.890201
0.890203
0.890205
0.890206
0.890208
0.89021
0.890212
0.890213
0.890215
0.890217
0.890218
0.89022
0.890221
0.890223
0.890225
0.890226
0.890228
0.890229
0.890231
0.890233
0.890234
0.890236
0.890237
0.890239
0.89024
0.890242
0.890243
0.890245
0.890246
0.890248
0.890249
0.890251
0.890252
0.890254
0.890255
0.890257
0.890258
0.89026
0.890261
0.890262
0.890264
0.890265
0.890267
0.890268
0.890269
0.890271
0.890272
0.890273
0.890275
0.890276
0.890277
0.890279
0.89028
0.890281
0.890283
0.890284
0.890285
0.890287
0.890288
0.890289
0.89029
0.890292
0.890293
0.890294
0.890295
0.890297
0.890298
0.890299
0.8903
0.890302
0.890303
0.890304
0.890305
0.890306
0.890307
0.890309
0.89031
0.890311
0.890312
0.890313
0.890314
0.890316
0.890317
0.890318
0.890319
0.89032
0.890321
0.890322
0.890323
0.890324
0.890325
0.890327
0.890328
0.890329
0.89033
0.890331
0.890332
0.890333
0.890334
0.890335
0.890336
0.890337
0.890338
0.890339
0.89034
0.890341
0.890342
0.890343
0.890344
0.890345
0.890346
0.890347
0.890348
0.890349
0.89035
0.890351
0.890352
0.890353
0.890354
0.890354
0.890355
0.890356
0.890357
0.890358
0.890359
0.89036
0.890361
0.890362
0.890363
0.890363
0.890364
0.890365
0.890366
0.890367
0.890368
0.890369
0.89037
0.89037
0.890371
0.890372
0.890373
0.890374
0.890375
0.890375
0.890376
0.890377
0.890378
0.890379
0.890379
0.89038
0.890381
0.890382
0.890382
0.890383
0.890384
0.890385
0.890386
0.890386
0.890387
0.890388
0.890389
0.890389
0.89039
0.890391
0.890392
0.890392
0.890393
0.890394
0.890394
0.890395
0.890396
0.890397
0.890397
0.890398
0.890399
0.890399
0.8904
0.890401
0.890401
0.890402
0.890403
0.890403
0.890404
0.890405
0.890405
0.890406
0.890407
0.890407
0.890408
0.890409
0.890409
0.89041
0.890411
0.890411
0.890412
0.890412
0.890413
0.890414
0.890414
0.890415
0.890415
0.890416
0.890417
0.890417
0.890418
0.890418
0.890419
0.89042
0.89042
0.890421
0.890421
0.890422
0.890423
0.890423
0.890424
0.890424
0.890425
0.890425
0.890426
0.890426
0.890427
0.890427
0.890428
0.890429
0.890429
0.89043
0.89043
0.890431
0.890431
0.890432
0.890432
0.890433
0.890433
0.890434
0.890434
0.890435
0.890435
0.890436
0.890436
0.890437
0.890437
0.890438
0.890438
0.890439
0.890439
0.89044
0.89044
0.890441
0.890441
0.890442
0.890442
0.890442
0.890443
0.890443
0.890444
0.890444
0.890445
0.890445
0.890446
0.890446
0.890447
0.890447
0.890447
0.890448
0.890448
0.890449
0.890449
0.89045
0.89045
0.89045
0.890451
0.890451
0.890452
0.890452
0.890452
0.890453
0.890453
0.890454
0.890454
0.890455
0.890455
0.890455
0.890456
0.890456
0.890456
0.890457
0.890457
0.890458
0.890458
0.890458
0.890459
0.890459
0.89046
0.89046
0.89046
0.890461
0.890461
0.890461
0.890462
0.890462
0.890462
0.890463
0.890463
0.890463
0.890464
0.890464
0.890465
0.890465
0.890465
0.890466
0.890466
0.890466
0.890467
0.890467
0.890467
0.890468
0.890468
0.890468
0.890469
0.890469
0.890469
0.89047
0.89047
0.89047
0.89047
0.890471
0.890471
0.890471
0.890472
0.890472
0.890472
0.890473
0.890473
0.890473
0.890474
0.890474
0.890474
0.890474
0.890475
0.890475
0.890475
0.890476
0.890476
0.890476
0.890476
0.890477
0.890477
0.890477
0.890478
0.890478
0.890478
0.890478
0.890479
0.890479
0.890479
0.890479
0.89048
0.89048
0.89048
0.890481
0.890481
0.890481
0.890481
0.890482
0.890482
0.890482
0.890482
0.890483
0.890483
0.890483
0.890483
0.890484
0.890484
0.890484
0.890484
0.890485
0.890485
0.890485
0.890485
0.890485
0.890486
0.890486
0.890486
0.890486
0.890487
0.890487
0.890487
0.890487
0.890488
0.890488
0.890488
0.890488
0.890488
0.890489
0.890489
0.890489
0.890489
0.890489
0.89049
0.89049
0.89049
0.89049
0.890491
0.890491
0.890491
0.890491
0.890491
0.890492
0.890492
0.890492
0.890492
0.890492
0.890493
0.890493
0.890493
0.890493
0.890493
0.890494
0.890494
0.890494
0.890494
0.890494
0.890495
0.890495
0.890495
0.890495
0.890495
0.890495
0.890496
0.890496
0.890496
0.890496
0.890496
0.890497
0.890497
0.890497
0.890497
0.890497
0.890497
0.890498
0.890498
0.890498
0.890498
0.890498
0.890498
0.890499
0.890499
0.890499
0.890499
0.890499
0.890499
0.8905
0.8905
0.8905
0.8905
0.8905
0.8905
0.8905
0.890501
0.890501
0.890501
0.890501
0.890501
0.890501
0.890502
0.890502
0.890502
0.890502
0.890502
0.890502
0.890502
0.890503
0.890503
0.890503
0.890503
0.890503
0.890503
0.890503
0.890504
0.890504
0.890504
0.890504
0.890504
0.890504
0.890504
0.890505
0.890505
0.890505
0.890505
0.890505
0.890505
0.890505
0.890505
0.890506
0.890506
0.890506
0.890506
0.890506
0.890506
0.890506
0.890506
0.890507
0.890507
0.890507
0.890507
0.890507
0.890507
0.890507
0.890507
0.890508
0.890508
0.890508
0.890508
0.890508
0.890508
0.890508
0.890508
0.890509
0.890509
0.890509
0.890509
0.890509
0.890509
0.890509
0.890509
0.890509
0.89051
0.89051
0.89051
0.89051
0.89051
0.89051
0.89051
0.89051
0.89051
0.89051
0.890511
0.890511
0.890511
0.890511
0.890511
0.890511
0.890511
0.890511
0.890511
0.890511
0.890512
0.890512
0.890512
0.890512
0.890512
0.890512
0.890512
0.890512
0.890512
0.890512
0.890513
0.890513
0.890513
0.890513
0.890513
0.890513
0.890513
0.890513
0.890513
0.890513
0.890513
0.890514
0.890514
0.890514
0.890514
0.890514
0.890514
0.890514
0.890514
0.890514
0.890514
0.890514
0.890514
0.890515
0.890515
0.890515
0.890515
0.890515
0.890515
0.890515
0.890515
0.890515
0.890515
0.890515
0.890515
0.890515
0.890516
0.890516
0.890516
0.890516
0.890516
0.890516
0.890516
0.890516
0.890516
0.890516
0.890516
0.890516
0.890516
0.890517
0.890517
0.890517
0.890517
0.890517
0.890517
0.890517
0.890517
0.890517
0.890517
0.890517
0.890517
0.890517
0.890517
0.890517
0.890518
0.890518
0.890518
0.890518
0.890518
0.890518
0.890518
0.890518
0.890518
0.890518
0.890518
0.890518
0.890518
0.890518
0.890518
0.890518
0.890519
0.890519
0.890519
0.890519
0.890519
0.890519
0.890519
0.890519
0.890519
0.890519
0.890519
0.890519
0.890519
0.890519
0.890519
0.890519
0.890519
0.89052
0.89052
0.89052
0.89052
0.89052
0.89052
0.89052
0.89052
0.89052
0.89052
0.89052
0.89052
0.89052
0.89052
0.89052
0.89052
0.89052
0.89052
0.89052
0.890521
0.890521
0.890521
0.890521
0.890521
0.890521
0.890521
0.890521
0.890521
0.890521
0.890521
0.890521
0.890521
0.890521
0.890521
0.890521
0.890521
0.890521
0.890521
0.890521
0.890521
0.890522
0.890522
0.890522
0.890522
0.890522
0.890522
0.890522
0.890522
0.890522
0.890522
0.890522
0.890522
0.890522
0.890522
0.890522
0.890522
0.890522
0.890522
0.890522
0.890522
0.890522
0.890522
0.890522
0.890523
0.890523
0.890523
0.890523
0.890523
0.890523
0.890523
0.890523
0.890523
0.890523
0.890523
0.890523
0.890523
0.890523
0.890523
0.890523
0.890523
0.890523
0.890523
0.890523
0.890523
0.890523
0.890523
0.890523
0.890523
0.890523
0.890523
0.890524
0.890524
0.890524
0.890524
0.890524
0.890524
0.890524
0.890524
0.890524
0.890524
0.890524
0.890524
0.890524
0.890524
0.890524
0.890524
0.890524
0.890524
0.890524
0.890524
0.890524
0.890524
0.890524
0.890524
0.890524
0.890524
0.890524
0.890524
0.890524
0.890524
0.890524
0.890525
0.890525
0.890525
0.890525
0.890525
0.890525
0.890525
0.890525
0.890525
0.890525
0.890525
0.890525
0.890525
0.890525
0.890525
0.890525
0.890525
0.890525
0.890525
0.890525
0.890525
0.890525
0.890525
0.890525
0.890525
0.890525
0.890525
0.890525
0.890525
0.890525
0.890525
0.890525
0.890525
0.890525
0.890525
0.890525
0.890525
0.890525
0.890526
0.890526
0.890526
0.890526
0.890526
0.890526
0.890526
0.890526
0.890526
0.890526
0.890526
0.890526
0.890526
0.890526
0.890526
0.890526
0.890526
0.890526
0.890526
0.890526
0.890526
0.890526
0.890526
0.890526
0.890526
0.890526
0.890526
0.890526
0.890526
0.890526
0.890526
0.890526
0.890526
0.890526
0.890526
0.890526
0.890526
0.890526
0.890526
0.890526
0.890526
0.890526
0.890526
0.890526
0.890526
0.890526
0.890526
0.890527
0.890527
0.890527
0.890527
0.890527
0.890527
0.890527
0.890527
0.890527
0.890527
0.890527
0.890527
0.890527
0.890527
0.890527
0.890527
0.890527
0.890527
0.890527
0.890527
0.890527
0.890527
0.890527
0.890527
0.890527
0.890527
0.890527
0.890527
0.890527
0.890527
0.890527
0.890527
0.890527
0.890527
0.890527
0.890527
0.890527
0.890527
0.890527
0.890527
0.890527
0.890527
0.890527
0.890527
0.890527
0.890527
0.890527
0.890527
0.890527
0.890527
0.890527
0.890527
0.890527
0.890527
0.890527
0.890527
0.890527
0.890527
0.890527
0.890527
0.890527
0.890527
0.890528
0.890528
0.890528
0.890528
0.890528
0.890528
0.890528
0.890528
0.890528
0.890528
0.890528
0.890528
0.890528
0.890528
0.890528
0.890528
0.890528
0.890528
0.890528
0.890528
0.890528
0.890528
0.890528
0.890528
0.890528
0.890528
0.890528
0.890528
0.890528
0.890528
0.890528
0.890528
0.890528
0.890528
0.890528
0.890528
0.890528
0.890528
0.890528
0.890528
0.890528
0.890528
0.890528
0.890528
0.890528
0.890528
0.890528
0.890528
0.890528
0.890528
0.890528
0.890528
0.890528
0.890528
0.890528
0.890528
0.890528
0.890528
0.890528
0.890528
0.890528
0.890528
0.890528
0.890528
0.890528
0.890528
0.890528
0.890528
0.890528
0.890528
0.890528
0.890528
0.890528
0.890528
0.890528
0.890528
0.890528
0.890528
0.890528
0.890528
0.890528
0.890528
0.890528
0.890528
0.890528
0.890528
0.890528
0.890528
0.890528
0.890528
0.890528
0.890528
0.890528
0.890528
0.890529
0.890529
0.890529
0.890529
0.890529
0.890529
0.890529
0.890529
0.890529
0.890529
0.890529
0.890529
0.890529
0.890529
0.890529
0.890529
0.890529
0.890529
0.890529
0.890529
0.890529
0.890529
0.890529
0.890529
0.890529
0.890529
0.890529
0.890529
0.890529
0.890529
0.890529
0.890529
0.890529
0.890529
0.890529
0.890529
0.890529
0.890529
0.890529
0.890529
0.890529
0.890529
0.890529
0.890529
0.890529
0.890529
0.890529
0.890529
0.890529
0.890529
0.890529
0.890529
0.890529
0.890529
0.890529
0.890529
0.890529
0.890529
0.890529
0.890529
0.890529
0.890529
0.890529
0.890529
0.890529
0.890529
0.890529
0.890529
0.890529
0.890529
0.890529
0.890529
0.890529
0.890529
0.890529
0.890529
0.890529
0.890529
0.890529
0.890529
0.890529
0.890529
0.890529
0.890529
0.890529
0.890529
0.890529
0.890529
0.890529
0.890529
0.890529
0.890529
0.890529
0.890529
0.890529
0.890529
0.890529
0.890529
0.890529
0.890529
0.890529
0.890529
0.890529
0.890529
0.890529
0.890529
0.890529
0.890529
0.890529
0.890529
0.890529
0.890529
0.890529
0.890529
0.890529
0.890529
0.890529
0.890529
0.890529
0.890529
0.890529
0.890529
0.890529
0.890529
0.890529
0.890529
0.890529
0.890529
0.890529
0.890529
0.890529
0.890529
0.890529
0.890529
0.890529
0.890529
0.890529
0.890529
0.890529
0.890529
0.890529
0.890529
0.890529
0.890529
0.890529
0.890529
0.890529
0.890529
0.890529
0.890529
0.890529
0.890529
0.890529
0.890529
0.890529
0.890529
0.890529
0.890529
0.890529
0.890529
0.890529
0.890529
0.890529
0.890529
0.890529
0.890529
0.890529
0.890529
0.890529
0.890529
0.890529
0.890529
0.890529
0.890529
0.890529
0.890529
0.890529
0.890529
0.890529
0.890529
0.890529
0.890529
0.890529
0.890529
0.890529
0.890529
0.890529
0.890529
0.890529
0.890529
0.890529
0.890529
0.890529
0.89053
0.89053
0.89053
0.89053
0.89053
0.89053
0.89053
0.89053
0.89053
0.89053
0.89053
0.89053
0.89053
0.89053
0.89053
0.89053
0.89053
0.89053
0.89053
0.89053
0.89053
0.89053
0.89053
0.89053
0.89053
0.89053
0.89053
0.89053
0.89053
0.89053
0.89053
0.89053
0.89053
0.89053
0.89053
0.89053
0.89053
0.89053
0.89053
0.89053
0.89053
0.89053
0.89053
0.89053
0.89053
0.89053
0.89053
0.89053
0.89053
0.89053
0.89053
0.89053
0.89053
0.89053
0.89053
0.89053
0.89053
0.89053
0.89053
0.89053
0.89053
0.89053
0.89053
0.89053
0.89053
0.89053
0.89053
0.89053
0.89053
0.89053
0.89053
0.89053
0.89053
0.89053
0.89053
0.89053
0.89053
0.89053
0.89053
0.89053
0.89053
0.89053
0.89053
0.89053
0.89053
0.89053
0.89053
0.89053
0.89053
0.89053
0.89053
0.89053
0.89053
0.89053
0.89053
0.89053
0.89053
0.89053
0.89053
0.89053
0.89053
0.89053
0.89053
0.89053
0.89053
0.89053
0.89053
0.89053
0.89053
0.89053
0.89053
0.89053
0.89053
0.89053
0.89053
0.89053
0.89053
0.89053
0.89053
0.89053
0.89053
0.89053
0.89053
0.89053
0.89053
0.89053
0.89053
0.89053
0.89053
0.89053
0.89053
0.89053
0.89053
0.89053
0.89053
0.89053
0.89053
0.89053
0.89053
0.89053
0.89053
0.89053
0.89053
0.89053
0.89053
0.89053
0.89053
0.89053
0.89053
0.89053
0.89053
0.89053
0.89053
0.89053
0.89053
0.89053
0.89053
0.89053
0.89053
0.89053
0.89053
0.89053
0.89053
0.89053
0.89053
0.89053
0.89053
0.89053
0.89053
0.89053
0.89053
0.89053
0.89053
0.89053
0.89053
0.89053
0.89053
0.89053
0.89053
0.89053
0.89053
0.89053
0.89053
0.89053
0.89053
0.89053
0.89053
0.89053
0.89053
0.89053
0.89053
0.89053
0.89053
0.89053
0.89053
0.89053
0.89053
0.89053
0.89053
0.89053
0.89053
0.89053
0.89053
0.89053
0.89053
0.89053
0.89053
0.89053
0.89053
0.89053
0.89053
0.89053
0.89053
0.89053
0.89053
0.89053
0.89053
0.89053
0.89053
0.89053
0.89053
0.89053
0.89053
0.89053
0.89053
0.89053
0.89053
0.89053
0.89053
0.89053
0.89053
0.89053
0.89053
0.89053
0.89053
0.89053
0.89053
0.89053
0.89053
0.89053
0.89053
0.89053
0.89053
0.89053
0.89053
0.89053
0.89053
0.89053
0.89053
0.89053
0.89053
0.89053
0.89053
0.89053
0.89053
0.89053
0.89053
0.89053
0.89053
0.89053
0.89053
0.89053
0.89053
0.89053
0.89053
0.89053
0.89053
0.89053
0.89053
0.89053
0.89053
0.89053
0.89053
0.89053
0.89053
0.89053
0.89053
0.89053
0.89053
0.89053
0.89053
0.89053
0.89053
0.89053
0.89053
0.89053
0.89053
0.89053
0.89053
0.89053
0.89053
0.89053
0.89053
0.89053
0.89053
0.89053
0.89053
0.89053
0.89053
0.89053
0.89053
0.89053
0.89053
0.89053
0.89053
0.89053
0.89053
0.89053
0.89053
0.89053
0.89053
0.89053
0.89053
0.89053
0.89053
0.89053
0.89053
0.89053
0.89053
0.89053
0.89053
0.89053
0.89053
0.89053
0.89053
0.89053
0.89053
0.89053
0.89053
0.89053
0.89053
0.89053
0.89053
0.89053
0.89053
0.89053
0.89053
0.89053
0.89053
0.89053
0.89053
0.89053
0.89053
0.89053
0.89053
0.89053
0.89053
0.89053
0.89053
0.89053
0.89053
0.89053
0.89053
0.89053
0.89053
0.89053
0.89053
0.89053
0.89053
0.89053
0.89053
0.89053
0.89053
0.89053
0.89053
0.89053
0.89053
0.89053
0.89053
0.89053
0.89053
0.89053
0.89053
0.89053
0.89053
0.89053
0.89053
0.89053
0.89053
0.89053
0.89053
0.89053
0.89053
0.89053
0.89053
0.89053
0.89053
0.89053
0.89053
0.89053
0.89053
0.89053
0.89053
0.89053
0.89053
0.89053
0.89053
0.89053
0.89053
0.89053
0.89053
0.89053
0.89053
0.89053
0.89053
0.89053
0.89053
0.89053
0.89053
0.89053
0.89053
0.89053
0.89053
0.89053
0.89053
0.89053
0.89053
0.89053
0.89053
0.89053
0.89053
0.89053
0.89053
0.89053
0.89053
0.89053
0.89053
0.89053
0.89053
0.89053
0.89053
0.89053
0.89053
0.89053
0.89053
0.89053
0.89053
0.89053
0.89053
0.89053
0.89053
0.89053
0.89053
0.89053
0.89053
0.89053
0.89053
0.89053
0.89053
0.89053
0.89053
0.89053
0.89053
0.89053
0.89053
0.89053
0.89053
0.89053
0.89053
0.89053
0.89053
0.89053
0.89053
0.89053
0.89053
0.89053
0.89053
0.89053
0.89053
0.89053
0.89053
0.89053
0.89053
0.89053
0.89053
0.89053
0.89053
0.89053
0.89053
0.89053
0.89053
0.89053
0.89053
0.89053
0.89053
0.89053
0.89053
0.89053
0.89053
0.89053
0.89053
0.89053
0.89053
0.89053
0.89053
0.89053
0.89053
0.89053
0.89053
0.89053
0.89053
0.89053
0.89053
0.89053
0.89053
0.89053
0.89053
0.89053
0.89053
0.89053
0.89053
0.89053
0.89053
0.89053
0.89053
0.89053
0.89053
0.89053
0.89053
0.89053
0.89053
0.89053
0.89053
0.89053
0.89053
0.89053
0.89053
0.89053
0.89053
0.89053
0.89053
0.89053
0.89053
0.89053
0.89053
0.89053
0.89053
0.89053
0.89053
0.89053
0.89053
0.89053
0.89053
0.89053
0.89053
0.89053
0.89053
0.89053
0.89053
0.89053
0.89053
0.89053
0.89053
0.89053
0.89053
0.89053
0.89053
0.89053
0.89053
0.89053
0.89053
0.89053
0.89053
0.89053
0.89053
0.89053
0.89053
0.89053
0.89053
0.89053
0.89053
0.89053
0.89053
0.89053
0.89053
0.89053
0.89053
0.89053
0.89053
0.89053
0.89053
0.89053
0.89053
0.89053
0.89053
0.89053
0.89053
0.89053
0.89053
0.89053
0.89053
0.89053
0.89053
0.89053
0.89053
0.89053
0.89053
0.89053
0.89053
0.89053
0.89053
0.89053
0.89053
0.89053
0.89053
0.89053
0.89053
0.89053
0.89053
0.89053
0.89053
0.89053
0.89053
0.89053
0.89053
0.89053
0.89053
0.89053
0.89053
0.89053
0.89053
0.89053
0.89053
0.89053
0.89053
0.89053
0.89053
0.89053
0.89053
0.89053
0.89053
0.89053
0.89053
0.89053
0.89053
0.89053
0.89053
0.89053
0.89053
0.89053
0.89053
0.89053
0.89053
0.89053
0.89053
0.89053
0.89053
0.89053
0.89053
0.89053
0.89053
0.89053
0.89053
0.89053
0.89053
0.89053
0.89053
0.89053
0.89053
0.89053
0.89053
0.89053
0.89053
0.89053
0.89053
0.89053
0.89053
0.89053
0.89053
0.89053
0.89053
0.89053
0.89053
0.89053
0.89053
0.89053
0.89053
0.89053
0.89053
0.89053
0.89053
0.89053
0.89053
0.89053
0.89053
0.89053
0.89053
0.89053
0.89053
0.89053
0.89053
0.89053
0.89053
0.89053
0.89053
0.89053
0.89053
0.89053
0.89053
0.89053
0.89053
0.89053
0.89053
0.89053
0.89053
0.89053
0.89053
0.89053
0.89053
0.89053
0.89053
0.89053
0.89053
0.89053
0.89053
0.89053
0.89053
0.89053
0.89053
0.89053
0.89053
0.89053
0.89053
0.89053
0.89053
0.89053
0.89053
0.89053
0.89053
0.89053
0.89053
0.89053
0.89053
0.89053
0.89053
0.89053
0.89053
0.89053
0.89053
0.89053
0.89053
0.89053
0.89053
0.89053
0.89053
0.89053
0.89053
0.89053
0.89053
0.89053
0.89053
0.89053
0.89053
0.89053
0.89053
0.89053
0.89053
0.89053
0.89053
0.89053
0.89053
0.89053
0.89053
0.89053
0.89053
0.89053
0.89053
0.89053
0.89053
0.89053
0.89053
0.89053
0.89053
0.89053
0.89053
0.89053
0.89053
0.89053
0.89053
0.89053
0.89053
0.89053
0.89053
0.89053
0.89053
0.89053
0.89053
0.89053
0.89053
0.89053
0.89053
0.89053
0.89053
0.89053
0.89053
0.89053
0.89053
0.89053
0.89053
0.89053
0.89053
0.89053
0.89053
0.89053
0.89053
0.89053
0.89053
0.89053
0.89053
0.89053
0.89053
0.89053
0.89053
0.89053
0.89053
0.89053
0.89053
0.89053
0.89053
0.89053
0.89053
0.89053
0.89053
0.89053
0.89053
0.89053
0.89053
0.89053
0.89053
0.89053
0.89053
0.89053
0.89053
0.89053
0.89053
0.89053
0.89053
0.89053
0.89053
0.89053
0.89053
0.89053
0.89053
0.89053
0.89053
0.89053
0.89053
0.89053
0.89053
0.89053
0.89053
0.89053
0.89053
0.89053
0.89053
0.89053
0.89053
0.89053
0.89053
0.89053
0.89053
0.89053
0.89053
0.89053
0.89053
0.89053
0.89053
0.89053
0.89053
0.89053
0.89053
0.89053
0.89053
0.89053
0.89053
0.89053
0.89053
0.89053
0.89053
0.89053
0.89053
0.89053
0.89053
0.89053
0.89053
0.89053
0.89053
0.89053
0.89053
0.89053
0.89053
0.89053
0.89053
0.89053
0.89053
0.89053
0.89053
0.89053
0.89053
0.89053
0.89053
0.89053
0.89053
0.89053
0.89053
0.89053
0.89053
0.89053
0.89053
0.89053
0.89053
0.89053
0.89053
0.89053
0.89053
0.89053
0.89053
0.89053
0.89053
0.89053
0.89053
0.89053
0.89053
0.89053
0.89053
0.89053
0.89053
0.89053
0.89053
0.89053
0.89053
0.89053
0.89053
0.89053
0.89053
0.89053
0.89053
0.89053
0.89053
0.89053
0.89053
0.89053
0.89053
0.89053
0.89053
0.89053
0.89053
0.89053
0.89053
0.89053
0.89053
0.89053
0.89053
0.89053
0.89053
0.89053
0.89053
0.89053
0.89053
0.89053
0.89053
0.89053
0.89053
0.89053
0.89053
0.89053
0.89053
0.89053
0.89053
0.89053
0.89053
0.89053
0.89053
0.89053
0.89053
0.89053
0.89053
0.89053
0.89053
0.89053
0.89053
0.89053
0.89053
0.89053
0.89053
0.89053
0.89053
0.89053
0.89053
0.89053
0.89053
0.89053
0.89053
0.89053
0.89053
0.89053
0.89053
0.89053
0.89053
0.89053
0.89053
0.89053
0.89053
0.89053
0.89053
0.89053
0.89053
0.89053
0.89053
0.89053
0.89053
0.89053
0.89053
0.89053
0.89053
0.89053
0.89053
0.89053
0.89053
0.89053
0.89053
0.89053
0.89053
0.89053
0.89053
0.89053
0.89053
0.89053
0.89053
0.89053
0.89053
0.89053
0.89053
0.89053
0.89053
0.89053
0.89053
0.89053
0.89053
0.89053
0.89053
0.89053
0.89053
0.89053
0.89053
0.89053
0.89053
0.89053
0.89053
0.89053
0.89053
0.89053
0.89053
0.89053
0.89053
0.89053
0.89053
0.89053
0.89053
0.89053
0.89053
0.89053
0.89053
0.89053
0.89053
0.89053
0.89053
0.89053
0.89053
0.89053
0.89053
0.89053
0.89053
0.89053
0.89053
0.89053
0.89053
0.89053
0.89053
0.89053
0.89053
0.89053
0.89053
0.89053
0.89053
0.89053
0.89053
0.89053
0.89053
0.89053
0.89053
0.89053
0.89053
0.89053
0.89053
0.89053
0.89053
0.89053
0.89053
0.89053
0.89053
0.89053
0.89053
0.89053
0.89053
0.89053
0.89053
0.89053
0.89053
0.89053
0.89053
0.89053
0.89053
0.89053
0.89053
0.89053
0.89053
0.89053
0.89053
0.89053
0.89053
0.89053
0.89053
0.89053
0.89053
0.89053
0.89053
0.89053
0.89053
0.89053
0.89053
0.89053
0.89053
0.89053
0.89053
0.89053
0.89053
0.89053
0.89053
0.89053
0.89053
0.89053
0.89053
0.89053
0.89053
0.89053
0.89053
0.89053
0.89053
0.89053
0.89053
0.89053
0.89053
0.89053
0.89053
0.89053
0.89053
0.89053
0.89053
0.89053
0.89053
0.89053
0.89053
0.89053
0.89053
0.89053
0.89053
0.89053
0.89053
0.89053
0.89053
0.89053
0.89053
0.89053
0.89053
0.89053
0.89053
0.89053
0.89053
0.89053
0.89053
0.89053
0.89053
0.89053
0.89053
0.89053
0.89053
0.89053
0.89053
0.89053
0.89053
0.89053
0.89053
0.89053
0.89053
0.89053
0.89053
0.89053
0.89053
0.89053
0.89053
0.89053
0.89053
0.89053
0.89053
0.89053
0.89053
0.89053
0.89053
0.89053
0.89053
0.89053
0.89053
0.89053
0.89053
0.89053
0.89053
0.89053
0.89053
0.89053
0.89053
0.89053
0.89053
0.89053
0.89053
0.89053
0.89053
0.89053
0.89053
0.89053
0.89053
0.89053
0.89053
0.89053
0.89053
0.89053
0.89053
0.89053
0.89053
0.89053
0.89053
0.89053
0.89053
0.89053
0.89053
0.89053
0.89053
0.89053
0.89053
0.89053
0.89053
0.89053
0.89053
0.89053
0.89053
0.89053
0.89053
0.89053
0.89053
0.89053
0.89053
0.89053
0.89053
0.89053
0.89053
0.89053
0.89053
0.89053
0.89053
0.89053
0.89053
0.89053
0.89053
0.89053
0.89053
0.89053
0.89053
0.89053
0.89053
0.89053
0.89053
0.89053
0.89053
0.89053
0.89053
0.89053
0.89053
0.89053
0.89053
0.89053
0.89053
0.89053
0.89053
0.89053
0.89053
0.89053
0.89053
0.89053
0.89053
0.89053
0.89053
0.89053
0.89053
0.89053
0.89053
0.89053
0.89053
0.89053
0.89053
0.89053
0.89053
0.89053
0.89053
0.89053
0.89053
0.89053
0.89053
0.89053
0.89053
0.89053
0.89053
0.89053
0.89053
0.89053
0.89053
0.89053
0.89053
0.89053
0.89053
0.89053
0.89053
0.89053
0.89053
0.89053
0.89053
0.89053
0.89053
0.89053
0.89053
0.89053
0.89053
0.89053
0.89053
0.89053
0.89053
0.89053
0.89053
0.89053
0.89053
0.89053
0.89053
0.89053
0.89053
0.89053
0.89053
0.89053
0.89053
0.89053
0.89053
0.89053
0.89053
0.89053
0.89053
0.89053
0.89053
0.89053
0.89053
0.89053
0.89053
0.89053
0.89053
0.89053
0.89053
0.89053
0.89053
0.89053
0.89053
0.89053
0.89053
0.89053
0.89053
0.89053
0.89053
0.89053
0.89053
0.89053
0.89053
0.89053
0.89053
0.89053
0.89053
0.89053
0.89053
0.89053
0.89053
0.89053
0.89053
0.89053
0.89053
0.89053
0.89053
0.89053
0.89053
0.89053
0.89053
0.89053
0.89053
0.89053
0.89053
0.89053
0.89053
0.89053
0.89053
0.89053
0.89053
0.89053
0.89053
0.89053
0.89053
0.89053
0.89053
0.89053
0.89053
0.89053
0.89053
0.89053
0.89053
0.89053
0.89053
0.89053
0.89053
0.89053
0.89053
0.89053
0.89053
0.89053
0.89053
0.89053
0.89053
0.89053
0.89053
0.89053
0.89053
0.89053
0.89053
0.89053
0.89053
0.89053
0.89053
0.89053
0.89053
0.89053
0.89053
0.89053
0.89053
0.89053
0.89053
0.89053
0.89053
0.89053
0.89053
0.89053
0.89053
0.89053
0.89053
0.89053
0.89053
0.89053
0.89053
0.89053
0.89053
0.89053
0.89053
0.89053
0.89053
0.89053
0.89053
0.89053
0.89053
0.89053
0.89053
0.89053
0.89053
0.89053
0.89053
0.89053
0.89053
0.89053
0.89053
0.89053
0.89053
0.89053
0.89053
0.89053
0.89053
0.89053
0.89053
0.89053
0.89053
0.89053
0.89053
0.89053
0.89053
0.89053
0.89053
0.89053
0.89053
0.89053
0.89053
0.89053
0.89053
0.89053
0.89053
0.89053
0.89053
0.89053
0.89053
0.89053
0.89053
0.89053
0.89053
0.89053
0.89053
0.89053
0.89053
0.89053
0.89053
0.89053
0.89053
0.89053
0.89053
0.89053
0.89053
0.89053
0.89053
0.89053
0.89053
0.89053
0.89053
0.89053
0.89053
0.89053
0.89053
0.89053
0.89053
0.89053
0.89053
0.89053
0.89053
0.89053
0.89053
0.89053
0.89053
0.89053
0.89053
0.89053
0.89053
0.89053
0.89053
0.89053
0.89053
0.89053
0.89053
0.89053
0.89053
0.89053
0.89053
0.89053
0.89053
0.89053
0.89053
0.89053
0.89053
0.89053
0.89053
0.89053
0.89053
0.89053
0.89053
0.89053
0.89053
0.89053
0.89053
0.89053
0.89053
0.89053
0.89053
0.89053
0.89053
0.89053
0.89053
0.89053
0.89053
0.89053
0.89053
0.89053
0.89053
0.89053
0.89053
0.89053
0.89053
0.89053
0.89053
0.89053
0.89053
0.89053
0.89053
0.89053
0.89053
0.89053
0.89053
0.89053
0.89053
0.89053
0.89053
0.89053
0.89053
0.89053
0.89053
0.89053
0.89053
0.89053
0.89053
0.89053
0.89053
0.89053
0.89053
0.89053
0.89053
0.89053
0.89053
0.89053
0.89053
0.89053
0.89053
0.89053
0.89053
0.89053
0.89053
0.89053
0.89053
0.89053
0.89053
0.89053
0.89053
0.89053
0.89053
0.89053
0.89053
0.89053
0.89053
0.89053
0.89053
0.89053
0.89053
0.89053
0.89053
0.89053
0.89053
0.89053
0.89053
0.89053
0.89053
0.89053
0.89053
0.89053
0.89053
0.89053
0.89053
0.89053
0.89053
0.89053
0.89053
0.89053
0.89053
0.89053
0.89053
0.89053
0.89053
0.89053
0.89053
0.89053
0.89053
0.89053
0.89053
0.89053
0.89053
0.89053
0.89053
0.89053
0.89053
0.89053
0.89053
0.89053
0.89053
0.89053
0.89053
0.89053
0.89053
0.89053
0.89053
0.89053
0.89053
0.89053
0.89053
0.89053
0.89053
0.89053
0.89053
0.89053
0.89053
0.89053
0.89053
0.89053
0.89053
0.89053
0.89053
0.89053
0.89053
0.89053
0.89053
0.89053
0.89053
0.89053
0.89053
0.89053
0.89053
0.89053
0.89053
0.89053
0.89053
0.89053
0.89053
0.89053
0.89053
0.89053
0.89053
0.89053
0.89053
0.89053
0.89053
0.89053
0.89053
0.89053
0.89053
0.89053
0.89053
0.89053
0.89053
0.89053
0.89053
0.89053
0.89053
0.89053
0.89053
0.89053
0.89053
0.89053
0.89053
0.89053
0.89053
0.89053
0.89053
0.89053
0.89053
0.89053
0.89053
0.89053
0.89053
0.89053
0.89053
0.89053
0.89053
0.89053
0.89053
0.89053
0.89053
0.89053
0.89053
0.89053
0.89053
0.89053
0.89053
0.89053
0.89053
0.89053
0.89053
0.89053
0.89053
0.89053
0.89053
0.89053
0.89053
0.89053
0.89053
0.89053
0.89053
0.89053
0.89053
0.89053
0.89053
0.89053
0.89053
0.89053
0.89053
0.89053
0.89053
0.89053
0.89053
0.89053
0.89053
0.89053
0.89053
0.89053
0.89053
0.89053
0.89053
0.89053
0.89053
0.89053
0.89053
0.89053
0.89053
0.89053
0.89053
0.89053
0.89053
0.89053
0.89053
0.89053
0.89053
0.89053
0.89053
0.89053
0.89053
0.89053
0.89053
0.89053
0.89053
0.89053
0.89053
0.89053
0.89053
0.89053
0.89053
0.89053
0.89053
0.89053
0.89053
0.89053
0.89053
0.89053
0.89053
0.89053
0.89053
0.89053
0.89053
0.89053
0.89053
0.89053
0.89053
0.89053
0.89053
0.89053
0.89053
0.89053
0.89053
0.89053
0.89053
0.89053
0.89053
0.89053
0.89053
0.89053
0.89053
0.89053
0.89053
0.89053
0.89053
0.89053
0.89053
0.89053
0.89053
0.89053
0.89053
0.89053
0.89053
0.89053
0.89053
0.89053
0.89053
0.89053
0.89053
0.89053
0.89053
0.89053
0.89053
0.89053
0.89053
0.89053
0.89053
0.89053
0.89053
0.89053
0.89053
0.89053
0.89053
0.89053
0.89053
0.89053
0.89053
0.89053
0.89053
0.89053
0.89053
0.89053
0.89053
0.89053
0.89053
0.89053
0.89053
0.89053
0.89053
0.89053
0.89053
0.89053
0.89053
0.89053
0.89053
0.89053
0.89053
0.89053
0.89053
0.89053
0.89053
0.89053
0.89053
0.89053
0.89053
0.89053
0.89053
0.89053
0.89053
0.89053
0.89053
0.89053
0.89053
0.89053
0.89053
0.89053
0.89053
0.89053
0.89053
0.89053
0.89053
0.89053
0.89053
0.89053
0.89053
0.89053
0.89053
0.89053
0.89053
0.89053
0.89053
0.89053
0.89053
0.89053
0.89053
0.89053
0.89053
0.89053
0.89053
0.89053
0.89053
0.89053
0.89053
0.89053
0.89053
0.89053
0.89053
0.89053
0.89053
0.89053
0.89053
0.89053
0.89053
0.89053
0.89053
0.89053
0.89053
0.89053
0.89053
0.89053
0.89053
0.89053
0.89053
0.89053
0.89053
0.89053
0.89053
0.89053
0.89053
0.89053
0.89053
0.89053
0.89053
0.89053
0.89053
0.89053
0.89053
0.89053
0.89053
0.89053
0.89053
0.89053
0.89053
0.89053
0.89053
0.89053
0.89053
0.89053
0.89053
0.89053
0.89053
0.89053
0.89053
0.89053
0.89053
0.89053
0.89053
0.89053
0.89053
0.89053
0.89053
0.89053
0.89053
0.89053
0.89053
0.89053
0.89053
0.89053
0.89053
0.89053
0.89053
0.89053
0.89053
0.89053
0.89053
0.89053
0.89053
0.89053
0.89053
0.89053
0.89053
0.89053
0.89053
0.89053
0.89053
0.89053
0.89053
0.89053
0.89053
0.89053
0.89053
0.89053
0.89053
0.89053
0.89053
0.89053
0.89053
0.89053
0.89053
0.89053
0.89053
0.89053
0.89053
0.89053
0.89053
0.89053
0.89053
0.89053
0.89053
0.89053
0.89053
0.89053
0.89053
0.89053
0.89053
0.89053
0.89053
0.89053
0.89053
0.89053
0.89053
0.89053
0.89053
0.89053
0.89053
0.89053
0.89053
0.89053
0.89053
0.89053
0.89053
0.89053
0.89053
0.89053
0.89053
0.89053
0.89053
0.89053
0.89053
0.89053
0.89053
0.89053
0.89053
0.89053
0.89053
0.89053
0.89053
0.89053
0.89053
0.89053
0.89053
0.89053
0.89053
0.89053
0.89053
0.89053
0.89053
0.89053
0.89053
0.89053
0.89053
0.89053
0.89053
0.89053
0.89053
0.89053
0.89053
0.89053
0.89053
0.89053
0.89053
0.89053
0.89053
0.89053
0.89053
0.89053
0.89053
0.89053
0.89053
0.89053
0.89053
0.89053
0.89053
0.89053
0.89053
0.89053
0.89053
0.89053
0.89053
0.89053
0.89053
0.89053
0.89053
0.89053
0.89053
0.89053
0.89053
0.89053
0.89053
0.89053
0.89053
0.89053
0.89053
0.89053
0.89053
0.89053
0.89053
0.89053
0.89053
0.89053
0.89053
0.89053
0.89053
0.89053
0.89053
0.89053
0.89053
0.89053
0.89053
0.89053
0.89053
0.89053
0.89053
0.89053
0.89053
0.89053
0.89053
0.89053
0.89053
0.89053
0.89053
0.89053
0.89053
0.89053
0.89053
0.89053
0.89053
0.89053
0.89053
0.89053
0.89053
0.89053
0.89053
0.89053
0.89053
0.89053
0.89053
0.89053
0.89053
0.89053
0.89053
0.89053
0.89053
0.89053
0.89053
0.89053
0.89053
0.89053
0.89053
0.89053
0.89053
0.89053
0.89053
0.89053
0.89053
0.89053
0.89053
0.89053
0.89053
0.89053
0.89053
0.89053
0.89053
0.89053
0.89053
0.89053
0.89053
0.89053
0.89053
0.89053
0.89053
0.89053
0.89053
0.89053
0.89053
0.89053
0.89053
0.89053
0.89053
0.89053
0.89053
0.89053
0.89053
0.89053
0.89053
0.89053
0.89053
0.89053
0.89053
0.89053
0.89053
0.89053
0.89053
0.89053
0.89053
0.89053
0.89053
0.89053
0.89053
0.89053
0.89053
0.89053
0.89053
0.89053
0.89053
0.89053
0.89053
0.89053
