0.00199501
0.00449952
0.00740846
0.0105182
0.013738
0.0170206
0.0203382
0.0236731
0.0270138
0.030352
0.0336823
0.037001
0.0403054
0.0435938
0.0468652
0.0501188
0.0533544
0.0565718
0.059771
0.0629523
0.0661159
0.0692619
0.0723909
0.075503
0.0785985
0.081678
0.0847416
0.0877896
0.0908225
0.0938404
0.0968436
0.0998325
0.102807
0.105768
0.108715
0.111649
0.114569
0.117476
0.12037
0.123252
0.126121
0.128977
0.131821
0.134653
0.137472
0.14028
0.143076
0.145859
0.148632
0.151392
0.154141
0.156879
0.159605
0.162319
0.165023
0.167715
0.170396
0.173067
0.175726
0.178374
0.181011
0.183638
0.186253
0.188858
0.191453
0.194036
0.196609
0.199172
0.201724
0.204265
0.206797
0.209317
0.211828
0.214328
0.216818
0.219298
0.221768
0.224227
0.226677
0.229117
0.231546
0.233966
0.236376
0.238776
0.241166
0.243546
0.245917
0.248278
0.250629
0.252971
0.255303
0.257626
0.259939
0.262243
0.264538
0.266823
0.269099
0.271366
0.273623
0.275871
0.27811
0.28034
0.282561
0.284773
0.286976
0.28917
0.291355
0.293531
0.295699
0.297857
0.300007
0.302149
0.304281
0.306405
0.308521
0.310627
0.312726
0.314816
0.316897
0.31897
0.321035
0.323092
0.32514
0.32718
0.329211
0.331235
0.333251
0.335258
0.337257
0.339249
0.341232
0.343208
0.345175
0.347135
0.349087
0.351031
0.352967
0.354896
0.356817
0.35873
0.360636
0.362534
0.364425
0.366308
0.368184
0.370052
0.371913
0.373766
0.375612
0.377451
0.379283
0.381107
0.382924
0.384735
0.386537
0.388333
0.390122
0.391904
0.393678
0.395446
0.397207
0.398961
0.400708
0.402448
0.404182
0.405908
0.407628
0.409341
0.411048
0.412748
0.414441
0.416128
0.417808
0.419481
0.421148
0.422809
0.424463
0.426111
0.427752
0.429387
0.431016
0.432638
0.434254
0.435864
0.437468
0.439065
0.440657
0.442242
0.443821
0.445394
0.446961
0.448522
0.450077
0.451626
0.453169
0.454706
0.456237
0.457763
0.459282
0.460796
0.462304
0.463806
0.465303
0.466794
0.468279
0.469758
0.471232
0.4727
0.474163
0.47562
0.477072
0.478518
0.479958
0.481393
0.482823
0.484247
0.485666
0.48708
0.488488
0.489891
0.491288
0.49268
0.494067
0.495449
0.496826
0.498197
0.499564
0.500925
0.502281
0.503632
0.504977
0.506318
0.507654
0.508985
0.510311
0.511631
0.512947
0.514258
0.515564
0.516865
0.518162
0.519453
0.52074
0.522022
0.523299
0.524571
0.525839
0.527102
0.52836
0.529613
0.530862
0.532106
0.533346
0.534581
0.535811
0.537037
0.538259
0.539475
0.540688
0.541896
0.543099
0.544298
0.545492
0.546682
0.547868
0.549049
0.550226
0.551399
0.552567
0.553731
0.554891
0.556046
0.557197
0.558344
0.559487
0.560626
0.56176
0.56289
0.564016
0.565138
0.566256
0.56737
0.568479
0.569585
0.570687
0.571784
0.572878
0.573967
0.575053
0.576134
0.577212
0.578285
0.579355
0.580421
0.581483
0.582541
0.583595
0.584646
0.585692
0.586735
0.587774
0.588809
0.589841
0.590869
0.591893
0.592913
0.593929
0.594942
0.595951
0.596957
0.597959
0.598957
0.599952
0.600943
0.60193
0.602914
0.603895
0.604871
0.605845
0.606814
0.607781
0.608743
0.609703
0.610659
0.611611
0.61256
0.613505
0.614448
0.615386
0.616322
0.617254
0.618182
0.619107
0.620029
0.620948
0.621863
0.622776
0.623684
0.62459
0.625492
0.626391
0.627287
0.62818
0.629069
0.629955
0.630838
0.631718
0.632595
0.633468
0.634339
0.635206
0.63607
0.636931
0.637789
0.638644
0.639496
0.640345
0.641191
0.642034
0.642874
0.643711
0.644545
0.645375
0.646203
0.647028
0.64785
0.648669
0.649486
0.650299
0.651109
0.651917
0.652721
0.653523
0.654322
0.655118
0.655911
0.656701
0.657489
0.658274
0.659056
0.659835
0.660612
0.661385
0.662156
0.662924
0.66369
0.664453
0.665213
0.66597
0.666725
0.667477
0.668226
0.668973
0.669717
0.670458
0.671197
0.671933
0.672667
0.673398
0.674126
0.674852
0.675575
0.676296
0.677014
0.67773
0.678443
0.679153
0.679861
0.680567
0.68127
0.68197
0.682668
0.683364
0.684057
0.684748
0.685436
0.686122
0.686805
0.687487
0.688165
0.688841
0.689515
0.690187
0.690856
0.691523
0.692187
0.692849
0.693509
0.694166
0.694821
0.695474
0.696125
0.696773
0.697419
0.698062
0.698704
0.699343
0.69998
0.700615
0.701247
0.701877
0.702505
0.703131
0.703754
0.704376
0.704995
0.705612
0.706227
0.70684
0.70745
0.708059
0.708665
0.709269
0.709871
0.710471
0.711069
0.711665
0.712258
0.71285
0.713439
0.714027
0.714612
0.715196
0.715777
0.716356
0.716933
0.717508
0.718082
0.718653
0.719222
0.719789
0.720354
0.720918
0.721479
0.722038
0.722595
0.723151
0.723704
0.724256
0.724805
0.725353
0.725899
0.726443
0.726985
0.727525
0.728063
0.728599
0.729133
0.729666
0.730197
0.730725
0.731252
0.731778
0.732301
0.732822
0.733342
0.73386
0.734376
0.73489
0.735403
0.735913
0.736422
0.736929
0.737435
0.737938
0.73844
0.73894
0.739438
0.739935
0.74043
0.740923
0.741414
0.741904
0.742392
0.742878
0.743363
0.743846
0.744327
0.744807
0.745284
0.745761
0.746235
0.746708
0.747179
0.747649
0.748117
0.748583
0.749048
0.749511
0.749973
0.750433
0.750891
0.751348
0.751803
0.752256
0.752708
0.753159
0.753607
0.754055
0.7545
0.754945
0.755387
0.755828
0.756268
0.756706
0.757142
0.757577
0.758011
0.758443
0.758873
0.759302
0.75973
0.760156
0.76058
0.761003
0.761425
0.761845
0.762263
0.762681
0.763096
0.763511
0.763923
0.764335
0.764745
0.765153
0.765561
0.765966
0.766371
0.766774
0.767175
0.767575
0.767974
0.768371
0.768767
0.769162
0.769555
0.769947
0.770338
0.770727
0.771115
0.771501
0.771886
0.77227
0.772652
0.773034
0.773413
0.773792
0.774169
0.774545
0.77492
0.775293
0.775665
0.776036
0.776405
0.776773
0.77714
0.777506
0.77787
0.778233
0.778595
0.778955
0.779315
0.779673
0.780029
0.780385
0.780739
0.781092
0.781444
0.781795
0.782145
0.782493
0.78284
0.783186
0.78353
0.783874
0.784216
0.784557
0.784897
0.785236
0.785573
0.78591
0.786245
0.786579
0.786912
0.787244
0.787574
0.787904
0.788232
0.788559
0.788885
0.78921
0.789534
0.789857
0.790178
0.790499
0.790818
0.791136
0.791453
0.791769
0.792084
0.792398
0.792711
0.793023
0.793333
0.793643
0.793951
0.794259
0.794565
0.79487
0.795175
0.795478
0.79578
0.796081
0.796381
0.79668
0.796978
0.797275
0.797571
0.797866
0.79816
0.798452
0.798744
0.799035
0.799325
0.799614
0.799902
0.800188
0.800474
0.800759
0.801043
0.801326
0.801608
0.801889
0.802169
0.802448
0.802726
0.803003
0.803279
0.803554
0.803828
0.804102
0.804374
0.804645
0.804916
0.805185
0.805454
0.805722
0.805988
0.806254
0.806519
0.806783
0.807046
0.807308
0.807569
0.80783
0.808089
0.808348
0.808605
0.808862
0.809118
0.809373
0.809627
0.80988
0.810133
0.810384
0.810635
0.810885
0.811134
0.811382
0.811629
0.811875
0.812121
0.812365
0.812609
0.812852
0.813094
0.813336
0.813576
0.813816
0.814054
0.814292
0.81453
0.814766
0.815001
0.815236
0.81547
0.815703
0.815935
0.816167
0.816397
0.816627
0.816856
0.817085
0.817312
0.817539
0.817765
0.81799
0.818215
0.818438
0.818661
0.818883
0.819104
0.819325
0.819545
0.819764
0.819982
0.8202
0.820416
0.820632
0.820848
0.821062
0.821276
0.821489
0.821701
0.821913
0.822124
0.822334
0.822543
0.822752
0.82296
0.823167
0.823374
0.82358
0.823785
0.823989
0.824193
0.824396
0.824598
0.8248
0.825001
0.825201
0.8254
0.825599
0.825797
0.825995
0.826192
0.826388
0.826583
0.826778
0.826972
0.827166
0.827358
0.82755
0.827742
0.827933
0.828123
0.828312
0.828501
0.828689
0.828877
0.829064
0.82925
0.829435
0.82962
0.829805
0.829988
0.830171
0.830354
0.830535
0.830717
0.830897
0.831077
0.831256
0.831435
0.831613
0.831791
0.831967
0.832144
0.832319
0.832494
0.832669
0.832842
0.833016
0.833188
0.83336
0.833532
0.833702
0.833873
0.834042
0.834211
0.83438
0.834548
0.834715
0.834882
0.835048
0.835214
0.835379
0.835543
0.835707
0.83587
0.836033
0.836195
0.836357
0.836518
0.836679
0.836839
0.836998
0.837157
0.837315
0.837473
0.83763
0.837787
0.837943
0.838099
0.838254
0.838409
0.838563
0.838716
0.838869
0.839022
0.839174
0.839325
0.839476
0.839626
0.839776
0.839925
0.840074
0.840223
0.84037
0.840518
0.840664
0.840811
0.840956
0.841102
0.841246
0.841391
0.841535
0.841678
0.841821
0.841963
0.842105
0.842246
0.842387
0.842527
0.842667
0.842806
0.842945
0.843084
0.843222
0.843359
0.843496
0.843633
0.843769
0.843904
0.844039
0.844174
0.844308
0.844442
0.844575
0.844708
0.844841
0.844972
0.845104
0.845235
0.845365
0.845496
0.845625
0.845754
0.845883
0.846012
0.846139
0.846267
0.846394
0.84652
0.846647
0.846772
0.846897
0.847022
0.847147
0.847271
0.847394
0.847517
0.84764
0.847762
0.847884
0.848006
0.848127
0.848247
0.848367
0.848487
0.848607
0.848726
0.848844
0.848962
0.84908
0.849197
0.849314
0.849431
0.849547
0.849663
0.849778
0.849893
0.850007
0.850122
0.850235
0.850349
0.850462
0.850574
0.850686
0.850798
0.85091
0.851021
0.851131
0.851242
0.851352
0.851461
0.85157
0.851679
0.851787
0.851895
0.852003
0.85211
0.852217
0.852324
0.85243
0.852536
0.852641
0.852746
0.852851
0.852955
0.85306
0.853163
0.853266
0.853369
0.853472
0.853574
0.853676
0.853778
0.853879
0.85398
0.85408
0.85418
0.85428
0.85438
0.854479
0.854578
0.854676
0.854774
0.854872
0.854969
0.855066
0.855163
0.85526
0.855356
0.855451
0.855547
0.855642
0.855737
0.855831
0.855925
0.856019
0.856113
0.856206
0.856299
0.856391
0.856483
0.856575
0.856667
0.856758
0.856849
0.85694
0.85703
0.85712
0.85721
0.857299
0.857388
0.857477
0.857566
0.857654
0.857742
0.857829
0.857917
0.858004
0.85809
0.858177
0.858263
0.858349
0.858434
0.858519
0.858604
0.858689
0.858773
0.858857
0.858941
0.859024
0.859108
0.85919
0.859273
0.859355
0.859437
0.859519
0.859601
0.859682
0.859763
0.859843
0.859924
0.860004
0.860084
0.860163
0.860243
0.860322
0.8604
0.860479
0.860557
0.860635
0.860712
0.86079
0.860867
0.860944
0.86102
0.861097
0.861173
0.861249
0.861324
0.8614
0.861475
0.861549
0.861624
0.861698
0.861772
0.861846
0.861919
0.861993
0.862066
0.862138
0.862211
0.862283
0.862355
0.862427
0.862498
0.86257
0.862641
0.862711
0.862782
0.862852
0.862922
0.862992
0.863062
0.863131
0.8632
0.863269
0.863338
0.863406
0.863474
0.863542
0.86361
0.863677
0.863745
0.863812
0.863878
0.863945
0.864011
0.864077
0.864143
0.864209
0.864274
0.864339
0.864404
0.864469
0.864534
0.864598
0.864662
0.864726
0.864789
0.864853
0.864916
0.864979
0.865042
0.865104
0.865167
0.865229
0.865291
0.865352
0.865414
0.865475
0.865536
0.865597
0.865658
0.865718
0.865779
0.865839
0.865898
0.865958
0.866017
0.866077
0.866136
0.866195
0.866253
0.866312
0.86637
0.866428
0.866486
0.866543
0.866601
0.866658
0.866715
0.866772
0.866828
0.866885
0.866941
0.866997
0.867053
0.867109
0.867164
0.867219
0.867274
0.867329
0.867384
0.867439
0.867493
0.867547
0.867601
0.867655
0.867709
0.867762
0.867815
0.867868
0.867921
0.867974
0.868026
0.868079
0.868131
0.868183
0.868235
0.868286
0.868338
0.868389
0.86844
0.868491
0.868542
0.868593
0.868643
0.868693
0.868743
0.868793
0.868843
0.868892
0.868942
0.868991
0.86904
0.869089
0.869138
0.869186
0.869235
0.869283
0.869331
0.869379
0.869427
0.869474
0.869522
0.869569
0.869616
0.869663
0.86971
0.869756
0.869803
0.869849
0.869895
0.869941
0.869987
0.870032
0.870078
0.870123
0.870168
0.870213
0.870258
0.870303
0.870348
0.870392
0.870436
0.87048
0.870524
0.870568
0.870612
0.870655
0.870699
0.870742
0.870785
0.870828
0.870871
0.870913
0.870956
0.870998
0.87104
0.871082
0.871124
0.871166
0.871208
0.871249
0.871291
0.871332
0.871373
0.871414
0.871455
0.871495
0.871536
0.871576
0.871616
0.871656
0.871696
0.871736
0.871776
0.871815
0.871855
0.871894
0.871933
0.871972
0.872011
0.87205
0.872089
0.872127
0.872165
0.872204
0.872242
0.87228
0.872317
0.872355
0.872393
0.87243
0.872468
0.872505
0.872542
0.872579
0.872616
0.872652
0.872689
0.872725
0.872762
0.872798
0.872834
0.87287
0.872906
0.872941
0.872977
0.873012
0.873048
0.873083
0.873118
0.873153
0.873188
0.873223
0.873257
0.873292
0.873326
0.87336
0.873394
0.873429
0.873462
0.873496
0.87353
0.873564
0.873597
0.87363
0.873664
0.873697
0.87373
0.873763
0.873795
0.873828
0.873861
0.873893
0.873925
0.873958
0.87399
0.874022
0.874054
0.874085
0.874117
0.874149
0.87418
0.874212
0.874243
0.874274
0.874305
0.874336
0.874367
0.874398
0.874428
0.874459
0.874489
0.874519
0.87455
0.87458
0.87461
0.87464
0.874669
0.874699
0.874729
0.874758
0.874788
0.874817
0.874846
0.874875
0.874904
0.874933
0.874962
0.874991
0.875019
0.875048
0.875076
0.875105
0.875133
0.875161
0.875189
0.875217
0.875245
0.875273
0.8753
0.875328
0.875355
0.875383
0.87541
0.875437
0.875464
0.875491
0.875518
0.875545
0.875572
0.875598
0.875625
0.875651
0.875678
0.875704
0.87573
0.875756
0.875782
0.875808
0.875834
0.87586
0.875886
0.875911
0.875937
0.875962
0.875987
0.876013
0.876038
0.876063
0.876088
0.876113
0.876137
0.876162
0.876187
0.876211
0.876236
0.87626
0.876285
0.876309
0.876333
0.876357
0.876381
0.876405
0.876429
0.876452
0.876476
0.8765
0.876523
0.876547
0.87657
0.876593
0.876616
0.87664
0.876663
0.876685
0.876708
0.876731
0.876754
0.876777
0.876799
0.876822
0.876844
0.876866
0.876889
0.876911
0.876933
0.876955
0.876977
0.876999
0.877021
0.877042
0.877064
0.877086
0.877107
0.877129
0.87715
0.877171
0.877192
0.877214
0.877235
0.877256
0.877277
0.877298
0.877318
0.877339
0.87736
0.87738
0.877401
0.877421
0.877442
0.877462
0.877482
0.877502
0.877523
0.877543
0.877563
0.877582
0.877602
0.877622
0.877642
0.877661
0.877681
0.877701
0.87772
0.877739
0.877759
0.877778
0.877797
0.877816
0.877835
0.877854
0.877873
0.877892
0.877911
0.87793
0.877948
0.877967
0.877985
0.878004
0.878022
0.878041
0.878059
0.878077
0.878095
0.878114
0.878132
0.87815
0.878167
0.878185
0.878203
0.878221
0.878239
0.878256
0.878274
0.878291
0.878309
0.878326
0.878344
0.878361
0.878378
0.878395
0.878412
0.878429
0.878446
0.878463
0.87848
0.878497
0.878514
0.87853
0.878547
0.878564
0.87858
0.878597
0.878613
0.87863
0.878646
0.878662
0.878678
0.878694
0.878711
0.878727
0.878743
0.878759
0.878774
0.87879
0.878806
0.878822
0.878837
0.878853
0.878869
0.878884
0.8789
0.878915
0.87893
0.878946
0.878961
0.878976
0.878991
0.879006
0.879021
0.879036
0.879051
0.879066
0.879081
0.879096
0.879111
0.879125
0.87914
0.879155
0.879169
0.879184
0.879198
0.879213
0.879227
0.879241
0.879256
0.87927
0.879284
0.879298
0.879312
0.879326
0.87934
0.879354
0.879368
0.879382
0.879396
0.879409
0.879423
0.879437
0.87945
0.879464
0.879477
0.879491
0.879504
0.879518
0.879531
0.879544
0.879558
0.879571
0.879584
0.879597
0.87961
0.879623
0.879636
0.879649
0.879662
0.879675
0.879688
0.8797
0.879713
0.879726
0.879739
0.879751
0.879764
0.879776
0.879789
0.879801
0.879814
0.879826
0.879838
0.87985
0.879863
0.879875
0.879887
0.879899
0.879911
0.879923
0.879935
0.879947
0.879959
0.879971
0.879983
0.879995
0.880006
0.880018
0.88003
0.880041
0.880053
0.880064
0.880076
0.880087
0.880099
0.88011
0.880122
0.880133
0.880144
0.880156
0.880167
0.880178
0.880189
0.8802
0.880211
0.880222
0.880233
0.880244
0.880255
0.880266
0.880277
0.880288
0.880298
0.880309
0.88032
0.880331
0.880341
0.880352
0.880362
0.880373
0.880383
0.880394
0.880404
0.880415
0.880425
0.880435
0.880446
0.880456
0.880466
0.880476
0.880486
0.880496
0.880507
0.880517
0.880527
0.880537
0.880547
0.880556
0.880566
0.880576
0.880586
0.880596
0.880606
0.880615
0.880625
0.880635
0.880644
0.880654
0.880663
0.880673
0.880682
0.880692
0.880701
0.880711
0.88072
0.880729
0.880739
0.880748
0.880757
0.880766
0.880776
0.880785
0.880794
0.880803
0.880812
0.880821
0.88083
0.880839
0.880848
0.880857
0.880866
0.880875
0.880884
0.880892
0.880901
0.88091
0.880919
0.880927
0.880936
0.880945
0.880953
0.880962
0.88097
0.880979
0.880987
0.880996
0.881004
0.881012
0.881021
0.881029
0.881038
0.881046
0.881054
0.881062
0.881071
0.881079
0.881087
0.881095
0.881103
0.881111
0.881119
0.881127
0.881135
0.881143
0.881151
0.881159
0.881167
0.881175
0.881183
0.88119
0.881198
0.881206
0.881214
0.881221
0.881229
0.881237
0.881244
0.881252
0.88126
0.881267
0.881275
0.881282
0.88129
0.881297
0.881305
0.881312
0.881319
0.881327
0.881334
0.881341
0.881349
0.881356
0.881363
0.88137
0.881378
0.881385
0.881392
0.881399
0.881406
0.881413
0.88142
0.881427
0.881434
0.881441
0.881448
0.881455
0.881462
0.881469
0.881476
0.881483
0.88149
0.881496
0.881503
0.88151
0.881517
0.881523
0.88153
0.881537
0.881543
0.88155
0.881557
0.881563
0.88157
0.881576
0.881583
0.881589
0.881596
0.881602
0.881609
0.881615
0.881622
0.881628
0.881634
0.881641
0.881647
0.881653
0.88166
0.881666
0.881672
0.881678
0.881684
0.881691
0.881697
0.881703
0.881709
0.881715
0.881721
0.881727
0.881733
0.881739
0.881745
0.881751
0.881757
0.881763
0.881769
0.881775
0.881781
0.881787
0.881792
0.881798
0.881804
0.88181
0.881816
0.881821
0.881827
0.881833
0.881838
0.881844
0.88185
0.881855
0.881861
0.881867
0.881872
0.881878
0.881883
0.881889
0.881894
0.8819
0.881905
0.881911
0.881916
0.881922
0.881927
0.881932
0.881938
0.881943
0.881948
0.881954
0.881959
0.881964
0.88197
0.881975
0.88198
0.881985
0.88199
0.881996
0.882001
0.882006
0.882011
0.882016
0.882021
0.882026
0.882031
0.882036
0.882041
0.882046
0.882051
0.882056
0.882061
0.882066
0.882071
0.882076
0.882081
0.882086
0.882091
0.882096
0.882101
0.882105
0.88211
0.882115
0.88212
0.882124
0.882129
0.882134
0.882139
0.882143
0.882148
0.882153
0.882157
0.882162
0.882167
0.882171
0.882176
0.88218
0.882185
0.88219
0.882194
0.882199
0.882203
0.882208
0.882212
0.882217
0.882221
0.882225
0.88223
0.882234
0.882239
0.882243
0.882247
0.882252
0.882256
0.88226
0.882265
0.882269
0.882273
0.882278
0.882282
0.882286
0.88229
0.882294
0.882299
0.882303
0.882307
0.882311
0.882315
0.882319
0.882324
0.882328
0.882332
0.882336
0.88234
0.882344
0.882348
0.882352
0.882356
0.88236
0.882364
0.882368
0.882372
0.882376
0.88238
0.882384
0.882388
0.882392
0.882395
0.882399
0.882403
0.882407
0.882411
0.882415
0.882419
0.882422
0.882426
0.88243
0.882434
0.882437
0.882441
0.882445
0.882449
0.882452
0.882456
0.88246
0.882463
0.882467
0.882471
0.882474
0.882478
0.882482
0.882485
0.882489
0.882492
0.882496
0.882499
0.882503
0.882507
0.88251
0.882514
0.882517
0.882521
0.882524
0.882528
0.882531
0.882534
0.882538
0.882541
0.882545
0.882548
0.882551
0.882555
0.882558
0.882562
0.882565
0.882568
0.882572
0.882575
0.882578
0.882582
0.882585
0.882588
0.882591
0.882595
0.882598
0.882601
0.882604
0.882608
0.882611
0.882614
0.882617
0.88262
0.882623
0.882627
0.88263
0.882633
0.882636
0.882639
0.882642
0.882645
0.882648
0.882651
0.882655
0.882658
0.882661
0.882664
0.882667
0.88267
0.882673
0.882676
0.882679
0.882682
0.882685
0.882688
0.882691
0.882694
0.882696
0.882699
0.882702
0.882705
0.882708
0.882711
0.882714
0.882717
0.88272
0.882722
0.882725
0.882728
0.882731
0.882734
0.882737
0.882739
0.882742
0.882745
0.882748
0.882751
0.882753
0.882756
0.882759
0.882762
0.882764
0.882767
0.88277
0.882772
0.882775
0.882778
0.88278
0.882783
0.882786
0.882788
0.882791
0.882794
0.882796
0.882799
0.882801
0.882804
0.882807
0.882809
0.882812
0.882814
0.882817
0.882819
0.882822
0.882825
0.882827
0.88283
0.882832
0.882835
0.882837
0.88284
0.882842
0.882845
0.882847
0.882849
0.882852
0.882854
0.882857
0.882859
0.882862
0.882864
0.882866
0.882869
0.882871
0.882874
0.882876
0.882878
0.882881
0.882883
0.882885
0.882888
0.88289
0.882892
0.882895
0.882897
0.882899
0.882902
0.882904
0.882906
0.882909
0.882911
0.882913
0.882915
0.882918
0.88292
0.882922
0.882924
0.882926
0.882929
0.882931
0.882933
0.882935
0.882937
0.88294
0.882942
0.882944
0.882946
0.882948
0.88295
0.882953
0.882955
0.882957
0.882959
0.882961
0.882963
0.882965
0.882967
0.882969
0.882972
0.882974
0.882976
0.882978
0.88298
0.882982
0.882984
0.882986
0.882988
0.88299
0.882992
0.882994
0.882996
0.882998
0.883
0.883002
0.883004
0.883006
0.883008
0.88301
0.883012
0.883014
0.883016
0.883018
0.88302
0.883022
0.883024
0.883025
0.883027
0.883029
0.883031
0.883033
0.883035
0.883037
0.883039
0.883041
0.883042
0.883044
0.883046
0.883048
0.88305
0.883052
0.883054
0.883055
0.883057
0.883059
0.883061
0.883063
0.883064
0.883066
0.883068
0.88307
0.883072
0.883073
0.883075
0.883077
0.883079
0.88308
0.883082
0.883084
0.883086
0.883087
0.883089
0.883091
0.883093
0.883094
0.883096
0.883098
0.883099
0.883101
0.883103
0.883104
0.883106
0.883108
0.883109
0.883111
0.883113
0.883114
0.883116
0.883118
0.883119
0.883121
0.883123
0.883124
0.883126
0.883127
0.883129
0.883131
0.883132
0.883134
0.883135
0.883137
0.883139
0.88314
0.883142
0.883143
0.883145
0.883146
0.883148
0.883149
0.883151
0.883153
0.883154
0.883156
0.883157
0.883159
0.88316
0.883162
0.883163
0.883165
0.883166
0.883168
0.883169
0.883171
0.883172
0.883174
0.883175
0.883177
0.883178
0.883179
0.883181
0.883182
0.883184
0.883185
0.883187
0.883188
0.88319
0.883191
0.883192
0.883194
0.883195
0.883197
0.883198
0.883199
0.883201
0.883202
0.883204
0.883205
0.883206
0.883208
0.883209
0.88321
0.883212
0.883213
0.883215
0.883216
0.883217
0.883219
0.88322
0.883221
0.883223
0.883224
0.883225
0.883227
0.883228
0.883229
0.88323
0.883232
0.883233
0.883234
0.883236
0.883237
0.883238
0.88324
0.883241
0.883242
0.883243
0.883245
0.883246
0.883247
0.883248
0.88325
0.883251
0.883252
0.883253
0.883255
0.883256
0.883257
0.883258
0.88326
0.883261
0.883262
0.883263
0.883264
0.883266
0.883267
0.883268
0.883269
0.88327
0.883272
0.883273
0.883274
0.883275
0.883276
0.883278
0.883279
0.88328
0.883281
0.883282
0.883283
0.883284
0.883286
0.883287
0.883288
0.883289
0.88329
0.883291
0.883292
0.883294
0.883295
0.883296
0.883297
0.883298
0.883299
0.8833
0.883301
0.883302
0.883304
0.883305
0.883306
0.883307
0.883308
0.883309
0.88331
0.883311
0.883312
0.883313
0.883314
0.883315
0.883317
0.883318
0.883319
0.88332
0.883321
0.883322
0.883323
0.883324
0.883325
0.883326
0.883327
0.883328
0.883329
0.88333
0.883331
0.883332
0.883333
0.883334
0.883335
0.883336
0.883337
0.883338
0.883339
0.88334
0.883341
0.883342
0.883343
0.883344
0.883345
0.883346
0.883347
0.883348
0.883349
0.88335
0.883351
0.883352
0.883353
0.883354
0.883355
0.883356
0.883357
0.883358
0.883358
0.883359
0.88336
0.883361
0.883362
0.883363
0.883364
0.883365
0.883366
0.883367
0.883368
0.883369
0.88337
0.883371
0.883371
0.883372
0.883373
0.883374
0.883375
0.883376
0.883377
0.883378
0.883379
0.883379
0.88338
0.883381
0.883382
0.883383
0.883384
0.883385
0.883386
0.883386
0.883387
0.883388
0.883389
0.88339
0.883391
0.883392
0.883392
0.883393
0.883394
0.883395
0.883396
0.883397
0.883398
0.883398
0.883399
0.8834
0.883401
0.883402
0.883402
0.883403
0.883404
0.883405
0.883406
0.883407
0.883407
0.883408
0.883409
0.88341
0.883411
0.883411
0.883412
0.883413
0.883414
0.883415
0.883415
0.883416
0.883417
0.883418
0.883418
0.883419
0.88342
0.883421
0.883422
0.883422
0.883423
0.883424
0.883425
0.883425
0.883426
0.883427
0.883428
0.883428
0.883429
0.88343
0.883431
0.883431
0.883432
0.883433
0.883434
0.883434
0.883435
0.883436
0.883437
0.883437
0.883438
0.883439
0.883439
0.88344
0.883441
0.883442
0.883442
0.883443
0.883444
0.883444
0.883445
0.883446
0.883447
0.883447
0.883448
0.883449
0.883449
0.88345
0.883451
0.883451
0.883452
0.883453
0.883453
0.883454
0.883455
0.883456
0.883456
0.883457
0.883458
0.883458
0.883459
0.88346
0.88346
0.883461
0.883462
0.883462
0.883463
0.883464
0.883464
0.883465
0.883466
0.883466
0.883467
0.883467
0.883468
0.883469
0.883469
0.88347
0.883471
0.883471
0.883472
0.883473
0.883473
0.883474
0.883475
0.883475
0.883476
0.883476
0.883477
0.883478
0.883478
0.883479
0.883479
0.88348
0.883481
0.883481
0.883482
0.883483
0.883483
0.883484
0.883484
0.883485
0.883486
0.883486
0.883487
0.883487
0.883488
0.883489
0.883489
0.88349
0.88349
0.883491
0.883492
0.883492
0.883493
0.883493
0.883494
0.883494
0.883495
0.883496
0.883496
0.883497
0.883497
0.883498
0.883498
0.883499
0.8835
0.8835
0.883501
0.883501
0.883502
0.883502
0.883503
0.883503
0.883504
0.883505
0.883505
0.883506
0.883506
0.883507
0.883507
0.883508
0.883508
0.883509
0.88351
0.88351
0.883511
0.883511
0.883512
0.883512
0.883513
0.883513
0.883514
0.883514
0.883515
0.883515
0.883516
0.883516
0.883517
0.883517
0.883518
0.883518
0.883519
0.88352
0.88352
0.883521
0.883521
0.883522
0.883522
0.883523
0.883523
0.883524
0.883524
0.883525
0.883525
0.883526
0.883526
0.883527
0.883527
0.883528
0.883528
0.883529
0.883529
0.88353
0.88353
0.883531
0.883531
0.883532
0.883532
0.883532
0.883533
0.883533
0.883534
0.883534
0.883535
0.883535
0.883536
0.883536
0.883537
0.883537
0.883538
0.883538
0.883539
0.883539
0.88354
0.88354
0.883541
0.883541
0.883541
0.883542
0.883542
0.883543
0.883543
0.883544
0.883544
0.883545
0.883545
0.883546
0.883546
0.883546
0.883547
0.883547
0.883548
0.883548
0.883549
0.883549
0.88355
0.88355
0.88355
0.883551
0.883551
0.883552
0.883552
0.883553
0.883553
0.883554
0.883554
0.883554
0.883555
0.883555
0.883556
0.883556
0.883557
0.883557
0.883557
0.883558
0.883558
0.883559
0.883559
0.883559
0.88356
0.88356
0.883561
0.883561
0.883562
0.883562
0.883562
0.883563
0.883563
0.883564
0.883564
0.883564
0.883565
0.883565
0.883566
0.883566
0.883566
0.883567
0.883567
0.883568
0.883568
0.883568
0.883569
0.883569
0.88357
0.88357
0.88357
0.883571
0.883571
0.883572
0.883572
0.883572
0.883573
0.883573
0.883573
0.883574
0.883574
0.883575
0.883575
0.883575
0.883576
0.883576
0.883577
0.883577
0.883577
0.883578
0.883578
0.883578
0.883579
0.883579
0.88358
0.88358
0.88358
0.883581
0.883581
0.883581
0.883582
0.883582
0.883582
0.883583
0.883583
0.883584
0.883584
0.883584
0.883585
0.883585
0.883585
0.883586
0.883586
0.883586
0.883587
0.883587
0.883587
0.883588
0.883588
0.883589
0.883589
0.883589
0.88359
0.88359
0.88359
0.883591
0.883591
0.883591
0.883592
0.883592
0.883592
0.883593
0.883593
0.883593
0.883594
0.883594
0.883594
0.883595
0.883595
0.883595
0.883596
0.883596
0.883596
0.883597
0.883597
0.883597
0.883598
0.883598
0.883598
0.883599
0.883599
0.883599
0.8836
0.8836
0.8836
0.883601
0.883601
0.883601
0.883602
0.883602
0.883602
0.883603
0.883603
0.883603
0.883604
0.883604
0.883604
0.883604
0.883605
0.883605
0.883605
0.883606
0.883606
0.883606
0.883607
0.883607
0.883607
0.883608
0.883608
0.883608
0.883609
0.883609
0.883609
0.883609
0.88361
0.88361
0.88361
0.883611
0.883611
0.883611
0.883612
0.883612
0.883612
0.883612
0.883613
0.883613
0.883613
0.883614
0.883614
0.883614
0.883615
0.883615
0.883615
0.883615
0.883616
0.883616
0.883616
0.883617
0.883617
0.883617
0.883617
0.883618
0.883618
0.883618
0.883619
0.883619
0.883619
0.883619
0.88362
0.88362
0.88362
0.883621
0.883621
0.883621
0.883621
0.883622
0.883622
0.883622
0.883622
0.883623
0.883623
0.883623
0.883624
0.883624
0.883624
0.883624
0.883625
0.883625
0.883625
0.883625
0.883626
0.883626
0.883626
0.883627
0.883627
0.883627
0.883627
0.883628
0.883628
0.883628
0.883628
0.883629
0.883629
0.883629
0.883629
0.88363
0.88363
0.88363
0.88363
0.883631
0.883631
0.883631
0.883632
0.883632
0.883632
0.883632
0.883633
0.883633
0.883633
0.883633
0.883634
0.883634
0.883634
0.883634
0.883635
0.883635
0.883635
0.883635
0.883636
0.883636
0.883636
0.883636
0.883637
0.883637
0.883637
0.883637
0.883638
0.883638
0.883638
0.883638
0.883639
0.883639
0.883639
0.883639
0.883639
0.88364
0.88364
0.88364
0.88364
0.883641
0.883641
0.883641
0.883641
0.883642
0.883642
0.883642
0.883642
0.883643
0.883643
0.883643
0.883643
0.883644
0.883644
0.883644
0.883644
0.883644
0.883645
0.883645
0.883645
0.883645
0.883646
0.883646
0.883646
0.883646
0.883647
0.883647
0.883647
0.883647
0.883647
0.883648
0.883648
0.883648
0.883648
0.883649
0.883649
0.883649
0.883649
0.883649
0.88365
0.88365
0.88365
0.88365
0.883651
0.883651
0.883651
0.883651
0.883651
0.883652
0.883652
0.883652
0.883652
0.883652
0.883653
0.883653
0.883653
0.883653
0.883654
0.883654
0.883654
0.883654
0.883654
0.883655
0.883655
0.883655
0.883655
0.883655
0.883656
0.883656
0.883656
0.883656
0.883656
0.883657
0.883657
0.883657
0.883657
0.883658
0.883658
0.883658
0.883658
0.883658
0.883659
0.883659
0.883659
0.883659
0.883659
0.88366
0.88366
0.88366
0.88366
0.88366
0.883661
0.883661
0.883661
0.883661
0.883661
0.883662
0.883662
0.883662
0.883662
0.883662
0.883663
0.883663
0.883663
0.883663
0.883663
0.883663
0.883664
0.883664
0.883664
0.883664
0.883664
0.883665
0.883665
0.883665
0.883665
0.883665
0.883666
0.883666
0.883666
0.883666
0.883666
0.883667
0.883667
0.883667
0.883667
0.883667
0.883667
0.883668
0.883668
0.883668
0.883668
0.883668
0.883669
0.883669
0.883669
0.883669
0.883669
0.88367
0.88367
0.88367
0.88367
0.88367
0.88367
0.883671
0.883671
0.883671
0.883671
0.883671
0.883672
0.883672
0.883672
0.883672
0.883672
0.883672
0.883673
0.883673
0.883673
0.883673
0.883673
0.883673
0.883674
0.883674
0.883674
0.883674
0.883674
0.883675
0.883675
0.883675
0.883675
0.883675
0.883675
0.883676
0.883676
0.883676
0.883676
0.883676
0.883676
0.883677
0.883677
0.883677
0.883677
0.883677
0.883677
0.883678
0.883678
0.883678
0.883678
0.883678
0.883678
0.883679
0.883679
0.883679
0.883679
0.883679
0.883679
0.88368
0.88368
0.88368
0.88368
0.88368
0.88368
0.883681
0.883681
0.883681
0.883681
0.883681
0.883681
0.883682
0.883682
0.883682
0.883682
0.883682
0.883682
0.883682
0.883683
0.883683
0.883683
0.883683
0.883683
0.883683
0.883684
0.883684
0.883684
0.883684
0.883684
0.883684
0.883685
0.883685
0.883685
0.883685
0.883685
0.883685
0.883685
0.883686
0.883686
0.883686
0.883686
0.883686
0.883686
0.883687
0.883687
0.883687
0.883687
0.883687
0.883687
0.883687
0.883688
0.883688
0.883688
0.883688
0.883688
0.883688
0.883689
0.883689
0.883689
0.883689
0.883689
0.883689
0.883689
0.88369
0.88369
0.88369
0.88369
0.88369
0.88369
0.88369
0.883691
0.883691
0.883691
0.883691
0.883691
0.883691
0.883691
0.883692
0.883692
0.883692
0.883692
0.883692
0.883692
0.883692
0.883693
0.883693
0.883693
0.883693
0.883693
0.883693
0.883693
0.883694
0.883694
0.883694
0.883694
0.883694
0.883694
0.883694
0.883695
0.883695
0.883695
0.883695
0.883695
0.883695
0.883695
0.883696
0.883696
0.883696
0.883696
0.883696
0.883696
0.883696
0.883696
0.883697
0.883697
0.883697
0.883697
0.883697
0.883697
0.883697
0.883698
0.883698
0.883698
0.883698
0.883698
0.883698
0.883698
0.883698
0.883699
0.883699
0.883699
0.883699
0.883699
0.883699
0.883699
0.8837
0.8837
0.8837
0.8837
0.8837
0.8837
0.8837
0.8837
0.883701
0.883701
0.883701
0.883701
0.883701
0.883701
0.883701
0.883701
0.883702
0.883702
0.883702
0.883702
0.883702
0.883702
0.883702
0.883702
0.883703
0.883703
0.883703
0.883703
0.883703
0.883703
0.883703
0.883703
0.883704
0.883704
0.883704
0.883704
0.883704
0.883704
0.883704
0.883704
0.883705
0.883705
0.883705
0.883705
0.883705
0.883705
0.883705
0.883705
0.883706
0.883706
0.883706
0.883706
0.883706
0.883706
0.883706
0.883706
0.883707
0.883707
0.883707
0.883707
0.883707
0.883707
0.883707
0.883707
0.883707
0.883708
0.883708
0.883708
0.883708
0.883708
0.883708
0.883708
0.883708
0.883709
0.883709
0.883709
0.883709
0.883709
0.883709
0.883709
0.883709
0.883709
0.88371
0.88371
0.88371
0.88371
0.88371
0.88371
0.88371
0.88371
0.88371
0.883711
0.883711
0.883711
0.883711
0.883711
0.883711
0.883711
0.883711
0.883711
0.883712
0.883712
0.883712
0.883712
0.883712
0.883712
0.883712
0.883712
0.883712
0.883713
0.883713
0.883713
0.883713
0.883713
0.883713
0.883713
0.883713
0.883713
0.883714
0.883714
0.883714
0.883714
0.883714
0.883714
0.883714
0.883714
0.883714
0.883715
0.883715
0.883715
0.883715
0.883715
0.883715
0.883715
0.883715
0.883715
0.883716
0.883716
0.883716
0.883716
0.883716
0.883716
0.883716
0.883716
0.883716
0.883716
0.883717
0.883717
0.883717
0.883717
0.883717
0.883717
0.883717
0.883717
0.883717
0.883717
0.883718
0.883718
0.883718
0.883718
0.883718
0.883718
0.883718
0.883718
0.883718
0.883719
0.883719
0.883719
0.883719
0.883719
0.883719
0.883719
0.883719
0.883719
0.883719
0.88372
0.88372
0.88372
0.88372
0.88372
0.88372
0.88372
0.88372
0.88372
0.88372
0.883721
0.883721
0.883721
0.883721
0.883721
0.883721
0.883721
0.883721
0.883721
0.883721
0.883721
0.883722
0.883722
0.883722
0.883722
0.883722
0.883722
0.883722
0.883722
0.883722
0.883722
0.883723
0.883723
0.883723
0.883723
0.883723
0.883723
0.883723
0.883723
0.883723
0.883723
0.883723
0.883724
0.883724
0.883724
0.883724
0.883724
0.883724
0.883724
0.883724
0.883724
0.883724
0.883725
0.883725
0.883725
0.883725
0.883725
0.883725
0.883725
0.883725
0.883725
0.883725
0.883725
0.883726
0.883726
0.883726
0.883726
0.883726
0.883726
0.883726
0.883726
0.883726
0.883726
0.883726
0.883727
0.883727
0.883727
0.883727
0.883727
0.883727
0.883727
0.883727
0.883727
0.883727
0.883727
0.883727
0.883728
0.883728
0.883728
0.883728
0.883728
0.883728
0.883728
0.883728
0.883728
0.883728
0.883728
0.883729
0.883729
0.883729
0.883729
0.883729
0.883729
0.883729
0.883729
0.883729
0.883729
0.883729
0.883729
0.88373
0.88373
0.88373
0.88373
0.88373
0.88373
0.88373
0.88373
0.88373
0.88373
0.88373
0.88373
0.883731
0.883731
0.883731
0.883731
0.883731
0.883731
0.883731
0.883731
0.883731
0.883731
0.883731
0.883731
0.883732
0.883732
0.883732
0.883732
0.883732
0.883732
0.883732
0.883732
0.883732
0.883732
0.883732
0.883732
0.883733
0.883733
0.883733
0.883733
0.883733
0.883733
0.883733
0.883733
0.883733
0.883733
0.883733
0.883733
0.883734
0.883734
0.883734
0.883734
0.883734
0.883734
0.883734
0.883734
0.883734
0.883734
0.883734
0.883734
0.883734
0.883735
0.883735
0.883735
0.883735
0.883735
0.883735
0.883735
0.883735
0.883735
0.883735
0.883735
0.883735
0.883735
0.883736
0.883736
0.883736
0.883736
0.883736
0.883736
0.883736
0.883736
0.883736
0.883736
0.883736
0.883736
0.883736
0.883737
0.883737
0.883737
0.883737
0.883737
0.883737
0.883737
0.883737
0.883737
0.883737
0.883737
0.883737
0.883737
0.883738
0.883738
0.883738
0.883738
0.883738
0.883738
0.883738
0.883738
0.883738
0.883738
0.883738
0.883738
0.883738
0.883738
0.883739
0.883739
0.883739
0.883739
0.883739
0.883739
0.883739
0.883739
0.883739
0.883739
0.883739
0.883739
0.883739
0.88374
0.88374
0.88374
0.88374
0.88374
0.88374
0.88374
0.88374
0.88374
0.88374
0.88374
0.88374
0.88374
0.88374
0.883741
0.883741
0.883741
0.883741
0.883741
0.883741
0.883741
0.883741
0.883741
0.883741
0.883741
0.883741
0.883741
0.883741
0.883741
0.883742
0.883742
0.883742
0.883742
0.883742
0.883742
0.883742
0.883742
0.883742
0.883742
0.883742
0.883742
0.883742
0.883742
0.883743
0.883743
0.883743
0.883743
0.883743
0.883743
0.883743
0.883743
0.883743
0.883743
0.883743
0.883743
0.883743
0.883743
0.883743
0.883744
0.883744
0.883744
0.883744
0.883744
0.883744
0.883744
0.883744
0.883744
0.883744
0.883744
0.883744
0.883744
0.883744
0.883744
0.883745
0.883745
0.883745
0.883745
0.883745
0.883745
0.883745
0.883745
0.883745
0.883745
0.883745
0.883745
0.883745
0.883745
0.883745
0.883745
0.883746
0.883746
0.883746
0.883746
0.883746
0.883746
0.883746
0.883746
0.883746
0.883746
0.883746
0.883746
0.883746
0.883746
0.883746
0.883746
0.883747
0.883747
0.883747
0.883747
0.883747
0.883747
0.883747
0.883747
0.883747
0.883747
0.883747
0.883747
0.883747
0.883747
0.883747
0.883747
0.883748
0.883748
0.883748
0.883748
0.883748
0.883748
0.883748
0.883748
0.883748
0.883748
0.883748
0.883748
0.883748
0.883748
0.883748
0.883748
0.883749
0.883749
0.883749
0.883749
0.883749
0.883749
0.883749
0.883749
0.883749
0.883749
0.883749
0.883749
0.883749
0.883749
0.883749
0.883749
0.883749
0.88375
0.88375
0.88375
0.88375
0.88375
0.88375
0.88375
0.88375
0.88375
0.88375
0.88375
0.88375
0.88375
0.88375
0.88375
0.88375
0.88375
0.883751
0.883751
0.883751
0.883751
0.883751
0.883751
0.883751
0.883751
0.883751
0.883751
0.883751
0.883751
0.883751
0.883751
0.883751
0.883751
0.883751
0.883752
0.883752
0.883752
0.883752
0.883752
0.883752
0.883752
0.883752
0.883752
0.883752
0.883752
0.883752
0.883752
0.883752
0.883752
0.883752
0.883752
0.883752
0.883753
0.883753
0.883753
0.883753
0.883753
0.883753
0.883753
0.883753
0.883753
0.883753
0.883753
0.883753
0.883753
0.883753
0.883753
0.883753
0.883753
0.883753
0.883753
0.883754
0.883754
0.883754
0.883754
0.883754
0.883754
0.883754
0.883754
0.883754
0.883754
0.883754
0.883754
0.883754
0.883754
0.883754
0.883754
0.883754
0.883754
0.883755
0.883755
0.883755
0.883755
0.883755
0.883755
0.883755
0.883755
0.883755
0.883755
0.883755
0.883755
0.883755
0.883755
0.883755
0.883755
0.883755
0.883755
0.883755
0.883756
0.883756
0.883756
0.883756
0.883756
0.883756
0.883756
0.883756
0.883756
0.883756
0.883756
0.883756
0.883756
0.883756
0.883756
0.883756
0.883756
0.883756
0.883756
0.883756
0.883757
0.883757
0.883757
0.883757
0.883757
0.883757
0.883757
0.883757
0.883757
0.883757
0.883757
0.883757
0.883757
0.883757
0.883757
0.883757
0.883757
0.883757
0.883757
0.883757
0.883758
0.883758
0.883758
0.883758
0.883758
0.883758
0.883758
0.883758
0.883758
0.883758
0.883758
0.883758
0.883758
0.883758
0.883758
0.883758
0.883758
0.883758
0.883758
0.883758
0.883758
0.883759
0.883759
0.883759
0.883759
0.883759
0.883759
0.883759
0.883759
0.883759
0.883759
0.883759
0.883759
0.883759
0.883759
0.883759
0.883759
0.883759
0.883759
0.883759
0.883759
0.883759
0.88376
0.88376
0.88376
0.88376
0.88376
0.88376
0.88376
0.88376
0.88376
0.88376
0.88376
0.88376
0.88376
0.88376
0.88376
0.88376
0.88376
0.88376
0.88376
0.88376
0.88376
0.883761
0.883761
0.883761
0.883761
0.883761
0.883761
0.883761
0.883761
0.883761
0.883761
0.883761
0.883761
0.883761
0.883761
0.883761
0.883761
0.883761
0.883761
0.883761
0.883761
0.883761
0.883761
0.883762
0.883762
0.883762
0.883762
0.883762
0.883762
0.883762
0.883762
0.883762
0.883762
0.883762
0.883762
0.883762
0.883762
0.883762
0.883762
0.883762
0.883762
0.883762
0.883762
0.883762
0.883762
0.883762
0.883763
0.883763
0.883763
0.883763
0.883763
0.883763
0.883763
0.883763
0.883763
0.883763
0.883763
0.883763
0.883763
0.883763
0.883763
0.883763
0.883763
0.883763
0.883763
0.883763
0.883763
0.883763
0.883763
0.883763
0.883764
0.883764
0.883764
0.883764
0.883764
0.883764
0.883764
0.883764
0.883764
0.883764
0.883764
0.883764
0.883764
0.883764
0.883764
0.883764
0.883764
0.883764
0.883764
0.883764
0.883764
0.883764
0.883764
0.883764
0.883765
0.883765
0.883765
0.883765
0.883765
0.883765
0.883765
0.883765
0.883765
0.883765
0.883765
0.883765
0.883765
0.883765
0.883765
0.883765
0.883765
0.883765
0.883765
0.883765
0.883765
0.883765
0.883765
0.883765
0.883766
0.883766
0.883766
0.883766
0.883766
0.883766
0.883766
0.883766
0.883766
0.883766
0.883766
0.883766
0.883766
0.883766
0.883766
0.883766
0.883766
0.883766
0.883766
0.883766
0.883766
0.883766
0.883766
0.883766
0.883766
0.883766
0.883767
0.883767
0.883767
0.883767
0.883767
0.883767
0.883767
0.883767
0.883767
0.883767
0.883767
0.883767
0.883767
0.883767
0.883767
0.883767
0.883767
0.883767
0.883767
0.883767
0.883767
0.883767
0.883767
0.883767
0.883767
0.883767
0.883768
0.883768
0.883768
0.883768
0.883768
0.883768
0.883768
0.883768
0.883768
0.883768
0.883768
0.883768
0.883768
0.883768
0.883768
0.883768
0.883768
0.883768
0.883768
0.883768
0.883768
0.883768
0.883768
0.883768
0.883768
0.883768
0.883768
0.883769
0.883769
0.883769
0.883769
0.883769
0.883769
0.883769
0.883769
0.883769
0.883769
0.883769
0.883769
0.883769
0.883769
0.883769
0.883769
0.883769
0.883769
0.883769
0.883769
0.883769
0.883769
0.883769
0.883769
0.883769
0.883769
0.883769
0.883769
0.88377
0.88377
0.88377
0.88377
0.88377
0.88377
0.88377
0.88377
0.88377
0.88377
0.88377
0.88377
0.88377
0.88377
0.88377
0.88377
0.88377
0.88377
0.88377
0.88377
0.88377
0.88377
0.88377
0.88377
0.88377
0.88377
0.88377
0.88377
0.883771
0.883771
0.883771
0.883771
0.883771
0.883771
0.883771
0.883771
0.883771
0.883771
0.883771
0.883771
0.883771
0.883771
0.883771
0.883771
0.883771
0.883771
0.883771
0.883771
0.883771
0.883771
0.883771
0.883771
0.883771
0.883771
0.883771
0.883771
0.883771
0.883771
0.883772
0.883772
0.883772
0.883772
0.883772
0.883772
0.883772
0.883772
0.883772
0.883772
0.883772
0.883772
0.883772
0.883772
0.883772
0.883772
0.883772
0.883772
0.883772
0.883772
0.883772
0.883772
0.883772
0.883772
0.883772
0.883772
0.883772
0.883772
0.883772
0.883772
0.883772
0.883773
0.883773
0.883773
0.883773
0.883773
0.883773
0.883773
0.883773
0.883773
0.883773
0.883773
0.883773
0.883773
0.883773
0.883773
0.883773
0.883773
0.883773
0.883773
0.883773
0.883773
0.883773
0.883773
0.883773
0.883773
0.883773
0.883773
0.883773
0.883773
0.883773
0.883773
0.883773
0.883774
0.883774
0.883774
0.883774
0.883774
0.883774
0.883774
0.883774
0.883774
0.883774
0.883774
0.883774
0.883774
0.883774
0.883774
0.883774
0.883774
0.883774
0.883774
0.883774
0.883774
0.883774
0.883774
0.883774
0.883774
0.883774
0.883774
0.883774
0.883774
0.883774
0.883774
0.883774
0.883774
0.883775
0.883775
0.883775
0.883775
0.883775
0.883775
0.883775
0.883775
0.883775
0.883775
0.883775
0.883775
0.883775
0.883775
0.883775
0.883775
0.883775
0.883775
0.883775
0.883775
0.883775
0.883775
0.883775
0.883775
0.883775
0.883775
0.883775
0.883775
0.883775
0.883775
0.883775
0.883775
0.883775
0.883775
0.883776
0.883776
0.883776
0.883776
0.883776
0.883776
0.883776
0.883776
0.883776
0.883776
0.883776
0.883776
0.883776
0.883776
0.883776
0.883776
0.883776
0.883776
0.883776
0.883776
0.883776
0.883776
0.883776
0.883776
0.883776
0.883776
0.883776
0.883776
0.883776
0.883776
0.883776
0.883776
0.883776
0.883776
0.883776
0.883776
0.883777
0.883777
0.883777
0.883777
0.883777
0.883777
0.883777
0.883777
0.883777
0.883777
0.883777
0.883777
0.883777
0.883777
0.883777
0.883777
0.883777
0.883777
0.883777
0.883777
0.883777
0.883777
0.883777
0.883777
0.883777
0.883777
0.883777
0.883777
0.883777
0.883777
0.883777
0.883777
0.883777
0.883777
0.883777
0.883777
0.883777
0.883778
0.883778
0.883778
0.883778
0.883778
0.883778
0.883778
0.883778
0.883778
0.883778
0.883778
0.883778
0.883778
0.883778
0.883778
0.883778
0.883778
0.883778
0.883778
0.883778
0.883778
0.883778
0.883778
0.883778
0.883778
0.883778
0.883778
0.883778
0.883778
0.883778
0.883778
0.883778
0.883778
0.883778
0.883778
0.883778
0.883778
0.883778
0.883779
0.883779
0.883779
0.883779
0.883779
0.883779
0.883779
0.883779
0.883779
0.883779
0.883779
0.883779
0.883779
0.883779
0.883779
0.883779
0.883779
0.883779
0.883779
0.883779
0.883779
0.883779
0.883779
0.883779
0.883779
0.883779
0.883779
0.883779
0.883779
0.883779
0.883779
0.883779
0.883779
0.883779
0.883779
0.883779
0.883779
0.883779
0.883779
0.883779
0.88378
0.88378
0.88378
0.88378
0.88378
0.88378
0.88378
0.88378
0.88378
0.88378
0.88378
0.88378
0.88378
0.88378
0.88378
0.88378
0.88378
0.88378
0.88378
0.88378
0.88378
0.88378
0.88378
0.88378
0.88378
0.88378
0.88378
0.88378
0.88378
0.88378
0.88378
0.88378
0.88378
0.88378
0.88378
0.88378
0.88378
0.88378
0.88378
0.88378
0.88378
0.88378
0.883781
0.883781
0.883781
0.883781
0.883781
0.883781
0.883781
0.883781
0.883781
0.883781
0.883781
0.883781
0.883781
0.883781
0.883781
0.883781
0.883781
0.883781
0.883781
0.883781
0.883781
0.883781
0.883781
0.883781
0.883781
0.883781
0.883781
0.883781
0.883781
0.883781
0.883781
0.883781
0.883781
0.883781
0.883781
0.883781
0.883781
0.883781
0.883781
0.883781
0.883781
0.883781
0.883781
0.883781
0.883781
0.883782
0.883782
0.883782
0.883782
0.883782
0.883782
0.883782
0.883782
0.883782
0.883782
0.883782
0.883782
0.883782
0.883782
0.883782
0.883782
0.883782
0.883782
0.883782
0.883782
0.883782
0.883782
0.883782
0.883782
0.883782
0.883782
0.883782
0.883782
0.883782
0.883782
0.883782
0.883782
0.883782
0.883782
0.883782
0.883782
0.883782
0.883782
0.883782
0.883782
0.883782
0.883782
0.883782
0.883782
0.883782
0.883782
0.883783
0.883783
0.883783
0.883783
0.883783
0.883783
0.883783
0.883783
0.883783
0.883783
0.883783
0.883783
0.883783
0.883783
0.883783
0.883783
0.883783
0.883783
0.883783
0.883783
0.883783
0.883783
0.883783
0.883783
0.883783
0.883783
0.883783
0.883783
0.883783
0.883783
0.883783
0.883783
0.883783
0.883783
0.883783
0.883783
0.883783
0.883783
0.883783
0.883783
0.883783
0.883783
0.883783
0.883783
0.883783
0.883783
0.883783
0.883783
0.883783
0.883784
0.883784
0.883784
0.883784
0.883784
0.883784
0.883784
0.883784
0.883784
0.883784
0.883784
0.883784
0.883784
0.883784
0.883784
0.883784
0.883784
0.883784
0.883784
0.883784
0.883784
0.883784
0.883784
0.883784
0.883784
0.883784
0.883784
0.883784
0.883784
0.883784
0.883784
0.883784
0.883784
0.883784
0.883784
0.883784
0.883784
0.883784
0.883784
0.883784
0.883784
0.883784
0.883784
0.883784
0.883784
0.883784
0.883784
0.883784
0.883784
0.883784
0.883784
0.883785
0.883785
0.883785
0.883785
0.883785
0.883785
0.883785
0.883785
0.883785
0.883785
0.883785
0.883785
0.883785
0.883785
0.883785
0.883785
0.883785
0.883785
0.883785
0.883785
0.883785
0.883785
0.883785
0.883785
0.883785
0.883785
0.883785
0.883785
0.883785
0.883785
0.883785
0.883785
0.883785
0.883785
0.883785
0.883785
0.883785
0.883785
0.883785
0.883785
0.883785
0.883785
0.883785
0.883785
0.883785
0.883785
0.883785
0.883785
0.883785
0.883785
0.883785
0.883785
0.883785
0.883785
0.883786
0.883786
0.883786
0.883786
0.883786
0.883786
0.883786
0.883786
0.883786
0.883786
0.883786
0.883786
0.883786
0.883786
0.883786
0.883786
0.883786
0.883786
0.883786
0.883786
0.883786
0.883786
0.883786
0.883786
0.883786
0.883786
0.883786
0.883786
0.883786
0.883786
0.883786
0.883786
0.883786
0.883786
0.883786
0.883786
0.883786
0.883786
0.883786
0.883786
0.883786
0.883786
0.883786
0.883786
0.883786
0.883786
0.883786
0.883786
0.883786
0.883786
0.883786
0.883786
0.883786
0.883786
0.883786
0.883786
0.883786
0.883786
0.883787
0.883787
0.883787
