0.001
0.00350856
0.00641133
0.00949275
0.0126576
0.0158581
0.0190677
0.0222709
0.0254579
0.0286229
0.0317622
0.0348737
0.0379564
0.0410098
0.0440341
0.0470296
0.049997
0.052937
0.0558504
0.0587382
0.0616011
0.0644401
0.067256
0.0700498
0.0728221
0.0755739
0.0783059
0.0810187
0.0837132
0.0863898
0.0890493
0.0916922
0.094319
0.0969304
0.0995266
0.102108
0.104676
0.10723
0.10977
0.112297
0.114812
0.117314
0.119804
0.122283
0.124749
0.127205
0.129649
0.132083
0.134506
0.136918
0.139321
0.141713
0.144095
0.146468
0.14883
0.151184
0.153528
0.155863
0.158188
0.160505
0.162813
0.165112
0.167402
0.169684
0.171957
0.174222
0.176478
0.178726
0.180966
0.183198
0.185422
0.187638
0.189846
0.192046
0.194238
0.196423
0.1986
0.200769
0.202931
0.205085
0.207231
0.20937
0.211502
0.213626
0.215743
0.217853
0.219956
0.222051
0.224139
0.22622
0.228294
0.230361
0.232421
0.234473
0.236519
0.238558
0.24059
0.242615
0.244634
0.246645
0.24865
0.250648
0.252639
0.254623
0.256601
0.258572
0.260537
0.262495
0.264446
0.266391
0.268329
0.270261
0.272186
0.274105
0.276018
0.277924
0.279823
0.281717
0.283604
0.285484
0.287359
0.289227
0.291088
0.292944
0.294793
0.296636
0.298473
0.300304
0.302129
0.303948
0.30576
0.307567
0.309367
0.311161
0.31295
0.314732
0.316509
0.318279
0.320044
0.321802
0.323555
0.325302
0.327043
0.328778
0.330507
0.332231
0.333948
0.33566
0.337367
0.339067
0.340762
0.342451
0.344135
0.345812
0.347485
0.349151
0.350812
0.352467
0.354117
0.355762
0.3574
0.359033
0.360661
0.362283
0.3639
0.365512
0.367117
0.368718
0.370313
0.371903
0.373487
0.375066
0.37664
0.378208
0.379772
0.381329
0.382882
0.384429
0.385972
0.387508
0.38904
0.390567
0.392088
0.393605
0.395116
0.396622
0.398123
0.399619
0.401109
0.402595
0.404076
0.405552
0.407022
0.408488
0.409949
0.411405
0.412856
0.414302
0.415743
0.417179
0.418611
0.420037
0.421459
0.422876
0.424288
0.425695
0.427098
0.428496
0.429889
0.431277
0.432661
0.434039
0.435414
0.436783
0.438148
0.439508
0.440864
0.442215
0.443562
0.444904
0.446241
0.447574
0.448902
0.450226
0.451545
0.45286
0.45417
0.455476
0.456777
0.458074
0.459367
0.460655
0.461939
0.463218
0.464493
0.465764
0.46703
0.468292
0.46955
0.470804
0.472053
0.473298
0.474539
0.475775
0.477008
0.478236
0.47946
0.48068
0.481895
0.483107
0.484314
0.485517
0.486716
0.487911
0.489102
0.490289
0.491472
0.492651
0.493826
0.494997
0.496164
0.497327
0.498486
0.49964
0.500792
0.501939
0.503082
0.504221
0.505357
0.506488
0.507616
0.50874
0.50986
0.510976
0.512088
0.513197
0.514302
0.515403
0.5165
0.517593
0.518683
0.519769
0.520852
0.521931
0.523006
0.524077
0.525145
0.526209
0.527269
0.528326
0.529379
0.530429
0.531475
0.532517
0.533556
0.534592
0.535624
0.536652
0.537677
0.538698
0.539716
0.54073
0.541741
0.542749
0.543753
0.544753
0.545751
0.546744
0.547735
0.548722
0.549706
0.550686
0.551663
0.552637
0.553607
0.554574
0.555538
0.556498
0.557455
0.558409
0.55936
0.560307
0.561251
0.562192
0.56313
0.564065
0.564996
0.565924
0.566849
0.567771
0.56869
0.569606
0.570518
0.571428
0.572334
0.573237
0.574137
0.575034
0.575928
0.576819
0.577707
0.578592
0.579474
0.580353
0.581229
0.582102
0.582972
0.583839
0.584703
0.585564
0.586422
0.587278
0.58813
0.588979
0.589826
0.59067
0.591511
0.592348
0.593184
0.594016
0.594845
0.595672
0.596496
0.597317
0.598135
0.59895
0.599763
0.600573
0.60138
0.602184
0.602986
0.603785
0.604581
0.605375
0.606166
0.606954
0.607739
0.608522
0.609302
0.61008
0.610855
0.611627
0.612396
0.613163
0.613928
0.61469
0.615449
0.616205
0.616959
0.617711
0.61846
0.619206
0.61995
0.620692
0.62143
0.622167
0.622901
0.623632
0.624361
0.625087
0.625811
0.626533
0.627252
0.627968
0.628683
0.629394
0.630104
0.630811
0.631515
0.632217
0.632917
0.633615
0.63431
0.635002
0.635693
0.636381
0.637067
0.63775
0.638431
0.63911
0.639786
0.640461
0.641132
0.641802
0.642469
0.643135
0.643797
0.644458
0.645117
0.645773
0.646427
0.647078
0.647728
0.648375
0.64902
0.649663
0.650304
0.650943
0.651579
0.652214
0.652846
0.653476
0.654104
0.65473
0.655354
0.655975
0.656595
0.657212
0.657828
0.658441
0.659052
0.659661
0.660268
0.660873
0.661476
0.662077
0.662676
0.663273
0.663868
0.664461
0.665052
0.665641
0.666228
0.666813
0.667396
0.667977
0.668556
0.669133
0.669709
0.670282
0.670853
0.671423
0.67199
0.672556
0.67312
0.673681
0.674241
0.674799
0.675355
0.67591
0.676462
0.677013
0.677562
0.678108
0.678654
0.679197
0.679738
0.680278
0.680816
0.681352
0.681886
0.682418
0.682949
0.683478
0.684005
0.68453
0.685053
0.685575
0.686095
0.686614
0.68713
0.687645
0.688158
0.688669
0.689179
0.689687
0.690193
0.690698
0.691201
0.691702
0.692201
0.692699
0.693195
0.69369
0.694183
0.694674
0.695164
0.695652
0.696138
0.696623
0.697106
0.697587
0.698067
0.698545
0.699022
0.699497
0.69997
0.700442
0.700913
0.701381
0.701849
0.702314
0.702778
0.703241
0.703702
0.704161
0.704619
0.705076
0.70553
0.705984
0.706436
0.706886
0.707335
0.707782
0.708228
0.708672
0.709115
0.709557
0.709997
0.710435
0.710872
0.711308
0.711742
0.712175
0.712606
0.713036
0.713464
0.713891
0.714316
0.714741
0.715163
0.715585
0.716005
0.716423
0.71684
0.717256
0.71767
0.718083
0.718495
0.718905
0.719314
0.719722
0.720128
0.720533
0.720936
0.721338
0.721739
0.722139
0.722537
0.722934
0.723329
0.723723
0.724116
0.724508
0.724898
0.725287
0.725675
0.726061
0.726447
0.72683
0.727213
0.727594
0.727975
0.728353
0.728731
0.729107
0.729482
0.729856
0.730229
0.7306
0.730971
0.73134
0.731707
0.732074
0.732439
0.732803
0.733166
0.733528
0.733888
0.734248
0.734606
0.734963
0.735318
0.735673
0.736026
0.736379
0.73673
0.73708
0.737429
0.737776
0.738123
0.738468
0.738812
0.739155
0.739497
0.739838
0.740178
0.740516
0.740854
0.74119
0.741526
0.74186
0.742193
0.742525
0.742856
0.743185
0.743514
0.743842
0.744168
0.744494
0.744818
0.745142
0.745464
0.745785
0.746105
0.746424
0.746742
0.747059
0.747375
0.74769
0.748004
0.748317
0.748629
0.74894
0.74925
0.749558
0.749866
0.750173
0.750479
0.750783
0.751087
0.75139
0.751692
0.751993
0.752292
0.752591
0.752889
0.753186
0.753482
0.753777
0.754071
0.754364
0.754656
0.754947
0.755237
0.755526
0.755815
0.756102
0.756388
0.756674
0.756958
0.757242
0.757524
0.757806
0.758087
0.758367
0.758646
0.758924
0.759201
0.759477
0.759753
0.760027
0.760301
0.760573
0.760845
0.761116
0.761386
0.761655
0.761923
0.762191
0.762457
0.762723
0.762988
0.763252
0.763515
0.763777
0.764038
0.764299
0.764558
0.764817
0.765075
0.765332
0.765588
0.765844
0.766098
0.766352
0.766605
0.766857
0.767109
0.767359
0.767609
0.767858
0.768106
0.768353
0.7686
0.768845
0.76909
0.769334
0.769577
0.76982
0.770062
0.770303
0.770543
0.770782
0.771021
0.771259
0.771496
0.771732
0.771967
0.772202
0.772436
0.772669
0.772902
0.773133
0.773364
0.773595
0.773824
0.774053
0.774281
0.774508
0.774735
0.77496
0.775186
0.77541
0.775633
0.775856
0.776078
0.7763
0.776521
0.776741
0.77696
0.777179
0.777396
0.777614
0.77783
0.778046
0.778261
0.778475
0.778689
0.778902
0.779114
0.779326
0.779537
0.779747
0.779957
0.780166
0.780374
0.780582
0.780789
0.780995
0.7812
0.781405
0.78161
0.781813
0.782016
0.782218
0.78242
0.782621
0.782821
0.783021
0.78322
0.783418
0.783616
0.783813
0.78401
0.784206
0.784401
0.784596
0.78479
0.784983
0.785176
0.785368
0.785559
0.78575
0.785941
0.78613
0.786319
0.786508
0.786696
0.786883
0.787069
0.787256
0.787441
0.787626
0.78781
0.787994
0.788177
0.788359
0.788541
0.788723
0.788903
0.789083
0.789263
0.789442
0.789621
0.789798
0.789976
0.790152
0.790329
0.790504
0.790679
0.790854
0.791028
0.791201
0.791374
0.791546
0.791718
0.791889
0.79206
0.79223
0.792399
0.792568
0.792737
0.792904
0.793072
0.793239
0.793405
0.793571
0.793736
0.793901
0.794065
0.794228
0.794392
0.794554
0.794716
0.794878
0.795039
0.795199
0.79536
0.795519
0.795678
0.795837
0.795995
0.796152
0.796309
0.796466
0.796622
0.796777
0.796932
0.797087
0.797241
0.797394
0.797547
0.7977
0.797852
0.798003
0.798155
0.798305
0.798455
0.798605
0.798754
0.798903
0.799051
0.799199
0.799346
0.799493
0.799639
0.799785
0.799931
0.800076
0.80022
0.800364
0.800508
0.800651
0.800794
0.800936
0.801078
0.801219
0.80136
0.8015
0.80164
0.80178
0.801919
0.802058
0.802196
0.802334
0.802471
0.802608
0.802745
0.802881
0.803016
0.803151
0.803286
0.80342
0.803554
0.803688
0.803821
0.803954
0.804086
0.804218
0.804349
0.80448
0.80461
0.804741
0.80487
0.805
0.805129
0.805257
0.805385
0.805513
0.80564
0.805767
0.805894
0.80602
0.806145
0.806271
0.806395
0.80652
0.806644
0.806768
0.806891
0.807014
0.807137
0.807259
0.807381
0.807502
0.807623
0.807744
0.807864
0.807984
0.808103
0.808222
0.808341
0.808459
0.808577
0.808695
0.808812
0.808929
0.809046
0.809162
0.809278
0.809393
0.809508
0.809623
0.809737
0.809851
0.809965
0.810078
0.810191
0.810303
0.810415
0.810527
0.810639
0.81075
0.810861
0.810971
0.811081
0.811191
0.8113
0.811409
0.811518
0.811626
0.811734
0.811842
0.811949
0.812056
0.812163
0.812269
0.812375
0.812481
0.812586
0.812691
0.812796
0.8129
0.813005
0.813108
0.813212
0.813315
0.813417
0.81352
0.813622
0.813724
0.813825
0.813926
0.814027
0.814127
0.814228
0.814327
0.814427
0.814526
0.814625
0.814724
0.814822
0.81492
0.815018
0.815115
0.815212
0.815309
0.815406
0.815502
0.815598
0.815693
0.815788
0.815883
0.815978
0.816072
0.816167
0.81626
0.816354
0.816447
0.81654
0.816633
0.816725
0.816817
0.816909
0.817
0.817091
0.817182
0.817273
0.817363
0.817453
0.817543
0.817633
0.817722
0.817811
0.817899
0.817988
0.818076
0.818164
0.818251
0.818339
0.818426
0.818512
0.818599
0.818685
0.818771
0.818857
0.818942
0.819027
0.819112
0.819197
0.819281
0.819365
0.819449
0.819532
0.819616
0.819699
0.819782
0.819864
0.819946
0.820028
0.82011
0.820192
0.820273
0.820354
0.820435
0.820515
0.820595
0.820675
0.820755
0.820835
0.820914
0.820993
0.821072
0.82115
0.821228
0.821306
0.821384
0.821462
0.821539
0.821616
0.821693
0.821769
0.821846
0.821922
0.821998
0.822073
0.822149
0.822224
0.822299
0.822374
0.822448
0.822522
0.822596
0.82267
0.822744
0.822817
0.82289
0.822963
0.823036
0.823108
0.82318
0.823252
0.823324
0.823395
0.823467
0.823538
0.823609
0.823679
0.82375
0.82382
0.82389
0.82396
0.824029
0.824099
0.824168
0.824237
0.824305
0.824374
0.824442
0.82451
0.824578
0.824646
0.824713
0.82478
0.824847
0.824914
0.824981
0.825047
0.825113
0.825179
0.825245
0.825311
0.825376
0.825441
0.825506
0.825571
0.825636
0.8257
0.825764
0.825828
0.825892
0.825956
0.826019
0.826082
0.826145
0.826208
0.826271
0.826333
0.826395
0.826457
0.826519
0.826581
0.826642
0.826704
0.826765
0.826826
0.826886
0.826947
0.827007
0.827067
0.827127
0.827187
0.827247
0.827306
0.827365
0.827424
0.827483
0.827542
0.8276
0.827659
0.827717
0.827775
0.827833
0.82789
0.827948
0.828005
0.828062
0.828119
0.828176
0.828232
0.828289
0.828345
0.828401
0.828457
0.828512
0.828568
0.828623
0.828678
0.828733
0.828788
0.828843
0.828898
0.828952
0.829006
0.82906
0.829114
0.829168
0.829221
0.829274
0.829328
0.829381
0.829433
0.829486
0.829539
0.829591
0.829643
0.829695
0.829747
0.829799
0.829851
0.829902
0.829953
0.830004
0.830055
0.830106
0.830157
0.830207
0.830258
0.830308
0.830358
0.830408
0.830457
0.830507
0.830556
0.830606
0.830655
0.830704
0.830752
0.830801
0.83085
0.830898
0.830946
0.830994
0.831042
0.83109
0.831138
0.831185
0.831232
0.83128
0.831327
0.831374
0.83142
0.831467
0.831513
0.83156
0.831606
0.831652
0.831698
0.831744
0.831789
0.831835
0.83188
0.831925
0.83197
0.832015
0.83206
0.832105
0.832149
0.832194
0.832238
0.832282
0.832326
0.83237
0.832414
0.832457
0.832501
0.832544
0.832587
0.83263
0.832673
0.832716
0.832759
0.832801
0.832844
0.832886
0.832928
0.83297
0.833012
0.833054
0.833095
0.833137
0.833178
0.833219
0.833261
0.833302
0.833342
0.833383
0.833424
0.833464
0.833505
0.833545
0.833585
0.833625
0.833665
0.833705
0.833745
0.833784
0.833823
0.833863
0.833902
0.833941
0.83398
0.834019
0.834057
0.834096
0.834135
0.834173
0.834211
0.834249
0.834287
0.834325
0.834363
0.834401
0.834438
0.834476
0.834513
0.83455
0.834587
0.834624
0.834661
0.834698
0.834734
0.834771
0.834807
0.834844
0.83488
0.834916
0.834952
0.834988
0.835024
0.835059
0.835095
0.83513
0.835165
0.835201
0.835236
0.835271
0.835306
0.835341
0.835375
0.83541
0.835444
0.835479
0.835513
0.835547
0.835581
0.835615
0.835649
0.835683
0.835716
0.83575
0.835783
0.835817
0.83585
0.835883
0.835916
0.835949
0.835982
0.836015
0.836047
0.83608
0.836112
0.836145
0.836177
0.836209
0.836241
0.836273
0.836305
0.836337
0.836369
0.8364
0.836432
0.836463
0.836494
0.836526
0.836557
0.836588
0.836619
0.836649
0.83668
0.836711
0.836741
0.836772
0.836802
0.836832
0.836863
0.836893
0.836923
0.836953
0.836983
0.837012
0.837042
0.837071
0.837101
0.83713
0.83716
0.837189
0.837218
0.837247
0.837276
0.837305
0.837333
0.837362
0.837391
0.837419
0.837448
0.837476
0.837504
0.837532
0.83756
0.837588
0.837616
0.837644
0.837672
0.8377
0.837727
0.837755
0.837782
0.837809
0.837837
0.837864
0.837891
0.837918
0.837945
0.837972
0.837998
0.838025
0.838052
0.838078
0.838105
0.838131
0.838157
0.838183
0.838209
0.838236
0.838261
0.838287
0.838313
0.838339
0.838365
0.83839
0.838416
0.838441
0.838466
0.838492
0.838517
0.838542
0.838567
0.838592
0.838617
0.838642
0.838666
0.838691
0.838716
0.83874
0.838765
0.838789
0.838813
0.838838
0.838862
0.838886
0.83891
0.838934
0.838958
0.838981
0.839005
0.839029
0.839052
0.839076
0.839099
0.839123
0.839146
0.839169
0.839192
0.839215
0.839238
0.839261
0.839284
0.839307
0.83933
0.839353
0.839375
0.839398
0.83942
0.839443
0.839465
0.839487
0.839509
0.839532
0.839554
0.839576
0.839598
0.839619
0.839641
0.839663
0.839685
0.839706
0.839728
0.839749
0.839771
0.839792
0.839813
0.839835
0.839856
0.839877
0.839898
0.839919
0.83994
0.839961
0.839982
0.840002
0.840023
0.840044
0.840064
0.840085
0.840105
0.840125
0.840146
0.840166
0.840186
0.840206
0.840226
0.840246
0.840266
0.840286
0.840306
0.840326
0.840345
0.840365
0.840385
0.840404
0.840424
0.840443
0.840462
0.840482
0.840501
0.84052
0.840539
0.840558
0.840577
0.840596
0.840615
0.840634
0.840653
0.840672
0.84069
0.840709
0.840727
0.840746
0.840764
0.840783
0.840801
0.840819
0.840838
0.840856
0.840874
0.840892
0.84091
0.840928
0.840946
0.840964
0.840982
0.840999
0.841017
0.841035
0.841052
0.84107
0.841087
0.841105
0.841122
0.841139
0.841157
0.841174
0.841191
0.841208
0.841225
0.841242
0.841259
0.841276
0.841293
0.84131
0.841327
0.841343
0.84136
0.841377
0.841393
0.84141
0.841426
0.841443
0.841459
0.841476
0.841492
0.841508
0.841524
0.84154
0.841556
0.841573
0.841589
0.841604
0.84162
0.841636
0.841652
0.841668
0.841684
0.841699
0.841715
0.84173
0.841746
0.841761
0.841777
0.841792
0.841808
0.841823
0.841838
0.841853
0.841868
0.841884
0.841899
0.841914
0.841929
0.841944
0.841959
0.841973
0.841988
0.842003
0.842018
0.842032
0.842047
0.842062
0.842076
0.842091
0.842105
0.84212
0.842134
0.842148
0.842163
0.842177
0.842191
0.842205
0.842219
0.842233
0.842247
0.842261
0.842275
0.842289
0.842303
0.842317
0.842331
0.842345
0.842358
0.842372
0.842386
0.842399
0.842413
0.842426
0.84244
0.842453
0.842466
0.84248
0.842493
0.842506
0.84252
0.842533
0.842546
0.842559
0.842572
0.842585
0.842598
0.842611
0.842624
0.842637
0.84265
0.842663
0.842675
0.842688
0.842701
0.842714
0.842726
0.842739
0.842751
0.842764
0.842776
0.842789
0.842801
0.842813
0.842826
0.842838
0.84285
0.842863
0.842875
0.842887
0.842899
0.842911
0.842923
0.842935
0.842947
0.842959
0.842971
0.842983
0.842995
0.843006
0.843018
0.84303
0.843042
0.843053
0.843065
0.843076
0.843088
0.8431
0.843111
0.843123
0.843134
0.843145
0.843157
0.843168
0.843179
0.843191
0.843202
0.843213
0.843224
0.843235
0.843246
0.843257
0.843268
0.843279
0.84329
0.843301
0.843312
0.843323
0.843334
0.843345
0.843355
0.843366
0.843377
0.843387
0.843398
0.843409
0.843419
0.84343
0.84344
0.843451
0.843461
0.843472
0.843482
0.843493
0.843503
0.843513
0.843523
0.843534
0.843544
0.843554
0.843564
0.843574
0.843584
0.843594
0.843605
0.843615
0.843624
0.843634
0.843644
0.843654
0.843664
0.843674
0.843684
0.843693
0.843703
0.843713
0.843723
0.843732
0.843742
0.843752
0.843761
0.843771
0.84378
0.84379
0.843799
0.843809
0.843818
0.843827
0.843837
0.843846
0.843855
0.843865
0.843874
0.843883
0.843892
0.843901
0.843911
0.84392
0.843929
0.843938
0.843947
0.843956
0.843965
0.843974
0.843983
0.843992
0.844
0.844009
0.844018
0.844027
0.844036
0.844044
0.844053
0.844062
0.84407
0.844079
0.844088
0.844096
0.844105
0.844113
0.844122
0.84413
0.844139
0.844147
0.844156
0.844164
0.844173
0.844181
0.844189
0.844197
0.844206
0.844214
0.844222
0.84423
0.844239
0.844247
0.844255
0.844263
0.844271
0.844279
0.844287
0.844295
0.844303
0.844311
0.844319
0.844327
0.844335
0.844343
0.844351
0.844358
0.844366
0.844374
0.844382
0.844389
0.844397
0.844405
0.844413
0.84442
0.844428
0.844435
0.844443
0.844451
0.844458
0.844466
0.844473
0.844481
0.844488
0.844495
0.844503
0.84451
0.844518
0.844525
0.844532
0.844539
0.844547
0.844554
0.844561
0.844568
0.844576
0.844583
0.84459
0.844597
0.844604
0.844611
0.844618
0.844625
0.844632
0.844639
0.844646
0.844653
0.84466
0.844667
0.844674
0.844681
0.844688
0.844695
0.844702
0.844708
0.844715
0.844722
0.844729
0.844735
0.844742
0.844749
0.844755
0.844762
0.844769
0.844775
0.844782
0.844788
0.844795
0.844802
0.844808
0.844815
0.844821
0.844828
0.844834
0.84484
0.844847
0.844853
0.84486
0.844866
0.844872
0.844878
0.844885
0.844891
0.844897
0.844904
0.84491
0.844916
0.844922
0.844928
0.844934
0.844941
0.844947
0.844953
0.844959
0.844965
0.844971
0.844977
0.844983
0.844989
0.844995
0.845001
0.845007
0.845013
0.845019
0.845025
0.84503
0.845036
0.845042
0.845048
0.845054
0.84506
0.845065
0.845071
0.845077
0.845082
0.845088
0.845094
0.8451
0.845105
0.845111
0.845116
0.845122
0.845128
0.845133
0.845139
0.845144
0.84515
0.845155
0.845161
0.845166
0.845172
0.845177
0.845183
0.845188
0.845193
0.845199
0.845204
0.84521
0.845215
0.84522
0.845225
0.845231
0.845236
0.845241
0.845247
0.845252
0.845257
0.845262
0.845267
0.845273
0.845278
0.845283
0.845288
0.845293
0.845298
0.845303
0.845308
0.845313
0.845318
0.845323
0.845328
0.845333
0.845338
0.845343
0.845348
0.845353
0.845358
0.845363
0.845368
0.845373
0.845378
0.845383
0.845387
0.845392
0.845397
0.845402
0.845407
0.845411
0.845416
0.845421
0.845426
0.84543
0.845435
0.84544
0.845444
0.845449
0.845454
0.845458
0.845463
0.845468
0.845472
0.845477
0.845481
0.845486
0.84549
0.845495
0.845499
0.845504
0.845508
0.845513
0.845517
0.845522
0.845526
0.845531
0.845535
0.845539
0.845544
0.845548
0.845553
0.845557
0.845561
0.845566
0.84557
0.845574
0.845578
0.845583
0.845587
0.845591
0.845595
0.8456
0.845604
0.845608
0.845612
0.845616
0.845621
0.845625
0.845629
0.845633
0.845637
0.845641
0.845645
0.845649
0.845654
0.845658
0.845662
0.845666
0.84567
0.845674
0.845678
0.845682
0.845686
0.84569
0.845694
0.845698
0.845701
0.845705
0.845709
0.845713
0.845717
0.845721
0.845725
0.845729
0.845733
0.845736
0.84574
0.845744
0.845748
0.845752
0.845755
0.845759
0.845763
0.845767
0.84577
0.845774
0.845778
0.845782
0.845785
0.845789
0.845793
0.845796
0.8458
0.845804
0.845807
0.845811
0.845814
0.845818
0.845822
0.845825
0.845829
0.845832
0.845836
0.845839
0.845843
0.845846
0.84585
0.845853
0.845857
0.84586
0.845864
0.845867
0.845871
0.845874
0.845878
0.845881
0.845884
0.845888
0.845891
0.845895
0.845898
0.845901
0.845905
0.845908
0.845911
0.845915
0.845918
0.845921
0.845925
0.845928
0.845931
0.845934
0.845938
0.845941
0.845944
0.845947
0.845951
0.845954
0.845957
0.84596
0.845963
0.845967
0.84597
0.845973
0.845976
0.845979
0.845982
0.845986
0.845989
0.845992
0.845995
0.845998
0.846001
0.846004
0.846007
0.84601
0.846013
0.846016
0.846019
0.846022
0.846025
0.846028
0.846031
0.846034
0.846037
0.84604
0.846043
0.846046
0.846049
0.846052
0.846055
0.846058
0.846061
0.846064
0.846067
0.846069
0.846072
0.846075
0.846078
0.846081
0.846084
0.846087
0.846089
0.846092
0.846095
0.846098
0.846101
0.846103
0.846106
0.846109
0.846112
0.846114
0.846117
0.84612
0.846123
0.846125
0.846128
0.846131
0.846134
0.846136
0.846139
0.846142
0.846144
0.846147
0.84615
0.846152
0.846155
0.846158
0.84616
0.846163
0.846165
0.846168
0.846171
0.846173
0.846176
0.846178
0.846181
0.846183
0.846186
0.846189
0.846191
0.846194
0.846196
0.846199
0.846201
0.846204
0.846206
0.846209
0.846211
0.846214
0.846216
0.846219
0.846221
0.846223
0.846226
0.846228
0.846231
0.846233
0.846236
0.846238
0.84624
0.846243
0.846245
0.846248
0.84625
0.846252
0.846255
0.846257
0.846259
0.846262
0.846264
0.846266
0.846269
0.846271
0.846273
0.846276
0.846278
0.84628
0.846282
0.846285
0.846287
0.846289
0.846291
0.846294
0.846296
0.846298
0.8463
0.846303
0.846305
0.846307
0.846309
0.846312
0.846314
0.846316
0.846318
0.84632
0.846322
0.846325
0.846327
0.846329
0.846331
0.846333
0.846335
0.846337
0.84634
0.846342
0.846344
0.846346
0.846348
0.84635
0.846352
0.846354
0.846356
0.846358
0.84636
0.846362
0.846365
0.846367
0.846369
0.846371
0.846373
0.846375
0.846377
0.846379
0.846381
0.846383
0.846385
0.846387
0.846389
0.846391
0.846393
0.846395
0.846397
0.846398
0.8464
0.846402
0.846404
0.846406
0.846408
0.84641
0.846412
0.846414
0.846416
0.846418
0.84642
0.846422
0.846423
0.846425
0.846427
0.846429
0.846431
0.846433
0.846435
0.846436
0.846438
0.84644
0.846442
0.846444
0.846446
0.846447
0.846449
0.846451
0.846453
0.846455
0.846456
0.846458
0.84646
0.846462
0.846464
0.846465
0.846467
0.846469
0.846471
0.846472
0.846474
0.846476
0.846478
0.846479
0.846481
0.846483
0.846484
0.846486
0.846488
0.84649
0.846491
0.846493
0.846495
0.846496
0.846498
0.8465
0.846501
0.846503
0.846505
0.846506
0.846508
0.84651
0.846511
0.846513
0.846515
0.846516
0.846518
0.846519
0.846521
0.846523
0.846524
0.846526
0.846527
0.846529
0.846531
0.846532
0.846534
0.846535
0.846537
0.846538
0.84654
0.846542
0.846543
0.846545
0.846546
0.846548
0.846549
0.846551
0.846552
0.846554
0.846555
0.846557
0.846558
0.84656
0.846561
0.846563
0.846564
0.846566
0.846567
0.846569
0.84657
0.846572
0.846573
0.846575
0.846576
0.846578
0.846579
0.846581
0.846582
0.846583
0.846585
0.846586
0.846588
0.846589
0.846591
0.846592
0.846593
0.846595
0.846596
0.846598
0.846599
0.8466
0.846602
0.846603
0.846605
0.846606
0.846607
0.846609
0.84661
0.846611
0.846613
0.846614
0.846615
0.846617
0.846618
0.846619
0.846621
0.846622
0.846623
0.846625
0.846626
0.846627
0.846629
0.84663
0.846631
0.846633
0.846634
0.846635
0.846637
0.846638
0.846639
0.84664
0.846642
0.846643
0.846644
0.846645
0.846647
0.846648
0.846649
0.846651
0.846652
0.846653
0.846654
0.846656
0.846657
0.846658
0.846659
0.84666
0.846662
0.846663
0.846664
0.846665
0.846667
0.846668
0.846669
0.84667
0.846671
0.846673
0.846674
0.846675
0.846676
0.846677
0.846678
0.84668
0.846681
0.846682
0.846683
0.846684
0.846685
0.846687
0.846688
0.846689
0.84669
0.846691
0.846692
0.846693
0.846695
0.846696
0.846697
0.846698
0.846699
0.8467
0.846701
0.846702
0.846704
0.846705
0.846706
0.846707
0.846708
0.846709
0.84671
0.846711
0.846712
0.846713
0.846714
0.846716
0.846717
0.846718
0.846719
0.84672
0.846721
0.846722
0.846723
0.846724
0.846725
0.846726
0.846727
0.846728
0.846729
0.84673
0.846731
0.846732
0.846733
0.846734
0.846735
0.846736
0.846737
0.846738
0.846739
0.84674
0.846741
0.846742
0.846743
0.846744
0.846745
0.846746
0.846747
0.846748
0.846749
0.84675
0.846751
0.846752
0.846753
0.846754
0.846755
0.846756
0.846757
0.846758
0.846759
0.84676
0.846761
0.846762
0.846763
0.846764
0.846765
0.846766
0.846767
0.846768
0.846769
0.846769
0.84677
0.846771
0.846772
0.846773
0.846774
0.846775
0.846776
0.846777
0.846778
0.846779
0.84678
0.84678
0.846781
0.846782
0.846783
0.846784
0.846785
0.846786
0.846787
0.846788
0.846788
0.846789
0.84679
0.846791
0.846792
0.846793
0.846794
0.846794
0.846795
0.846796
0.846797
0.846798
0.846799
0.8468
0.8468
0.846801
0.846802
0.846803
0.846804
0.846805
0.846805
0.846806
0.846807
0.846808
0.846809
0.84681
0.84681
0.846811
0.846812
0.846813
0.846814
0.846814
0.846815
0.846816
0.846817
0.846818
0.846818
0.846819
0.84682
0.846821
0.846822
0.846822
0.846823
0.846824
0.846825
0.846826
0.846826
0.846827
0.846828
0.846829
0.846829
0.84683
0.846831
0.846832
0.846832
0.846833
0.846834
0.846835
0.846835
0.846836
0.846837
0.846838
0.846838
0.846839
0.84684
0.846841
0.846841
0.846842
0.846843
0.846844
0.846844
0.846845
0.846846
0.846846
0.846847
0.846848
0.846849
0.846849
0.84685
0.846851
0.846851
0.846852
0.846853
0.846854
0.846854
0.846855
0.846856
0.846856
0.846857
0.846858
0.846858
0.846859
0.84686
0.84686
0.846861
0.846862
0.846863
0.846863
0.846864
0.846865
0.846865
0.846866
0.846867
0.846867
0.846868
0.846869
0.846869
0.84687
0.846871
0.846871
0.846872
0.846872
0.846873
0.846874
0.846874
0.846875
0.846876
0.846876
0.846877
0.846878
0.846878
0.846879
0.84688
0.84688
0.846881
0.846881
0.846882
0.846883
0.846883
0.846884
0.846885
0.846885
0.846886
0.846886
0.846887
0.846888
0.846888
0.846889
0.846889
0.84689
0.846891
0.846891
0.846892
0.846892
0.846893
0.846894
0.846894
0.846895
0.846895
0.846896
0.846897
0.846897
0.846898
0.846898
0.846899
0.846899
0.8469
0.846901
0.846901
0.846902
0.846902
0.846903
0.846904
0.846904
0.846905
0.846905
0.846906
0.846906
0.846907
0.846907
0.846908
0.846909
0.846909
0.84691
0.84691
0.846911
0.846911
0.846912
0.846912
0.846913
0.846913
0.846914
0.846915
0.846915
0.846916
0.846916
0.846917
0.846917
0.846918
0.846918
0.846919
0.846919
0.84692
0.84692
0.846921
0.846921
0.846922
0.846923
0.846923
0.846924
0.846924
0.846925
0.846925
0.846926
0.846926
0.846927
0.846927
0.846928
0.846928
0.846929
0.846929
0.84693
0.84693
0.846931
0.846931
0.846932
0.846932
0.846933
0.846933
0.846934
0.846934
0.846935
0.846935
0.846936
0.846936
0.846937
0.846937
0.846937
0.846938
0.846938
0.846939
0.846939
0.84694
0.84694
0.846941
0.846941
0.846942
0.846942
0.846943
0.846943
0.846944
0.846944
0.846945
0.846945
0.846945
0.846946
0.846946
0.846947
0.846947
0.846948
0.846948
0.846949
0.846949
0.84695
0.84695
0.84695
0.846951
0.846951
0.846952
0.846952
0.846953
0.846953
0.846954
0.846954
0.846954
0.846955
0.846955
0.846956
0.846956
0.846957
0.846957
0.846957
0.846958
0.846958
0.846959
0.846959
0.84696
0.84696
0.84696
0.846961
0.846961
0.846962
0.846962
0.846962
0.846963
0.846963
0.846964
0.846964
0.846965
0.846965
0.846965
0.846966
0.846966
0.846967
0.846967
0.846967
0.846968
0.846968
0.846969
0.846969
0.846969
0.84697
0.84697
0.846971
0.846971
0.846971
0.846972
0.846972
0.846972
0.846973
0.846973
0.846974
0.846974
0.846974
0.846975
0.846975
0.846976
0.846976
0.846976
0.846977
0.846977
0.846977
0.846978
0.846978
0.846979
0.846979
0.846979
0.84698
0.84698
0.84698
0.846981
0.846981
0.846982
0.846982
0.846982
0.846983
0.846983
0.846983
0.846984
0.846984
0.846984
0.846985
0.846985
0.846985
0.846986
0.846986
0.846987
0.846987
0.846987
0.846988
0.846988
0.846988
0.846989
0.846989
0.846989
0.84699
0.84699
0.84699
0.846991
0.846991
0.846991
0.846992
0.846992
0.846992
0.846993
0.846993
0.846993
0.846994
0.846994
0.846994
0.846995
0.846995
0.846995
0.846996
0.846996
0.846996
0.846997
0.846997
0.846997
0.846998
0.846998
0.846998
0.846999
0.846999
0.846999
0.847
0.847
0.847
0.847001
0.847001
0.847001
0.847002
0.847002
0.847002
0.847002
0.847003
0.847003
0.847003
0.847004
0.847004
0.847004
0.847005
0.847005
0.847005
0.847006
0.847006
0.847006
0.847006
0.847007
0.847007
0.847007
0.847008
0.847008
0.847008
0.847009
0.847009
0.847009
0.847009
0.84701
0.84701
0.84701
0.847011
0.847011
0.847011
0.847012
0.847012
0.847012
0.847012
0.847013
0.847013
0.847013
0.847014
0.847014
0.847014
0.847014
0.847015
0.847015
0.847015
0.847016
0.847016
0.847016
0.847016
0.847017
0.847017
0.847017
0.847017
0.847018
0.847018
0.847018
0.847019
0.847019
0.847019
0.847019
0.84702
0.84702
0.84702
0.84702
0.847021
0.847021
0.847021
0.847021
0.847022
0.847022
0.847022
0.847023
0.847023
0.847023
0.847023
0.847024
0.847024
0.847024
0.847024
0.847025
0.847025
0.847025
0.847025
0.847026
0.847026
0.847026
0.847026
0.847027
0.847027
0.847027
0.847027
0.847028
0.847028
0.847028
0.847028
0.847029
0.847029
0.847029
0.847029
0.84703
0.84703
0.84703
0.84703
0.847031
0.847031
0.847031
0.847031
0.847032
0.847032
0.847032
0.847032
0.847033
0.847033
0.847033
0.847033
0.847033
0.847034
0.847034
0.847034
0.847034
0.847035
0.847035
0.847035
0.847035
0.847036
0.847036
0.847036
0.847036
0.847036
0.847037
0.847037
0.847037
0.847037
0.847038
0.847038
0.847038
0.847038
0.847038
0.847039
0.847039
0.847039
0.847039
0.84704
0.84704
0.84704
0.84704
0.84704
0.847041
0.847041
0.847041
0.847041
0.847042
0.847042
0.847042
0.847042
0.847042
0.847043
0.847043
0.847043
0.847043
0.847043
0.847044
0.847044
0.847044
0.847044
0.847045
0.847045
0.847045
0.847045
0.847045
0.847046
0.847046
0.847046
0.847046
0.847046
0.847047
0.847047
0.847047
0.847047
0.847047
0.847048
0.847048
0.847048
0.847048
0.847048
0.847049
0.847049
0.847049
0.847049
0.847049
0.84705
0.84705
0.84705
0.84705
0.84705
0.847051
0.847051
0.847051
0.847051
0.847051
0.847052
0.847052
0.847052
0.847052
0.847052
0.847052
0.847053
0.847053
0.847053
0.847053
0.847053
0.847054
0.847054
0.847054
0.847054
0.847054
0.847055
0.847055
0.847055
0.847055
0.847055
0.847055
0.847056
0.847056
0.847056
0.847056
0.847056
0.847057
0.847057
0.847057
0.847057
0.847057
0.847057
0.847058
0.847058
0.847058
0.847058
0.847058
0.847058
0.847059
0.847059
0.847059
0.847059
0.847059
0.847059
0.84706
0.84706
0.84706
0.84706
0.84706
0.847061
0.847061
0.847061
0.847061
0.847061
0.847061
0.847062
0.847062
0.847062
0.847062
0.847062
0.847062
0.847063
0.847063
0.847063
0.847063
0.847063
0.847063
0.847064
0.847064
0.847064
0.847064
0.847064
0.847064
0.847064
0.847065
0.847065
0.847065
0.847065
0.847065
0.847065
0.847066
0.847066
0.847066
0.847066
0.847066
0.847066
0.847067
0.847067
0.847067
0.847067
0.847067
0.847067
0.847067
0.847068
0.847068
0.847068
0.847068
0.847068
0.847068
0.847069
0.847069
0.847069
0.847069
0.847069
0.847069
0.847069
0.84707
0.84707
0.84707
0.84707
0.84707
0.84707
0.84707
0.847071
0.847071
0.847071
0.847071
0.847071
0.847071
0.847071
0.847072
0.847072
0.847072
0.847072
0.847072
0.847072
0.847072
0.847073
0.847073
0.847073
0.847073
0.847073
0.847073
0.847073
0.847074
0.847074
0.847074
0.847074
0.847074
0.847074
0.847074
0.847075
0.847075
0.847075
0.847075
0.847075
0.847075
0.847075
0.847075
0.847076
0.847076
0.847076
0.847076
0.847076
0.847076
0.847076
0.847077
0.847077
0.847077
0.847077
0.847077
0.847077
0.847077
0.847077
0.847078
0.847078
0.847078
0.847078
0.847078
0.847078
0.847078
0.847079
0.847079
0.847079
0.847079
0.847079
0.847079
0.847079
0.847079
0.84708
0.84708
0.84708
0.84708
0.84708
0.84708
0.84708
0.84708
0.847081
0.847081
0.847081
0.847081
0.847081
0.847081
0.847081
0.847081
0.847081
0.847082
0.847082
0.847082
0.847082
0.847082
0.847082
0.847082
0.847082
0.847083
0.847083
0.847083
0.847083
0.847083
0.847083
0.847083
0.847083
0.847084
0.847084
0.847084
0.847084
0.847084
0.847084
0.847084
0.847084
0.847084
0.847085
0.847085
0.847085
0.847085
0.847085
0.847085
0.847085
0.847085
0.847085
0.847086
0.847086
0.847086
0.847086
0.847086
0.847086
0.847086
0.847086
0.847086
0.847087
0.847087
0.847087
0.847087
0.847087
0.847087
0.847087
0.847087
0.847087
0.847088
0.847088
0.847088
0.847088
0.847088
0.847088
0.847088
0.847088
0.847088
0.847088
0.847089
0.847089
0.847089
0.847089
0.847089
0.847089
0.847089
0.847089
0.847089
0.84709
0.84709
0.84709
0.84709
0.84709
0.84709
0.84709
0.84709
0.84709
0.84709
0.847091
0.847091
0.847091
0.847091
0.847091
0.847091
0.847091
0.847091
0.847091
0.847091
0.847092
0.847092
0.847092
0.847092
0.847092
0.847092
0.847092
0.847092
0.847092
0.847092
0.847092
0.847093
0.847093
0.847093
0.847093
0.847093
0.847093
0.847093
0.847093
0.847093
0.847093
0.847094
0.847094
0.847094
0.847094
0.847094
0.847094
0.847094
0.847094
0.847094
0.847094
0.847094
0.847095
0.847095
0.847095
0.847095
0.847095
0.847095
0.847095
0.847095
0.847095
0.847095
0.847095
0.847096
0.847096
0.847096
0.847096
0.847096
0.847096
0.847096
0.847096
0.847096
0.847096
0.847096
0.847097
0.847097
0.847097
0.847097
0.847097
0.847097
0.847097
0.847097
0.847097
0.847097
0.847097
0.847097
0.847098
0.847098
0.847098
0.847098
0.847098
0.847098
0.847098
0.847098
0.847098
0.847098
0.847098
0.847098
0.847099
0.847099
0.847099
0.847099
0.847099
0.847099
0.847099
0.847099
0.847099
0.847099
0.847099
0.847099
0.8471
0.8471
0.8471
0.8471
0.8471
0.8471
0.8471
0.8471
0.8471
0.8471
0.8471
0.8471
0.847101
0.847101
0.847101
0.847101
0.847101
0.847101
0.847101
0.847101
0.847101
0.847101
0.847101
0.847101
0.847101
0.847102
0.847102
0.847102
0.847102
0.847102
0.847102
0.847102
0.847102
0.847102
0.847102
0.847102
0.847102
0.847102
0.847103
0.847103
0.847103
0.847103
0.847103
0.847103
0.847103
0.847103
0.847103
0.847103
0.847103
0.847103
0.847103
0.847103
0.847104
0.847104
0.847104
0.847104
0.847104
0.847104
0.847104
0.847104
0.847104
0.847104
0.847104
0.847104
0.847104
0.847104
0.847105
0.847105
0.847105
0.847105
0.847105
0.847105
0.847105
0.847105
0.847105
0.847105
0.847105
0.847105
0.847105
0.847105
0.847105
0.847106
0.847106
0.847106
0.847106
0.847106
0.847106
0.847106
0.847106
0.847106
0.847106
0.847106
0.847106
0.847106
0.847106
0.847107
0.847107
0.847107
0.847107
0.847107
0.847107
0.847107
0.847107
0.847107
0.847107
0.847107
0.847107
0.847107
0.847107
0.847107
0.847107
0.847108
0.847108
0.847108
0.847108
0.847108
0.847108
0.847108
0.847108
0.847108
0.847108
0.847108
0.847108
0.847108
0.847108
0.847108
0.847108
0.847109
0.847109
0.847109
0.847109
0.847109
0.847109
0.847109
0.847109
0.847109
0.847109
0.847109
0.847109
0.847109
0.847109
0.847109
0.847109
0.84711
0.84711
0.84711
0.84711
0.84711
0.84711
0.84711
0.84711
0.84711
0.84711
0.84711
0.84711
0.84711
0.84711
0.84711
0.84711
0.84711
0.847111
0.847111
0.847111
0.847111
0.847111
0.847111
0.847111
0.847111
0.847111
0.847111
0.847111
0.847111
0.847111
0.847111
0.847111
0.847111
0.847111
0.847111
0.847112
0.847112
0.847112
0.847112
0.847112
0.847112
0.847112
0.847112
0.847112
0.847112
0.847112
0.847112
0.847112
0.847112
0.847112
0.847112
0.847112
0.847112
0.847113
0.847113
0.847113
0.847113
0.847113
0.847113
0.847113
0.847113
0.847113
0.847113
0.847113
0.847113
0.847113
0.847113
0.847113
0.847113
0.847113
0.847113
0.847113
0.847114
0.847114
0.847114
0.847114
0.847114
0.847114
0.847114
0.847114
0.847114
0.847114
0.847114
0.847114
0.847114
0.847114
0.847114
0.847114
0.847114
0.847114
0.847114
0.847115
0.847115
0.847115
0.847115
0.847115
0.847115
0.847115
0.847115
0.847115
0.847115
0.847115
0.847115
0.847115
0.847115
0.847115
0.847115
0.847115
0.847115
0.847115
0.847115
0.847115
0.847116
0.847116
0.847116
0.847116
0.847116
0.847116
0.847116
0.847116
0.847116
0.847116
0.847116
0.847116
0.847116
0.847116
0.847116
0.847116
0.847116
0.847116
0.847116
0.847116
0.847116
0.847117
0.847117
0.847117
0.847117
0.847117
0.847117
0.847117
0.847117
0.847117
0.847117
0.847117
0.847117
0.847117
0.847117
0.847117
0.847117
0.847117
0.847117
0.847117
0.847117
0.847117
0.847117
0.847118
0.847118
0.847118
0.847118
0.847118
0.847118
0.847118
0.847118
0.847118
0.847118
0.847118
0.847118
0.847118
0.847118
0.847118
0.847118
0.847118
0.847118
0.847118
0.847118
0.847118
0.847118
0.847118
0.847119
0.847119
0.847119
0.847119
0.847119
0.847119
0.847119
0.847119
0.847119
0.847119
0.847119
0.847119
0.847119
0.847119
0.847119
0.847119
0.847119
0.847119
0.847119
0.847119
0.847119
0.847119
0.847119
0.847119
0.847119
0.84712
0.84712
0.84712
0.84712
0.84712
0.84712
0.84712
0.84712
0.84712
0.84712
0.84712
0.84712
0.84712
0.84712
0.84712
0.84712
0.84712
0.84712
0.84712
0.84712
0.84712
0.84712
0.84712
0.84712
0.84712
0.847121
0.847121
0.847121
0.847121
0.847121
0.847121
0.847121
0.847121
0.847121
0.847121
0.847121
0.847121
0.847121
0.847121
0.847121
0.847121
0.847121
0.847121
0.847121
0.847121
0.847121
0.847121
0.847121
0.847121
0.847121
0.847121
0.847121
0.847122
0.847122
0.847122
0.847122
0.847122
0.847122
0.847122
0.847122
0.847122
0.847122
0.847122
0.847122
0.847122
0.847122
0.847122
0.847122
0.847122
0.847122
0.847122
0.847122
0.847122
0.847122
0.847122
0.847122
0.847122
0.847122
0.847122
0.847122
0.847123
0.847123
0.847123
0.847123
0.847123
0.847123
0.847123
0.847123
0.847123
0.847123
0.847123
0.847123
0.847123
0.847123
0.847123
0.847123
0.847123
0.847123
0.847123
0.847123
0.847123
0.847123
0.847123
0.847123
0.847123
0.847123
0.847123
0.847123
0.847123
0.847123
0.847124
0.847124
0.847124
0.847124
0.847124
0.847124
0.847124
0.847124
0.847124
0.847124
0.847124
0.847124
0.847124
0.847124
0.847124
0.847124
0.847124
0.847124
0.847124
0.847124
0.847124
0.847124
0.847124
0.847124
0.847124
0.847124
0.847124
0.847124
0.847124
0.847124
0.847124
0.847125
0.847125
0.847125
0.847125
0.847125
0.847125
0.847125
0.847125
0.847125
0.847125
0.847125
0.847125
0.847125
0.847125
0.847125
0.847125
0.847125
0.847125
0.847125
0.847125
0.847125
0.847125
0.847125
0.847125
0.847125
0.847125
0.847125
0.847125
0.847125
0.847125
0.847125
0.847125
0.847125
0.847126
0.847126
0.847126
0.847126
0.847126
0.847126
0.847126
0.847126
0.847126
0.847126
0.847126
0.847126
0.847126
0.847126
0.847126
0.847126
0.847126
0.847126
0.847126
0.847126
0.847126
0.847126
0.847126
0.847126
0.847126
0.847126
0.847126
0.847126
0.847126
0.847126
0.847126
0.847126
0.847126
0.847126
0.847126
0.847127
0.847127
0.847127
0.847127
0.847127
0.847127
0.847127
0.847127
0.847127
0.847127
0.847127
0.847127
0.847127
0.847127
0.847127
0.847127
0.847127
0.847127
0.847127
0.847127
0.847127
0.847127
0.847127
0.847127
0.847127
0.847127
0.847127
0.847127
0.847127
0.847127
0.847127
0.847127
0.847127
0.847127
0.847127
0.847127
0.847127
0.847127
0.847128
0.847128
0.847128
0.847128
0.847128
0.847128
0.847128
0.847128
0.847128
0.847128
0.847128
0.847128
0.847128
0.847128
0.847128
0.847128
0.847128
0.847128
0.847128
0.847128
0.847128
0.847128
0.847128
0.847128
0.847128
0.847128
0.847128
0.847128
0.847128
0.847128
0.847128
0.847128
0.847128
0.847128
0.847128
0.847128
0.847128
0.847128
0.847128
0.847128
0.847129
0.847129
0.847129
0.847129
0.847129
0.847129
0.847129
0.847129
0.847129
0.847129
0.847129
0.847129
0.847129
0.847129
0.847129
0.847129
0.847129
0.847129
0.847129
0.847129
0.847129
0.847129
0.847129
0.847129
0.847129
0.847129
0.847129
0.847129
0.847129
0.847129
0.847129
0.847129
0.847129
0.847129
0.847129
0.847129
0.847129
0.847129
0.847129
0.847129
0.847129
0.847129
0.847129
0.84713
0.84713
0.84713
0.84713
0.84713
0.84713
0.84713
0.84713
0.84713
0.84713
0.84713
0.84713
0.84713
0.84713
0.84713
0.84713
0.84713
0.84713
0.84713
0.84713
0.84713
0.84713
0.84713
0.84713
0.84713
0.84713
0.84713
0.84713
0.84713
0.84713
0.84713
0.84713
0.84713
0.84713
0.84713
0.84713
0.84713
0.84713
0.84713
0.84713
0.84713
0.84713
0.84713
0.84713
0.84713
0.84713
0.847131
0.847131
0.847131
0.847131
0.847131
0.847131
0.847131
0.847131
0.847131
0.847131
0.847131
0.847131
0.847131
0.847131
0.847131
0.847131
0.847131
0.847131
0.847131
0.847131
0.847131
0.847131
0.847131
0.847131
0.847131
0.847131
0.847131
0.847131
0.847131
0.847131
0.847131
0.847131
0.847131
0.847131
0.847131
0.847131
0.847131
0.847131
0.847131
0.847131
0.847131
0.847131
0.847131
0.847131
0.847131
0.847131
0.847131
0.847131
0.847131
0.847131
0.847132
0.847132
0.847132
0.847132
0.847132
0.847132
0.847132
0.847132
0.847132
0.847132
0.847132
0.847132
0.847132
0.847132
0.847132
0.847132
0.847132
0.847132
0.847132
0.847132
0.847132
0.847132
0.847132
0.847132
0.847132
0.847132
0.847132
0.847132
0.847132
0.847132
0.847132
0.847132
0.847132
0.847132
0.847132
0.847132
0.847132
0.847132
0.847132
0.847132
0.847132
0.847132
0.847132
0.847132
0.847132
0.847132
0.847132
0.847132
0.847132
0.847132
0.847132
0.847132
0.847132
0.847132
0.847132
0.847133
0.847133
0.847133
0.847133
0.847133
0.847133
0.847133
0.847133
0.847133
0.847133
0.847133
0.847133
0.847133
0.847133
0.847133
0.847133
0.847133
0.847133
0.847133
0.847133
0.847133
0.847133
0.847133
0.847133
0.847133
0.847133
0.847133
0.847133
0.847133
0.847133
0.847133
0.847133
0.847133
0.847133
0.847133
0.847133
0.847133
0.847133
0.847133
0.847133
0.847133
0.847133
0.847133
0.847133
0.847133
0.847133
0.847133
0.847133
0.847133
0.847133
0.847133
0.847133
0.847133
0.847133
0.847133
0.847133
0.847133
0.847133
0.847133
0.847134
0.847134
0.847134
0.847134
0.847134
0.847134
0.847134
0.847134
0.847134
0.847134
0.847134
0.847134
0.847134
0.847134
0.847134
0.847134
0.847134
0.847134
0.847134
0.847134
0.847134
0.847134
0.847134
0.847134
0.847134
0.847134
0.847134
0.847134
0.847134
0.847134
0.847134
0.847134
0.847134
0.847134
0.847134
0.847134
0.847134
0.847134
0.847134
0.847134
0.847134
0.847134
0.847134
0.847134
0.847134
0.847134
0.847134
0.847134
0.847134
0.847134
0.847134
0.847134
0.847134
0.847134
0.847134
0.847134
0.847134
0.847134
0.847134
0.847134
0.847134
0.847134
0.847134
0.847134
0.847134
0.847134
0.847135
0.847135
0.847135
0.847135
0.847135
0.847135
0.847135
0.847135
0.847135
0.847135
0.847135
0.847135
0.847135
0.847135
0.847135
0.847135
0.847135
0.847135
0.847135
0.847135
0.847135
0.847135
0.847135
0.847135
0.847135
0.847135
0.847135
0.847135
0.847135
0.847135
0.847135
0.847135
0.847135
0.847135
0.847135
0.847135
0.847135
0.847135
0.847135
0.847135
0.847135
0.847135
0.847135
0.847135
0.847135
0.847135
0.847135
0.847135
0.847135
0.847135
0.847135
0.847135
0.847135
0.847135
0.847135
0.847135
0.847135
0.847135
0.847135
0.847135
0.847135
0.847135
0.847135
0.847135
0.847135
0.847135
0.847135
0.847135
0.847135
0.847135
0.847135
0.847135
0.847135
0.847136
0.847136
0.847136
0.847136
0.847136
0.847136
0.847136
0.847136
0.847136
0.847136
0.847136
0.847136
0.847136
0.847136
0.847136
0.847136
0.847136
0.847136
0.847136
0.847136
0.847136
0.847136
0.847136
0.847136
0.847136
0.847136
0.847136
0.847136
0.847136
0.847136
0.847136
0.847136
0.847136
0.847136
0.847136
0.847136
0.847136
0.847136
0.847136
0.847136
0.847136
0.847136
0.847136
0.847136
0.847136
0.847136
0.847136
0.847136
0.847136
0.847136
0.847136
0.847136
0.847136
0.847136
0.847136
0.847136
0.847136
0.847136
0.847136
0.847136
0.847136
0.847136
0.847136
0.847136
0.847136
0.847136
0.847136
0.847136
0.847136
0.847136
0.847136
0.847136
0.847136
0.847136
0.847136
0.847136
0.847136
0.847136
0.847136
0.847136
0.847136
0.847136
0.847137
0.847137
0.847137
0.847137
0.847137
0.847137
0.847137
0.847137
0.847137
0.847137
0.847137
0.847137
0.847137
0.847137
0.847137
0.847137
0.847137
0.847137
0.847137
0.847137
0.847137
0.847137
0.847137
0.847137
0.847137
0.847137
0.847137
0.847137
0.847137
0.847137
0.847137
0.847137
0.847137
0.847137
0.847137
0.847137
0.847137
0.847137
0.847137
0.847137
0.847137
0.847137
0.847137
0.847137
0.847137
0.847137
0.847137
0.847137
0.847137
0.847137
0.847137
0.847137
0.847137
0.847137
0.847137
0.847137
0.847137
0.847137
0.847137
0.847137
0.847137
0.847137
0.847137
0.847137
0.847137
0.847137
0.847137
0.847137
0.847137
0.847137
0.847137
0.847137
0.847137
0.847137
0.847137
0.847137
0.847137
0.847137
0.847137
0.847137
0.847137
0.847137
0.847137
0.847137
0.847137
0.847137
0.847137
0.847137
0.847137
0.847137
0.847137
0.847137
0.847137
0.847138
0.847138
0.847138
0.847138
0.847138
0.847138
0.847138
0.847138
0.847138
0.847138
0.847138
0.847138
0.847138
0.847138
0.847138
0.847138
0.847138
0.847138
0.847138
0.847138
0.847138
0.847138
0.847138
0.847138
0.847138
0.847138
0.847138
0.847138
0.847138
0.847138
0.847138
0.847138
0.847138
0.847138
0.847138
0.847138
0.847138
0.847138
0.847138
0.847138
0.847138
0.847138
0.847138
0.847138
0.847138
0.847138
0.847138
0.847138
0.847138
0.847138
0.847138
0.847138
0.847138
0.847138
0.847138
0.847138
0.847138
0.847138
0.847138
0.847138
0.847138
0.847138
0.847138
0.847138
0.847138
0.847138
0.847138
0.847138
0.847138
0.847138
0.847138
0.847138
0.847138
0.847138
0.847138
0.847138
0.847138
0.847138
0.847138
0.847138
0.847138
0.847138
0.847138
0.847138
0.847138
0.847138
0.847138
0.847138
0.847138
0.847138
0.847138
0.847138
0.847138
0.847138
0.847138
0.847138
0.847138
0.847138
0.847138
0.847138
0.847138
0.847138
0.847138
0.847138
0.847138
0.847138
0.847138
0.847139
0.847139
0.847139
0.847139
0.847139
0.847139
0.847139
0.847139
0.847139
0.847139
0.847139
0.847139
0.847139
0.847139
0.847139
0.847139
0.847139
0.847139
0.847139
0.847139
0.847139
0.847139
0.847139
0.847139
0.847139
0.847139
0.847139
0.847139
0.847139
0.847139
0.847139
0.847139
0.847139
0.847139
0.847139
0.847139
0.847139
0.847139
0.847139
0.847139
0.847139
0.847139
0.847139
0.847139
0.847139
0.847139
0.847139
0.847139
0.847139
0.847139
0.847139
0.847139
0.847139
0.847139
0.847139
0.847139
0.847139
0.847139
0.847139
0.847139
0.847139
0.847139
0.847139
0.847139
0.847139
0.847139
0.847139
0.847139
0.847139
0.847139
0.847139
0.847139
0.847139
0.847139
0.847139
0.847139
0.847139
0.847139
0.847139
0.847139
0.847139
0.847139
0.847139
0.847139
0.847139
0.847139
0.847139
0.847139
0.847139
0.847139
0.847139
0.847139
0.847139
0.847139
0.847139
