0.00199501
0.00653676
0.0119245
0.0176146
0.0233701
0.0290777
0.0346815
0.0401552
0.0454892
0.0506837
0.0557446
0.0606806
0.0655019
0.0702191
0.0748424
0.0793817
0.0838456
0.0882421
0.0925781
0.0968599
0.101093
0.105281
0.109429
0.11354
0.117617
0.121661
0.125676
0.129663
0.133623
0.137558
0.141469
0.145356
0.14922
0.153063
0.156884
0.160683
0.164462
0.168221
0.17196
0.175679
0.179379
0.183059
0.18672
0.190362
0.193986
0.19759
0.201177
0.204744
0.208294
0.211825
0.215339
0.218834
0.222312
0.225771
0.229214
0.232638
0.236045
0.239435
0.242807
0.246162
0.249501
0.252822
0.256126
0.259413
0.262683
0.265937
0.269174
0.272395
0.275599
0.278787
0.281959
0.285114
0.288253
0.291376
0.294484
0.297575
0.30065
0.30371
0.306754
0.309783
0.312796
0.315794
0.318776
0.321743
0.324695
0.327632
0.330553
0.33346
0.336352
0.339229
0.342091
0.344939
0.347772
0.35059
0.353394
0.356184
0.358959
0.361721
0.364468
0.3672
0.369919
0.372624
0.375315
0.377992
0.380656
0.383306
0.385942
0.388564
0.391174
0.393769
0.396352
0.398921
0.401477
0.40402
0.406549
0.409066
0.41157
0.414061
0.416539
0.419004
0.421457
0.423897
0.426324
0.428739
0.431141
0.433532
0.435909
0.438275
0.440629
0.44297
0.445299
0.447616
0.449922
0.452215
0.454497
0.456766
0.459024
0.461271
0.463506
0.465729
0.467941
0.470142
0.472331
0.474509
0.476675
0.478831
0.480975
0.483108
0.48523
0.487342
0.489442
0.491532
0.49361
0.495678
0.497736
0.499782
0.501818
0.503844
0.505859
0.507864
0.509858
0.511842
0.513816
0.515779
0.517733
0.519676
0.521609
0.523533
0.525446
0.527349
0.529243
0.531127
0.533001
0.534865
0.53672
0.538565
0.5404
0.542226
0.544043
0.54585
0.547648
0.549436
0.551216
0.552986
0.554747
0.556498
0.558241
0.559975
0.561699
0.563415
0.565122
0.56682
0.568509
0.570189
0.571861
0.573524
0.575178
0.576824
0.578461
0.58009
0.581711
0.583322
0.584926
0.586521
0.588108
0.589687
0.591258
0.59282
0.594374
0.59592
0.597459
0.598989
0.600511
0.602026
0.603532
0.605031
0.606522
0.608005
0.60948
0.610948
0.612408
0.613861
0.615306
0.616743
0.618173
0.619596
0.621011
0.622419
0.62382
0.625213
0.626599
0.627978
0.629349
0.630714
0.632071
0.633422
0.634765
0.636101
0.637431
0.638753
0.640069
0.641378
0.64268
0.643975
0.645263
0.646545
0.64782
0.649089
0.650351
0.651606
0.652855
0.654097
0.655333
0.656562
0.657785
0.659002
0.660212
0.661416
0.662613
0.663805
0.66499
0.666169
0.667342
0.668509
0.66967
0.670824
0.671973
0.673116
0.674252
0.675383
0.676508
0.677627
0.678741
0.679848
0.68095
0.682046
0.683136
0.68422
0.685299
0.686372
0.68744
0.688502
0.689559
0.69061
0.691655
0.692695
0.69373
0.694759
0.695783
0.696802
0.697815
0.698823
0.699826
0.700823
0.701816
0.702803
0.703785
0.704762
0.705733
0.7067
0.707662
0.708618
0.70957
0.710517
0.711458
0.712395
0.713327
0.714254
0.715176
0.716094
0.717006
0.717914
0.718817
0.719716
0.72061
0.721499
0.722383
0.723263
0.724138
0.725009
0.725875
0.726736
0.727593
0.728446
0.729294
0.730138
0.730977
0.731812
0.732642
0.733469
0.734291
0.735108
0.735921
0.73673
0.737535
0.738336
0.739132
0.739925
0.740713
0.741497
0.742277
0.743053
0.743825
0.744592
0.745356
0.746116
0.746872
0.747624
0.748371
0.749115
0.749856
0.750592
0.751324
0.752053
0.752778
0.753499
0.754216
0.754929
0.755639
0.756345
0.757047
0.757746
0.758441
0.759132
0.75982
0.760504
0.761185
0.761862
0.762535
0.763205
0.763872
0.764535
0.765194
0.76585
0.766503
0.767152
0.767798
0.76844
0.769079
0.769715
0.770347
0.770976
0.771602
0.772225
0.772844
0.77346
0.774073
0.774682
0.775289
0.775892
0.776492
0.777089
0.777683
0.778274
0.778861
0.779446
0.780027
0.780606
0.781181
0.781753
0.782323
0.782889
0.783453
0.784013
0.784571
0.785125
0.785677
0.786226
0.786772
0.787315
0.787855
0.788393
0.788927
0.789459
0.789988
0.790514
0.791038
0.791559
0.792077
0.792592
0.793105
0.793615
0.794122
0.794627
0.795129
0.795628
0.796125
0.796619
0.79711
0.797599
0.798086
0.79857
0.799051
0.79953
0.800006
0.80048
0.800951
0.80142
0.801886
0.80235
0.802812
0.803271
0.803728
0.804182
0.804634
0.805084
0.805531
0.805976
0.806418
0.806858
0.807296
0.807732
0.808165
0.808596
0.809025
0.809452
0.809876
0.810298
0.810718
0.811135
0.811551
0.811964
0.812375
0.812784
0.813191
0.813596
0.813999
0.814399
0.814797
0.815194
0.815588
0.81598
0.81637
0.816758
0.817144
0.817528
0.81791
0.81829
0.818668
0.819044
0.819418
0.81979
0.82016
0.820529
0.820895
0.821259
0.821622
0.821982
0.822341
0.822697
0.823052
0.823405
0.823756
0.824106
0.824453
0.824799
0.825143
0.825485
0.825825
0.826164
0.8265
0.826835
0.827168
0.8275
0.827829
0.828157
0.828484
0.828808
0.829131
0.829452
0.829772
0.830089
0.830405
0.83072
0.831033
0.831344
0.831653
0.831961
0.832268
0.832572
0.832875
0.833177
0.833477
0.833775
0.834072
0.834367
0.834661
0.834953
0.835244
0.835533
0.83582
0.836106
0.836391
0.836674
0.836955
0.837235
0.837514
0.837791
0.838067
0.838341
0.838614
0.838885
0.839155
0.839424
0.839691
0.839957
0.840221
0.840484
0.840746
0.841006
0.841265
0.841522
0.841778
0.842033
0.842286
0.842539
0.842789
0.843039
0.843287
0.843534
0.843779
0.844024
0.844267
0.844508
0.844749
0.844988
0.845226
0.845463
0.845698
0.845932
0.846165
0.846397
0.846628
0.846857
0.847085
0.847312
0.847538
0.847762
0.847986
0.848208
0.848429
0.848649
0.848868
0.849085
0.849302
0.849517
0.849731
0.849944
0.850156
0.850367
0.850577
0.850785
0.850993
0.851199
0.851404
0.851609
0.851812
0.852014
0.852215
0.852415
0.852614
0.852812
0.853009
0.853205
0.853399
0.853593
0.853786
0.853978
0.854169
0.854358
0.854547
0.854735
0.854922
0.855107
0.855292
0.855476
0.855659
0.855841
0.856022
0.856202
0.856381
0.856559
0.856736
0.856912
0.857088
0.857262
0.857436
0.857608
0.85778
0.857951
0.858121
0.85829
0.858458
0.858625
0.858791
0.858957
0.859121
0.859285
0.859448
0.85961
0.859771
0.859932
0.860091
0.86025
0.860408
0.860565
0.860721
0.860876
0.861031
0.861184
0.861337
0.861489
0.861641
0.861791
0.861941
0.86209
0.862238
0.862385
0.862532
0.862678
0.862823
0.862967
0.863111
0.863254
0.863396
0.863537
0.863677
0.863817
0.863956
0.864095
0.864232
0.864369
0.864505
0.864641
0.864776
0.86491
0.865043
0.865176
0.865308
0.865439
0.865569
0.865699
0.865828
0.865957
0.866085
0.866212
0.866339
0.866464
0.86659
0.866714
0.866838
0.866961
0.867084
0.867206
0.867327
0.867448
0.867568
0.867687
0.867806
0.867924
0.868041
0.868158
0.868275
0.86839
0.868505
0.86862
0.868734
0.868847
0.86896
0.869072
0.869183
0.869294
0.869404
0.869514
0.869623
0.869732
0.86984
0.869947
0.870054
0.87016
0.870266
0.870371
0.870476
0.87058
0.870684
0.870787
0.870889
0.870991
0.871093
0.871193
0.871294
0.871394
0.871493
0.871592
0.87169
0.871788
0.871885
0.871982
0.872078
0.872173
0.872269
0.872363
0.872458
0.872551
0.872644
0.872737
0.872829
0.872921
0.873012
0.873103
0.873193
0.873283
0.873373
0.873462
0.87355
0.873638
0.873725
0.873812
0.873899
0.873985
0.874071
0.874156
0.874241
0.874325
0.874409
0.874492
0.874575
0.874658
0.87474
0.874822
0.874903
0.874984
0.875064
0.875144
0.875224
0.875303
0.875382
0.87546
0.875538
0.875616
0.875693
0.87577
0.875846
0.875922
0.875997
0.876072
0.876147
0.876221
0.876295
0.876369
0.876442
0.876515
0.876587
0.876659
0.876731
0.876802
0.876873
0.876943
0.877013
0.877083
0.877153
0.877222
0.87729
0.877359
0.877427
0.877494
0.877561
0.877628
0.877695
0.877761
0.877827
0.877892
0.877957
0.878022
0.878087
0.878151
0.878215
0.878278
0.878341
0.878404
0.878466
0.878529
0.87859
0.878652
0.878713
0.878774
0.878834
0.878894
0.878954
0.879014
0.879073
0.879132
0.879191
0.879249
0.879307
0.879365
0.879422
0.879479
0.879536
0.879593
0.879649
0.879705
0.87976
0.879816
0.879871
0.879925
0.87998
0.880034
0.880088
0.880142
0.880195
0.880248
0.880301
0.880353
0.880405
0.880457
0.880509
0.88056
0.880611
0.880662
0.880713
0.880763
0.880813
0.880863
0.880913
0.880962
0.881011
0.88106
0.881108
0.881156
0.881204
0.881252
0.8813
0.881347
0.881394
0.881441
0.881487
0.881533
0.881579
0.881625
0.881671
0.881716
0.881761
0.881806
0.88185
0.881895
0.881939
0.881983
0.882026
0.88207
0.882113
0.882156
0.882199
0.882241
0.882283
0.882326
0.882367
0.882409
0.88245
0.882492
0.882533
0.882573
0.882614
0.882654
0.882694
0.882734
0.882774
0.882813
0.882853
0.882892
0.882931
0.882969
0.883008
0.883046
0.883084
0.883122
0.88316
0.883197
0.883234
0.883271
0.883308
0.883345
0.883381
0.883418
0.883454
0.88349
0.883525
0.883561
0.883596
0.883632
0.883667
0.883701
0.883736
0.88377
0.883805
0.883839
0.883873
0.883906
0.88394
0.883973
0.884006
0.884039
0.884072
0.884105
0.884137
0.88417
0.884202
0.884234
0.884266
0.884297
0.884329
0.88436
0.884391
0.884422
0.884453
0.884484
0.884514
0.884545
0.884575
0.884605
0.884635
0.884664
0.884694
0.884723
0.884753
0.884782
0.884811
0.884839
0.884868
0.884897
0.884925
0.884953
0.884981
0.885009
0.885037
0.885064
0.885092
0.885119
0.885146
0.885173
0.8852
0.885227
0.885253
0.88528
0.885306
0.885332
0.885358
0.885384
0.88541
0.885436
0.885461
0.885487
0.885512
0.885537
0.885562
0.885587
0.885611
0.885636
0.885661
0.885685
0.885709
0.885733
0.885757
0.885781
0.885805
0.885828
0.885852
0.885875
0.885898
0.885921
0.885944
0.885967
0.88599
0.886012
0.886035
0.886057
0.886079
0.886101
0.886123
0.886145
0.886167
0.886189
0.88621
0.886232
0.886253
0.886274
0.886295
0.886316
0.886337
0.886358
0.886379
0.886399
0.886419
0.88644
0.88646
0.88648
0.8865
0.88652
0.88654
0.88656
0.886579
0.886599
0.886618
0.886637
0.886657
0.886676
0.886695
0.886713
0.886732
0.886751
0.88677
0.886788
0.886806
0.886825
0.886843
0.886861
0.886879
0.886897
0.886915
0.886932
0.88695
0.886968
0.886985
0.887002
0.88702
0.887037
0.887054
0.887071
0.887088
0.887105
0.887121
0.887138
0.887155
0.887171
0.887187
0.887204
0.88722
0.887236
0.887252
0.887268
0.887284
0.8873
0.887315
0.887331
0.887347
0.887362
0.887377
0.887393
0.887408
0.887423
0.887438
0.887453
0.887468
0.887483
0.887498
0.887512
0.887527
0.887541
0.887556
0.88757
0.887584
0.887599
0.887613
0.887627
0.887641
0.887655
0.887668
0.887682
0.887696
0.88771
0.887723
0.887737
0.88775
0.887763
0.887777
0.88779
0.887803
0.887816
0.887829
0.887842
0.887855
0.887868
0.88788
0.887893
0.887905
0.887918
0.88793
0.887943
0.887955
0.887967
0.88798
0.887992
0.888004
0.888016
0.888028
0.88804
0.888051
0.888063
0.888075
0.888086
0.888098
0.88811
0.888121
0.888132
0.888144
0.888155
0.888166
0.888177
0.888188
0.888199
0.88821
0.888221
0.888232
0.888243
0.888254
0.888264
0.888275
0.888286
0.888296
0.888307
0.888317
0.888327
0.888338
0.888348
0.888358
0.888368
0.888378
0.888388
0.888398
0.888408
0.888418
0.888428
0.888438
0.888448
0.888457
0.888467
0.888476
0.888486
0.888495
0.888505
0.888514
0.888523
0.888533
0.888542
0.888551
0.88856
0.888569
0.888578
0.888587
0.888596
0.888605
0.888614
0.888623
0.888632
0.88864
0.888649
0.888658
0.888666
0.888675
0.888683
0.888691
0.8887
0.888708
0.888717
0.888725
0.888733
0.888741
0.888749
0.888757
0.888765
0.888773
0.888781
0.888789
0.888797
0.888805
0.888813
0.888821
0.888828
0.888836
0.888844
0.888851
0.888859
0.888866
0.888874
0.888881
0.888888
0.888896
0.888903
0.88891
0.888918
0.888925
0.888932
0.888939
0.888946
0.888953
0.88896
0.888967
0.888974
0.888981
0.888988
0.888995
0.889002
0.889008
0.889015
0.889022
0.889028
0.889035
0.889042
0.889048
0.889055
0.889061
0.889068
0.889074
0.88908
0.889087
0.889093
0.889099
0.889106
0.889112
0.889118
0.889124
0.88913
0.889136
0.889142
0.889148
0.889154
0.88916
0.889166
0.889172
0.889178
0.889184
0.88919
0.889195
0.889201
0.889207
0.889212
0.889218
0.889224
0.889229
0.889235
0.88924
0.889246
0.889251
0.889257
0.889262
0.889268
0.889273
0.889278
0.889284
0.889289
0.889294
0.889299
0.889305
0.88931
0.889315
0.88932
0.889325
0.88933
0.889335
0.88934
0.889345
0.88935
0.889355
0.88936
0.889365
0.88937
0.889374
0.889379
0.889384
0.889389
0.889393
0.889398
0.889403
0.889407
0.889412
0.889417
0.889421
0.889426
0.88943
0.889435
0.889439
0.889444
0.889448
0.889453
0.889457
0.889461
0.889466
0.88947
0.889474
0.889479
0.889483
0.889487
0.889491
0.889495
0.8895
0.889504
0.889508
0.889512
0.889516
0.88952
0.889524
0.889528
0.889532
0.889536
0.88954
0.889544
0.889548
0.889552
0.889556
0.889559
0.889563
0.889567
0.889571
0.889575
0.889578
0.889582
0.889586
0.88959
0.889593
0.889597
0.8896
0.889604
0.889608
0.889611
0.889615
0.889618
0.889622
0.889625
0.889629
0.889632
0.889636
0.889639
0.889643
0.889646
0.889649
0.889653
0.889656
0.889659
0.889663
0.889666
0.889669
0.889672
0.889676
0.889679
0.889682
0.889685
0.889688
0.889692
0.889695
0.889698
0.889701
0.889704
0.889707
0.88971
0.889713
0.889716
0.889719
0.889722
0.889725
0.889728
0.889731
0.889734
0.889737
0.88974
0.889743
0.889745
0.889748
0.889751
0.889754
0.889757
0.88976
0.889762
0.889765
0.889768
0.889771
0.889773
0.889776
0.889779
0.889781
0.889784
0.889787
0.889789
0.889792
0.889794
0.889797
0.8898
0.889802
0.889805
0.889807
0.88981
0.889812
0.889815
0.889817
0.88982
0.889822
0.889825
0.889827
0.889829
0.889832
0.889834
0.889837
0.889839
0.889841
0.889844
0.889846
0.889848
0.889851
0.889853
0.889855
0.889858
0.88986
0.889862
0.889864
0.889866
0.889869
0.889871
0.889873
0.889875
0.889877
0.88988
0.889882
0.889884
0.889886
0.889888
0.88989
0.889892
0.889894
0.889896
0.889898
0.8899
0.889903
0.889905
0.889907
0.889909
0.889911
0.889913
0.889914
0.889916
0.889918
0.88992
0.889922
0.889924
0.889926
0.889928
0.88993
0.889932
0.889934
0.889935
0.889937
0.889939
0.889941
0.889943
0.889945
0.889946
0.889948
0.88995
0.889952
0.889954
0.889955
0.889957
0.889959
0.88996
0.889962
0.889964
0.889966
0.889967
0.889969
0.889971
0.889972
0.889974
0.889976
0.889977
0.889979
0.88998
0.889982
0.889984
0.889985
0.889987
0.889988
0.88999
0.889992
0.889993
0.889995
0.889996
0.889998
0.889999
0.890001
0.890002
0.890004
0.890005
0.890007
0.890008
0.89001
0.890011
0.890013
0.890014
0.890015
0.890017
0.890018
0.89002
0.890021
0.890023
0.890024
0.890025
0.890027
0.890028
0.890029
0.890031
0.890032
0.890033
0.890035
0.890036
0.890037
0.890039
0.89004
0.890041
0.890043
0.890044
0.890045
0.890046
0.890048
0.890049
0.89005
0.890051
0.890053
0.890054
0.890055
0.890056
0.890058
0.890059
0.89006
0.890061
0.890062
0.890064
0.890065
0.890066
0.890067
0.890068
0.890069
0.890071
0.890072
0.890073
0.890074
0.890075
0.890076
0.890077
0.890078
0.890079
0.890081
0.890082
0.890083
0.890084
0.890085
0.890086
0.890087
0.890088
0.890089
0.89009
0.890091
0.890092
0.890093
0.890094
0.890095
0.890096
0.890097
0.890098
0.890099
0.8901
0.890101
0.890102
0.890103
0.890104
0.890105
0.890106
0.890107
0.890108
0.890109
0.89011
0.890111
0.890112
0.890113
0.890114
0.890114
0.890115
0.890116
0.890117
0.890118
0.890119
0.89012
0.890121
0.890122
0.890122
0.890123
0.890124
0.890125
0.890126
0.890127
0.890128
0.890128
0.890129
0.89013
0.890131
0.890132
0.890133
0.890133
0.890134
0.890135
0.890136
0.890137
0.890137
0.890138
0.890139
0.89014
0.89014
0.890141
0.890142
0.890143
0.890144
0.890144
0.890145
0.890146
0.890147
0.890147
0.890148
0.890149
0.890149
0.89015
0.890151
0.890152
0.890152
0.890153
0.890154
0.890154
0.890155
0.890156
0.890156
0.890157
0.890158
0.890159
0.890159
0.89016
0.890161
0.890161
0.890162
0.890163
0.890163
0.890164
0.890164
0.890165
0.890166
0.890166
0.890167
0.890168
0.890168
0.890169
0.89017
0.89017
0.890171
0.890171
0.890172
0.890173
0.890173
0.890174
0.890174
0.890175
0.890176
0.890176
0.890177
0.890177
0.890178
0.890178
0.890179
0.89018
0.89018
0.890181
0.890181
0.890182
0.890182
0.890183
0.890184
0.890184
0.890185
0.890185
0.890186
0.890186
0.890187
0.890187
0.890188
0.890188
0.890189
0.890189
0.89019
0.89019
0.890191
0.890191
0.890192
0.890192
0.890193
0.890193
0.890194
0.890194
0.890195
0.890195
0.890196
0.890196
0.890197
0.890197
0.890198
0.890198
0.890199
0.890199
0.8902
0.8902
0.8902
0.890201
0.890201
0.890202
0.890202
0.890203
0.890203
0.890204
0.890204
0.890205
0.890205
0.890205
0.890206
0.890206
0.890207
0.890207
0.890207
0.890208
0.890208
0.890209
0.890209
0.89021
0.89021
0.89021
0.890211
0.890211
0.890212
0.890212
0.890212
0.890213
0.890213
0.890214
0.890214
0.890214
0.890215
0.890215
0.890215
0.890216
0.890216
0.890217
0.890217
0.890217
0.890218
0.890218
0.890218
0.890219
0.890219
0.890219
0.89022
0.89022
0.890221
0.890221
0.890221
0.890222
0.890222
0.890222
0.890223
0.890223
0.890223
0.890224
0.890224
0.890224
0.890225
0.890225
0.890225
0.890226
0.890226
0.890226
0.890227
0.890227
0.890227
0.890228
0.890228
0.890228
0.890228
0.890229
0.890229
0.890229
0.89023
0.89023
0.89023
0.890231
0.890231
0.890231
0.890231
0.890232
0.890232
0.890232
0.890233
0.890233
0.890233
0.890233
0.890234
0.890234
0.890234
0.890235
0.890235
0.890235
0.890235
0.890236
0.890236
0.890236
0.890236
0.890237
0.890237
0.890237
0.890238
0.890238
0.890238
0.890238
0.890239
0.890239
0.890239
0.890239
0.89024
0.89024
0.89024
0.89024
0.890241
0.890241
0.890241
0.890241
0.890242
0.890242
0.890242
0.890242
0.890242
0.890243
0.890243
0.890243
0.890243
0.890244
0.890244
0.890244
0.890244
0.890245
0.890245
0.890245
0.890245
0.890245
0.890246
0.890246
0.890246
0.890246
0.890247
0.890247
0.890247
0.890247
0.890247
0.890248
0.890248
0.890248
0.890248
0.890248
0.890249
0.890249
0.890249
0.890249
0.890249
0.89025
0.89025
0.89025
0.89025
0.89025
0.890251
0.890251
0.890251
0.890251
0.890251
0.890252
0.890252
0.890252
0.890252
0.890252
0.890252
0.890253
0.890253
0.890253
0.890253
0.890253
0.890254
0.890254
0.890254
0.890254
0.890254
0.890254
0.890255
0.890255
0.890255
0.890255
0.890255
0.890255
0.890256
0.890256
0.890256
0.890256
0.890256
0.890256
0.890257
0.890257
0.890257
0.890257
0.890257
0.890257
0.890257
0.890258
0.890258
0.890258
0.890258
0.890258
0.890258
0.890259
0.890259
0.890259
0.890259
0.890259
0.890259
0.890259
0.89026
0.89026
0.89026
0.89026
0.89026
0.89026
0.89026
0.890261
0.890261
0.890261
0.890261
0.890261
0.890261
0.890261
0.890262
0.890262
0.890262
0.890262
0.890262
0.890262
0.890262
0.890262
0.890263
0.890263
0.890263
0.890263
0.890263
0.890263
0.890263
0.890263
0.890264
0.890264
0.890264
0.890264
0.890264
0.890264
0.890264
0.890264
0.890265
0.890265
0.890265
0.890265
0.890265
0.890265
0.890265
0.890265
0.890265
0.890266
0.890266
0.890266
0.890266
0.890266
0.890266
0.890266
0.890266
0.890266
0.890267
0.890267
0.890267
0.890267
0.890267
0.890267
0.890267
0.890267
0.890267
0.890268
0.890268
0.890268
0.890268
0.890268
0.890268
0.890268
0.890268
0.890268
0.890268
0.890269
0.890269
0.890269
0.890269
0.890269
0.890269
0.890269
0.890269
0.890269
0.890269
0.890269
0.89027
0.89027
0.89027
0.89027
0.89027
0.89027
0.89027
0.89027
0.89027
0.89027
0.89027
0.890271
0.890271
0.890271
0.890271
0.890271
0.890271
0.890271
0.890271
0.890271
0.890271
0.890271
0.890271
0.890272
0.890272
0.890272
0.890272
0.890272
0.890272
0.890272
0.890272
0.890272
0.890272
0.890272
0.890272
0.890273
0.890273
0.890273
0.890273
0.890273
0.890273
0.890273
0.890273
0.890273
0.890273
0.890273
0.890273
0.890273
0.890273
0.890274
0.890274
0.890274
0.890274
0.890274
0.890274
0.890274
0.890274
0.890274
0.890274
0.890274
0.890274
0.890274
0.890274
0.890275
0.890275
0.890275
0.890275
0.890275
0.890275
0.890275
0.890275
0.890275
0.890275
0.890275
0.890275
0.890275
0.890275
0.890275
0.890275
0.890276
0.890276
0.890276
0.890276
0.890276
0.890276
0.890276
0.890276
0.890276
0.890276
0.890276
0.890276
0.890276
0.890276
0.890276
0.890276
0.890276
0.890277
0.890277
0.890277
0.890277
0.890277
0.890277
0.890277
0.890277
0.890277
0.890277
0.890277
0.890277
0.890277
0.890277
0.890277
0.890277
0.890277
0.890277
0.890277
0.890278
0.890278
0.890278
0.890278
0.890278
0.890278
0.890278
0.890278
0.890278
0.890278
0.890278
0.890278
0.890278
0.890278
0.890278
0.890278
0.890278
0.890278
0.890278
0.890278
0.890278
0.890279
0.890279
0.890279
0.890279
0.890279
0.890279
0.890279
0.890279
0.890279
0.890279
0.890279
0.890279
0.890279
0.890279
0.890279
0.890279
0.890279
0.890279
0.890279
0.890279
0.890279
0.890279
0.890279
0.890279
0.89028
0.89028
0.89028
0.89028
0.89028
0.89028
0.89028
0.89028
0.89028
0.89028
0.89028
0.89028
0.89028
0.89028
0.89028
0.89028
0.89028
0.89028
0.89028
0.89028
0.89028
0.89028
0.89028
0.89028
0.89028
0.89028
0.89028
0.890281
0.890281
0.890281
0.890281
0.890281
0.890281
0.890281
0.890281
0.890281
0.890281
0.890281
0.890281
0.890281
0.890281
0.890281
0.890281
0.890281
0.890281
0.890281
0.890281
0.890281
0.890281
0.890281
0.890281
0.890281
0.890281
0.890281
0.890281
0.890281
0.890281
0.890281
0.890281
0.890282
0.890282
0.890282
0.890282
0.890282
0.890282
0.890282
0.890282
0.890282
0.890282
0.890282
0.890282
0.890282
0.890282
0.890282
0.890282
0.890282
0.890282
0.890282
0.890282
0.890282
0.890282
0.890282
0.890282
0.890282
0.890282
0.890282
0.890282
0.890282
0.890282
0.890282
0.890282
0.890282
0.890282
0.890282
0.890282
0.890282
0.890282
0.890283
0.890283
0.890283
0.890283
0.890283
0.890283
0.890283
0.890283
0.890283
0.890283
0.890283
0.890283
0.890283
0.890283
0.890283
0.890283
0.890283
0.890283
0.890283
0.890283
0.890283
0.890283
0.890283
0.890283
0.890283
0.890283
0.890283
0.890283
0.890283
0.890283
0.890283
0.890283
0.890283
0.890283
0.890283
0.890283
0.890283
0.890283
0.890283
0.890283
0.890283
0.890283
0.890283
0.890283
0.890283
0.890283
0.890283
0.890284
0.890284
0.890284
0.890284
0.890284
0.890284
0.890284
0.890284
0.890284
0.890284
0.890284
0.890284
0.890284
0.890284
0.890284
0.890284
0.890284
0.890284
0.890284
0.890284
0.890284
0.890284
0.890284
0.890284
0.890284
0.890284
0.890284
0.890284
0.890284
0.890284
0.890284
0.890284
0.890284
0.890284
0.890284
0.890284
0.890284
0.890284
0.890284
0.890284
0.890284
0.890284
0.890284
0.890284
0.890284
0.890284
0.890284
0.890284
0.890284
0.890284
0.890284
0.890284
0.890284
0.890284
0.890284
0.890284
0.890284
0.890284
0.890284
0.890284
0.890284
0.890284
0.890284
0.890284
0.890285
0.890285
0.890285
0.890285
0.890285
0.890285
0.890285
0.890285
0.890285
0.890285
0.890285
0.890285
0.890285
0.890285
0.890285
0.890285
0.890285
0.890285
0.890285
0.890285
0.890285
0.890285
0.890285
0.890285
0.890285
0.890285
0.890285
0.890285
0.890285
0.890285
0.890285
0.890285
0.890285
0.890285
0.890285
0.890285
0.890285
0.890285
0.890285
0.890285
0.890285
0.890285
0.890285
0.890285
0.890285
0.890285
0.890285
0.890285
0.890285
0.890285
0.890285
0.890285
0.890285
0.890285
0.890285
0.890285
0.890285
0.890285
0.890285
0.890285
0.890285
0.890285
0.890285
0.890285
0.890285
0.890285
0.890285
0.890285
0.890285
0.890285
0.890285
0.890285
0.890285
0.890285
0.890285
0.890285
0.890285
0.890285
0.890285
0.890285
0.890285
0.890285
0.890285
0.890285
0.890285
0.890285
0.890285
0.890285
0.890285
0.890285
0.890285
0.890285
0.890285
0.890285
0.890285
0.890285
0.890286
0.890286
0.890286
0.890286
0.890286
0.890286
0.890286
0.890286
0.890286
0.890286
0.890286
0.890286
0.890286
0.890286
0.890286
0.890286
0.890286
0.890286
0.890286
0.890286
0.890286
0.890286
0.890286
0.890286
0.890286
0.890286
0.890286
0.890286
0.890286
0.890286
0.890286
0.890286
0.890286
0.890286
0.890286
0.890286
0.890286
0.890286
0.890286
0.890286
0.890286
0.890286
0.890286
0.890286
0.890286
0.890286
0.890286
0.890286
0.890286
0.890286
0.890286
0.890286
0.890286
0.890286
0.890286
0.890286
0.890286
0.890286
0.890286
0.890286
0.890286
0.890286
0.890286
0.890286
0.890286
0.890286
0.890286
0.890286
0.890286
0.890286
0.890286
0.890286
0.890286
0.890286
0.890286
0.890286
0.890286
0.890286
0.890286
0.890286
0.890286
0.890286
0.890286
0.890286
0.890286
0.890286
0.890286
0.890286
0.890286
0.890286
0.890286
0.890286
0.890286
0.890286
0.890286
0.890286
0.890286
0.890286
0.890286
0.890286
0.890286
0.890286
0.890286
0.890286
0.890286
0.890286
0.890286
0.890286
0.890286
0.890286
0.890286
0.890286
0.890286
0.890286
0.890286
0.890286
0.890286
0.890286
0.890286
0.890286
0.890286
0.890286
0.890286
0.890286
0.890286
0.890286
0.890286
0.890286
0.890286
0.890286
0.890286
0.890286
0.890286
0.890286
0.890286
0.890286
0.890286
0.890286
0.890286
0.890286
0.890286
0.890286
0.890286
0.890286
0.890286
0.890286
0.890286
0.890286
0.890286
0.890286
0.890286
0.890286
0.890286
0.890286
0.890286
0.890286
0.890286
0.890286
0.890286
0.890286
0.890286
0.890286
0.890286
0.890286
0.890286
0.890286
0.890286
0.890286
0.890286
0.890286
0.890286
0.890286
0.890286
0.890286
0.890286
0.890286
0.890286
0.890286
0.890286
0.890286
0.890286
0.890286
0.890286
0.890286
0.890286
0.890286
0.890286
0.890286
0.890286
0.890286
0.890286
0.890286
0.890286
0.890286
0.890286
0.890286
0.890286
0.890286
0.890286
0.890286
0.890286
0.890286
0.890286
0.890286
0.890286
0.890286
0.890287
0.890287
0.890287
0.890287
0.890287
0.890287
0.890287
0.890287
0.890287
0.890287
0.890287
0.890287
0.890287
0.890287
0.890287
0.890287
0.890287
0.890287
0.890287
0.890287
0.890287
0.890287
0.890287
0.890287
0.890287
0.890287
0.890287
0.890287
0.890287
0.890287
0.890287
0.890287
0.890287
0.890287
0.890287
0.890287
0.890287
0.890287
0.890287
0.890287
0.890287
0.890287
0.890287
0.890287
0.890287
0.890287
0.890287
0.890287
0.890287
0.890287
0.890287
0.890287
0.890287
0.890287
0.890287
0.890287
0.890287
0.890287
0.890287
0.890287
0.890287
0.890287
0.890287
0.890287
0.890287
0.890287
0.890287
0.890287
0.890287
0.890287
0.890287
0.890287
0.890287
0.890287
0.890287
0.890287
0.890287
0.890287
0.890287
0.890287
0.890287
0.890287
0.890287
0.890287
0.890287
0.890287
0.890287
0.890287
0.890287
0.890287
0.890287
0.890287
0.890287
0.890287
0.890287
0.890287
0.890287
0.890287
0.890287
0.890287
0.890287
0.890287
0.890287
0.890287
0.890287
0.890287
0.890287
0.890287
0.890287
0.890287
0.890287
0.890287
0.890287
0.890287
0.890287
0.890287
0.890287
0.890287
0.890287
0.890287
0.890287
0.890287
0.890287
0.890287
0.890287
0.890287
0.890287
0.890287
0.890287
0.890287
0.890287
0.890287
0.890287
0.890287
0.890287
0.890287
0.890287
0.890287
0.890287
0.890287
0.890287
0.890287
0.890287
0.890287
0.890287
0.890287
0.890287
0.890287
0.890287
0.890287
0.890287
0.890287
0.890287
0.890287
0.890287
0.890287
0.890287
0.890287
0.890287
0.890287
0.890287
0.890287
0.890287
0.890287
0.890287
0.890287
0.890287
0.890287
0.890287
0.890287
0.890287
0.890287
0.890287
0.890287
0.890287
0.890287
0.890287
0.890287
0.890287
0.890287
0.890287
0.890287
0.890287
0.890287
0.890287
0.890287
0.890287
0.890287
0.890287
0.890287
0.890287
0.890287
0.890287
0.890287
0.890287
0.890287
0.890287
0.890287
0.890287
0.890287
0.890287
0.890287
0.890287
0.890287
0.890287
0.890287
0.890287
0.890287
0.890287
0.890287
0.890287
0.890287
0.890287
0.890287
0.890287
0.890287
0.890287
0.890287
0.890287
0.890287
0.890287
0.890287
0.890287
0.890287
0.890287
0.890287
0.890287
0.890287
0.890287
0.890287
0.890287
0.890287
0.890287
0.890287
0.890287
0.890287
0.890287
0.890287
0.890287
0.890287
0.890287
0.890287
0.890287
0.890287
0.890287
0.890287
0.890287
0.890287
0.890287
0.890287
0.890287
0.890287
0.890287
0.890287
0.890287
0.890287
0.890287
0.890287
0.890287
0.890287
0.890287
0.890287
0.890287
0.890287
0.890287
0.890287
0.890287
0.890287
0.890287
0.890287
0.890287
0.890287
0.890287
0.890287
0.890287
0.890287
0.890287
0.890287
0.890287
0.890287
0.890287
0.890287
0.890287
0.890287
0.890287
0.890287
0.890287
0.890287
0.890287
0.890287
0.890287
0.890287
0.890287
0.890287
0.890287
0.890287
0.890287
0.890287
0.890287
0.890287
0.890287
0.890287
0.890287
0.890287
0.890287
0.890287
0.890287
0.890287
0.890287
0.890287
0.890287
0.890287
0.890287
0.890287
0.890287
0.890287
0.890287
0.890287
0.890287
0.890287
0.890287
0.890287
0.890287
0.890287
0.890287
0.890287
0.890287
0.890287
0.890287
0.890287
0.890287
0.890287
0.890287
0.890287
0.890287
0.890287
0.890287
0.890287
0.890287
0.890287
0.890287
0.890287
0.890287
0.890287
0.890287
0.890287
0.890287
0.890287
0.890287
0.890287
0.890287
0.890287
0.890287
0.890287
0.890287
0.890287
0.890287
0.890287
0.890287
0.890287
0.890287
0.890287
0.890287
0.890287
0.890287
0.890287
0.890287
0.890287
0.890287
0.890287
0.890287
0.890287
0.890287
0.890287
0.890287
0.890287
0.890287
0.890287
0.890287
0.890287
0.890287
0.890287
0.890287
0.890287
0.890287
0.890287
0.890287
0.890287
0.890287
0.890287
0.890287
0.890287
0.890287
0.890287
0.890287
0.890287
0.890287
0.890287
0.890287
0.890287
0.890287
0.890287
0.890287
0.890287
0.890287
0.890287
0.890287
0.890287
0.890287
0.890287
0.890287
0.890287
0.890287
0.890287
0.890287
0.890287
0.890287
0.890287
0.890287
0.890287
0.890287
0.890287
0.890287
0.890287
0.890287
0.890287
0.890287
0.890287
0.890287
0.890287
0.890287
0.890287
0.890287
0.890287
0.890287
0.890287
0.890287
0.890287
0.890287
0.890287
0.890287
0.890287
0.890287
0.890287
0.890287
0.890287
0.890287
0.890287
0.890287
0.890287
0.890287
0.890287
0.890287
0.890287
0.890287
0.890287
0.890287
0.890287
0.890287
0.890287
0.890287
0.890287
0.890287
0.890287
0.890287
0.890287
0.890287
0.890287
0.890287
0.890287
0.890287
0.890287
0.890287
0.890287
0.890287
0.890287
0.890287
0.890287
0.890287
0.890287
0.890287
0.890287
0.890287
0.890287
0.890287
0.890287
0.890287
0.890287
0.890287
0.890287
0.890287
0.890287
0.890287
0.890287
0.890287
0.890287
0.890287
0.890287
0.890287
0.890287
0.890287
0.890287
0.890287
0.890287
0.890287
0.890287
0.890287
0.890287
0.890287
0.890287
0.890287
0.890287
0.890287
0.890287
0.890287
0.890287
0.890287
0.890287
0.890287
0.890287
0.890287
0.890287
0.890287
0.890287
0.890287
0.890287
0.890287
0.890287
0.890287
0.890287
0.890287
0.890287
0.890287
0.890287
0.890287
0.890287
0.890287
0.890287
0.890287
0.890287
0.890287
0.890287
0.890287
0.890287
0.890287
0.890287
0.890287
0.890287
0.890287
0.890287
0.890287
0.890287
0.890287
0.890287
0.890287
0.890287
0.890287
0.890287
0.890287
0.890287
0.890287
0.890287
0.890287
0.890287
0.890287
0.890287
0.890287
0.890287
0.890287
0.890287
0.890287
0.890287
0.890287
0.890287
0.890287
0.890287
0.890287
0.890287
0.890287
0.890287
0.890287
0.890287
0.890287
0.890287
0.890287
0.890287
0.890287
0.890287
0.890287
0.890287
0.890287
0.890287
0.890287
0.890287
0.890287
0.890287
0.890287
0.890287
0.890287
0.890287
0.890287
0.890287
0.890287
0.890287
0.890287
0.890287
0.890287
0.890287
0.890287
0.890287
0.890287
0.890287
0.890287
0.890287
0.890287
0.890287
0.890287
0.890287
0.890287
0.890287
0.890287
0.890287
0.890287
0.890287
0.890287
0.890287
0.890287
0.890287
0.890287
0.890287
0.890287
0.890287
0.890287
0.890287
0.890287
0.890287
0.890287
0.890287
0.890287
0.890287
0.890287
0.890287
0.890287
0.890287
0.890287
0.890287
0.890287
0.890287
0.890287
0.890287
0.890287
0.890287
0.890287
0.890287
0.890287
0.890287
0.890287
0.890287
0.890287
0.890287
0.890287
0.890287
0.890287
0.890287
0.890287
0.890287
0.890287
0.890287
0.890287
0.890287
0.890287
0.890287
0.890287
0.890287
0.890287
0.890287
0.890287
0.890287
0.890287
0.890287
0.890287
0.890287
0.890287
0.890287
0.890287
0.890287
0.890287
0.890287
0.890287
0.890287
0.890287
0.890287
0.890287
0.890287
0.890287
0.890287
0.890287
0.890287
0.890287
0.890287
0.890287
0.890287
0.890287
0.890287
0.890287
0.890287
0.890287
0.890287
0.890287
0.890287
0.890287
0.890287
0.890287
0.890287
0.890287
0.890287
0.890287
0.890287
0.890287
0.890287
0.890287
0.890287
0.890287
0.890287
0.890287
0.890287
0.890287
0.890287
0.890287
0.890287
0.890287
0.890287
0.890287
0.890287
0.890287
0.890287
0.890287
0.890287
0.890287
0.890287
0.890287
0.890287
0.890287
0.890287
0.890287
0.890287
0.890287
0.890287
0.890287
0.890287
0.890287
0.890287
0.890287
0.890287
0.890287
0.890287
0.890287
0.890287
0.890287
0.890287
0.890287
0.890287
0.890287
0.890287
0.890287
0.890287
0.890287
0.890287
0.890287
0.890287
0.890287
0.890287
0.890287
0.890287
0.890287
0.890287
0.890287
0.890287
0.890287
0.890287
0.890287
0.890287
0.890287
0.890287
0.890287
0.890287
0.890287
0.890287
0.890287
0.890287
0.890287
0.890287
0.890287
0.890287
0.890287
0.890287
0.890287
0.890287
0.890287
0.890287
0.890287
0.890287
0.890287
0.890287
0.890287
0.890287
0.890287
0.890287
0.890287
0.890287
0.890287
0.890287
0.890287
0.890287
0.890287
0.890287
0.890287
0.890287
0.890287
0.890287
0.890287
0.890287
0.890287
0.890287
0.890287
0.890287
0.890287
0.890287
0.890287
0.890287
0.890287
0.890287
0.890287
0.890287
0.890287
0.890287
0.890287
0.890287
0.890287
0.890287
0.890287
0.890287
0.890287
0.890287
0.890287
0.890287
0.890287
0.890287
0.890287
0.890287
0.890287
0.890287
0.890287
0.890287
0.890287
0.890287
0.890287
0.890287
0.890287
0.890287
0.890287
0.890287
0.890287
0.890287
0.890287
0.890287
0.890287
0.890287
0.890287
0.890287
0.890287
0.890287
0.890287
0.890287
0.890287
0.890287
0.890287
0.890287
0.890287
0.890287
0.890287
0.890287
0.890287
0.890287
0.890287
0.890287
0.890287
0.890287
0.890287
0.890287
0.890287
0.890287
0.890287
0.890287
0.890287
0.890287
0.890287
0.890287
0.890287
0.890287
0.890287
0.890287
0.890287
0.890287
0.890287
0.890287
0.890287
0.890287
0.890287
0.890287
0.890287
0.890287
0.890287
0.890287
0.890287
0.890287
0.890287
0.890287
0.890287
0.890287
0.890287
0.890287
0.890287
0.890287
0.890287
0.890287
0.890287
0.890287
0.890287
0.890287
0.890287
0.890287
0.890287
0.890287
0.890287
0.890287
0.890287
0.890287
0.890287
0.890287
0.890287
0.890287
0.890287
0.890287
0.890287
0.890287
0.890287
0.890287
0.890287
0.890287
0.890287
0.890287
0.890287
0.890287
0.890287
0.890287
0.890287
0.890287
0.890287
0.890287
0.890287
0.890287
0.890287
0.890287
0.890287
0.890287
0.890287
0.890287
0.890287
0.890287
0.890287
0.890287
0.890287
0.890287
0.890287
0.890287
0.890287
0.890287
0.890287
0.890287
0.890287
0.890287
0.890287
0.890287
0.890287
0.890287
0.890287
0.890287
0.890287
0.890287
0.890287
0.890287
0.890287
0.890287
0.890287
0.890287
0.890287
0.890287
0.890287
0.890287
0.890287
0.890287
0.890287
0.890287
0.890287
0.890287
0.890287
0.890287
0.890287
0.890287
0.890287
0.890287
0.890287
0.890287
0.890287
0.890287
0.890287
0.890287
0.890287
0.890287
0.890287
0.890287
0.890287
0.890287
0.890287
0.890287
0.890287
0.890287
0.890287
0.890287
0.890287
0.890287
0.890287
0.890287
0.890287
0.890287
0.890287
0.890287
0.890287
0.890287
0.890287
0.890287
0.890287
0.890287
0.890287
0.890287
0.890287
0.890287
0.890287
0.890287
0.890287
0.890287
0.890287
0.890287
0.890287
0.890287
0.890287
0.890287
0.890287
0.890287
0.890287
0.890287
0.890287
0.890287
0.890287
0.890287
0.890287
0.890287
0.890287
0.890287
0.890287
0.890287
0.890287
0.890287
0.890287
0.890287
0.890287
0.890287
0.890287
0.890287
0.890287
0.890287
0.890287
0.890287
0.890287
0.890287
0.890287
0.890287
0.890287
0.890287
0.890287
0.890287
0.890287
0.890287
0.890287
0.890287
0.890287
0.890287
0.890287
0.890287
0.890287
0.890287
0.890287
0.890287
0.890287
0.890287
0.890287
0.890287
0.890287
0.890287
0.890287
0.890287
0.890287
0.890287
0.890287
0.890287
0.890287
0.890287
0.890287
0.890287
0.890287
0.890287
0.890287
0.890287
0.890287
0.890287
0.890287
0.890287
0.890287
0.890287
0.890287
0.890287
0.890287
0.890287
0.890287
0.890287
0.890287
0.890287
0.890287
0.890287
0.890287
0.890287
0.890287
0.890287
0.890287
0.890287
0.890287
0.890287
0.890287
0.890287
0.890287
0.890287
0.890287
0.890287
0.890287
0.890287
0.890287
0.890287
0.890287
0.890287
0.890287
0.890287
0.890287
0.890287
0.890287
0.890287
0.890287
0.890287
0.890287
0.890287
0.890287
0.890287
0.890287
0.890287
0.890287
0.890287
0.890287
0.890287
0.890287
0.890287
0.890287
0.890287
0.890287
0.890287
0.890287
0.890287
0.890287
0.890287
0.890287
0.890287
0.890287
0.890287
0.890287
0.890287
0.890287
0.890287
0.890287
0.890287
0.890287
0.890287
0.890287
0.890287
0.890287
0.890287
0.890287
0.890287
0.890287
0.890287
0.890287
0.890287
0.890287
0.890287
0.890287
0.890287
0.890287
0.890287
0.890287
0.890287
0.890287
0.890287
0.890287
0.890287
0.890287
0.890287
0.890287
0.890287
0.890287
0.890287
0.890287
0.890287
0.890287
0.890287
0.890287
0.890287
0.890287
0.890287
0.890287
0.890287
0.890287
0.890287
0.890287
0.890287
0.890287
0.890287
0.890287
0.890287
0.890287
0.890287
0.890287
0.890287
0.890287
0.890287
0.890287
0.890287
0.890287
0.890287
0.890287
0.890287
0.890287
0.890287
0.890287
0.890287
0.890287
0.890287
0.890287
0.890287
0.890287
0.890287
0.890287
0.890287
0.890287
0.890287
0.890287
0.890287
0.890287
0.890287
0.890287
0.890287
0.890287
0.890287
0.890287
0.890287
0.890287
0.890287
0.890287
0.890287
0.890287
0.890287
0.890287
0.890287
0.890287
0.890287
0.890287
0.890287
0.890287
0.890287
0.890287
0.890287
0.890287
0.890287
0.890287
0.890287
0.890287
0.890287
0.890287
0.890287
0.890287
0.890287
0.890287
0.890287
0.890287
0.890287
0.890287
0.890287
0.890287
0.890287
0.890287
0.890287
0.890287
0.890287
0.890287
0.890287
0.890287
0.890287
0.890287
0.890287
0.890287
0.890287
0.890287
0.890287
0.890287
0.890287
0.890287
0.890287
0.890287
0.890287
0.890287
0.890287
0.890287
0.890287
0.890287
0.890287
0.890287
0.890287
0.890287
0.890287
0.890287
0.890287
0.890287
0.890287
0.890287
0.890287
0.890287
0.890287
0.890287
0.890287
0.890287
0.890287
0.890287
0.890287
0.890287
0.890287
0.890287
0.890287
0.890287
0.890287
0.890287
0.890287
0.890287
0.890287
0.890287
0.890287
0.890287
0.890287
0.890287
0.890287
0.890287
0.890287
0.890287
0.890287
0.890287
0.890287
0.890287
0.890287
0.890287
0.890287
0.890287
0.890287
0.890287
0.890287
0.890287
0.890287
0.890287
0.890287
0.890287
0.890287
0.890287
0.890287
0.890287
0.890287
0.890287
0.890287
0.890287
0.890287
0.890287
0.890287
0.890287
0.890287
0.890287
0.890287
0.890287
0.890287
0.890287
0.890287
0.890287
0.890287
0.890287
0.890287
0.890287
0.890287
0.890287
0.890287
0.890287
0.890287
0.890287
0.890287
0.890287
0.890287
0.890287
0.890287
0.890287
0.890287
0.890287
0.890287
0.890287
0.890287
0.890287
0.890287
0.890287
0.890287
0.890287
0.890287
0.890287
0.890287
0.890287
0.890287
0.890287
0.890287
0.890287
0.890287
0.890287
0.890287
0.890287
0.890287
0.890287
0.890287
0.890287
0.890287
0.890287
0.890287
0.890287
0.890287
0.890287
0.890287
0.890287
0.890287
0.890287
0.890287
0.890287
0.890287
0.890287
0.890287
0.890287
0.890287
0.890287
0.890287
0.890287
0.890287
0.890287
0.890287
0.890287
0.890287
0.890287
0.890287
0.890287
0.890287
0.890287
0.890287
0.890287
0.890287
0.890287
0.890287
0.890287
0.890287
0.890287
0.890287
0.890287
0.890287
0.890287
0.890287
0.890287
0.890287
0.890287
0.890287
0.890287
0.890287
0.890287
0.890287
0.890287
0.890287
0.890287
0.890287
0.890287
0.890287
0.890287
0.890287
0.890287
0.890287
0.890287
0.890287
0.890287
0.890287
0.890287
0.890287
0.890287
0.890287
0.890287
0.890287
0.890287
0.890287
0.890287
0.890287
0.890287
0.890287
0.890287
0.890287
0.890287
0.890287
0.890287
0.890287
0.890287
0.890287
0.890287
0.890287
0.890287
0.890287
0.890287
0.890287
0.890287
0.890287
0.890287
0.890287
0.890287
0.890287
0.890287
0.890287
0.890287
0.890287
0.890287
0.890287
0.890287
0.890287
0.890287
0.890287
0.890287
0.890287
0.890287
0.890287
0.890287
0.890287
0.890287
0.890287
0.890287
0.890287
0.890287
0.890287
0.890287
0.890287
0.890287
0.890287
0.890287
0.890287
0.890287
0.890287
0.890287
0.890287
0.890287
0.890287
0.890287
0.890287
0.890287
0.890287
0.890287
0.890287
0.890287
0.890287
0.890287
0.890287
0.890287
0.890287
0.890287
0.890287
0.890287
0.890287
0.890287
0.890287
0.890287
0.890287
0.890287
0.890287
0.890287
0.890287
0.890287
0.890287
0.890287
0.890287
0.890287
0.890287
0.890287
0.890287
0.890287
0.890287
0.890287
0.890287
0.890287
0.890287
0.890287
0.890287
0.890287
0.890287
0.890287
0.890287
0.890287
0.890287
0.890287
0.890287
0.890287
0.890287
0.890287
0.890287
0.890287
0.890287
0.890287
0.890287
0.890287
0.890287
0.890287
0.890287
0.890287
0.890287
0.890287
0.890287
0.890287
0.890287
0.890287
0.890287
0.890287
0.890287
0.890287
0.890287
0.890287
0.890287
0.890287
0.890287
0.890287
0.890287
0.890287
0.890287
0.890287
0.890287
0.890287
0.890287
0.890287
0.890287
0.890287
0.890287
0.890287
0.890287
0.890287
0.890287
0.890287
0.890287
0.890287
0.890287
0.890287
0.890287
0.890287
0.890287
0.890287
0.890287
0.890287
0.890287
0.890287
0.890287
0.890287
0.890287
0.890287
0.890287
0.890287
0.890287
0.890287
0.890287
0.890287
0.890287
0.890287
0.890287
0.890287
0.890287
0.890287
0.890287
0.890287
0.890287
0.890287
0.890287
0.890287
0.890287
0.890287
0.890287
0.890287
0.890287
0.890287
0.890287
0.890287
0.890287
0.890287
0.890287
0.890287
0.890287
0.890287
0.890287
0.890287
0.890287
0.890287
0.890287
0.890287
0.890287
0.890287
0.890287
0.890287
0.890287
0.890287
0.890287
0.890287
0.890287
0.890287
0.890287
0.890287
0.890287
0.890287
0.890287
0.890287
0.890287
0.890287
0.890287
0.890287
0.890287
0.890287
0.890287
0.890287
0.890287
0.890287
0.890287
0.890287
0.890287
0.890287
0.890287
0.890287
0.890287
0.890287
0.890287
0.890287
0.890287
0.890287
0.890287
0.890287
0.890287
0.890287
0.890287
0.890287
0.890287
0.890287
0.890287
0.890287
0.890287
0.890287
0.890287
0.890287
0.890287
0.890287
0.890287
0.890287
0.890287
0.890287
0.890287
0.890287
0.890287
0.890287
0.890287
0.890287
0.890287
0.890287
0.890287
0.890287
0.890287
0.890287
0.890287
0.890287
0.890287
0.890287
0.890287
0.890287
0.890287
0.890287
0.890287
0.890287
0.890287
0.890287
0.890287
0.890287
0.890287
0.890287
0.890287
0.890287
0.890287
0.890287
0.890287
0.890287
0.890287
0.890287
0.890287
0.890287
0.890287
0.890287
0.890287
0.890287
0.890287
0.890287
0.890287
0.890287
0.890287
0.890287
0.890287
0.890287
0.890287
0.890287
0.890287
0.890287
0.890287
0.890287
0.890287
0.890287
0.890287
0.890287
0.890287
0.890287
0.890287
0.890287
0.890287
0.890287
0.890287
0.890287
0.890287
0.890287
0.890287
0.890287
0.890287
0.890287
0.890287
0.890287
0.890287
0.890287
0.890287
0.890287
0.890287
0.890287
0.890287
0.890287
0.890287
0.890287
0.890287
0.890287
0.890287
0.890287
0.890287
0.890287
0.890287
0.890287
0.890287
0.890287
0.890287
0.890287
0.890287
0.890287
0.890287
0.890287
0.890287
0.890287
0.890287
0.890287
0.890287
0.890287
0.890287
0.890287
0.890287
0.890287
0.890287
0.890287
0.890287
0.890287
0.890287
0.890287
0.890287
0.890287
0.890287
0.890287
0.890287
0.890287
0.890287
0.890287
0.890287
0.890287
0.890287
0.890287
0.890287
0.890287
0.890287
0.890287
0.890287
0.890287
0.890287
0.890287
0.890287
0.890287
0.890287
0.890287
0.890287
0.890287
0.890287
0.890287
0.890287
0.890287
0.890287
0.890287
0.890287
0.890287
0.890287
0.890287
0.890287
0.890287
0.890287
0.890287
0.890287
0.890287
0.890287
0.890287
0.890287
0.890287
0.890287
0.890287
0.890287
0.890287
0.890287
0.890287
0.890287
0.890287
0.890287
0.890287
0.890287
0.890287
0.890287
0.890287
0.890287
0.890287
0.890287
0.890287
0.890287
0.890287
0.890287
0.890287
0.890287
0.890287
0.890287
0.890287
0.890287
0.890287
0.890287
0.890287
0.890287
0.890287
0.890287
0.890287
0.890287
0.890287
0.890287
0.890287
0.890287
0.890287
0.890287
0.890287
0.890287
0.890287
0.890287
0.890287
0.890287
0.890287
0.890287
0.890287
0.890287
0.890287
0.890287
0.890287
0.890287
0.890287
0.890287
0.890287
0.890287
0.890287
0.890287
0.890287
0.890287
0.890287
0.890287
0.890287
0.890287
0.890287
0.890287
0.890287
0.890287
0.890287
0.890287
0.890287
0.890287
0.890287
0.890287
0.890287
0.890287
0.890287
0.890287
0.890287
0.890287
0.890287
0.890287
0.890287
0.890287
0.890287
0.890287
0.890287
0.890287
0.890287
0.890287
0.890287
0.890287
0.890287
0.890287
0.890287
0.890287
0.890287
0.890287
0.890287
0.890287
0.890287
0.890287
0.890287
0.890287
0.890287
0.890287
0.890287
0.890287
0.890287
0.890287
0.890287
0.890287
0.890287
0.890287
0.890287
0.890287
0.890287
0.890287
0.890287
0.890287
0.890287
0.890287
0.890287
0.890287
0.890287
0.890287
0.890287
0.890287
0.890287
0.890287
0.890287
0.890287
0.890287
0.890287
0.890287
0.890287
0.890287
0.890287
0.890287
0.890287
0.890287
0.890287
0.890287
0.890287
0.890287
0.890287
0.890287
0.890287
0.890287
0.890287
0.890287
0.890287
0.890287
0.890287
0.890287
0.890287
0.890287
0.890287
0.890287
0.890287
0.890287
0.890287
0.890287
0.890287
0.890287
0.890287
0.890287
0.890287
0.890287
0.890287
0.890287
0.890287
0.890287
0.890287
0.890287
0.890287
0.890287
0.890287
0.890287
0.890287
0.890287
0.890287
0.890287
0.890287
0.890287
0.890287
0.890287
0.890287
0.890287
0.890287
0.890287
0.890287
0.890287
0.890287
0.890287
0.890287
0.890287
0.890287
0.890287
0.890287
0.890287
0.890287
0.890287
0.890287
0.890287
0.890287
0.890287
0.890287
0.890287
0.890287
0.890287
0.890287
0.890287
0.890287
0.890287
0.890287
0.890287
0.890287
0.890287
0.890287
0.890287
0.890287
0.890287
0.890287
0.890287
0.890287
0.890287
0.890287
0.890287
0.890287
0.890287
0.890287
0.890287
0.890287
0.890287
0.890287
0.890287
0.890287
0.890287
0.890287
0.890287
0.890287
0.890287
0.890287
0.890287
0.890287
0.890287
0.890287
0.890287
0.890287
0.890287
0.890287
0.890287
0.890287
0.890287
0.890287
0.890287
0.890287
0.890287
0.890287
0.890287
0.890287
0.890287
0.890287
0.890287
0.890287
0.890287
0.890287
0.890287
0.890287
0.890287
0.890287
0.890287
0.890287
0.890287
0.890287
0.890287
0.890287
0.890287
0.890287
0.890287
0.890287
0.890287
0.890287
0.890287
0.890287
0.890287
0.890287
0.890287
0.890287
0.890287
0.890287
0.890287
0.890287
0.890287
0.890287
0.890287
0.890287
0.890287
0.890287
0.890287
0.890287
0.890287
0.890287
0.890287
0.890287
0.890287
0.890287
0.890287
0.890287
0.890287
0.890287
0.890287
