0.5
0.503567
0.508167
0.513103
0.51802
0.522751
0.52723
0.531445
0.535409
0.539147
0.542686
0.546053
0.549271
0.552362
0.555342
0.558226
0.561028
0.563755
0.566418
0.569023
0.571576
0.574083
0.576547
0.578972
0.581362
0.583719
0.586045
0.588343
0.590615
0.592862
0.595086
0.597288
0.599468
0.601629
0.603771
0.605895
0.608001
0.610091
0.612164
0.614222
0.616264
0.618292
0.620305
0.622304
0.624289
0.626261
0.62822
0.630166
0.6321
0.63402
0.635929
0.637825
0.639709
0.641582
0.643443
0.645292
0.64713
0.648957
0.650772
0.652576
0.654369
0.656152
0.657923
0.659684
0.661434
0.663173
0.664902
0.66662
0.668328
0.670026
0.671714
0.673391
0.675058
0.676715
0.678362
0.679999
0.681626
0.683244
0.684851
0.686449
0.688037
0.689615
0.691184
0.692744
0.694293
0.695834
0.697365
0.698887
0.700399
0.701902
0.703396
0.704881
0.706357
0.707824
0.709282
0.710731
0.712171
0.713602
0.715024
0.716438
0.717843
0.719239
0.720627
0.722006
0.723377
0.724739
0.726093
0.727438
0.728775
0.730104
0.731425
0.732737
0.734042
0.735338
0.736626
0.737906
0.739179
0.740443
0.741699
0.742948
0.744189
0.745422
0.746648
0.747866
0.749076
0.750279
0.751474
0.752662
0.753842
0.755015
0.756181
0.757339
0.758491
0.759635
0.760771
0.761901
0.763024
0.764139
0.765248
0.76635
0.767445
0.768533
0.769614
0.770688
0.771756
0.772817
0.773871
0.774919
0.77596
0.776994
0.778022
0.779044
0.780059
0.781068
0.78207
0.783066
0.784056
0.78504
0.786017
0.786989
0.787954
0.788913
0.789866
0.790813
0.791755
0.79269
0.793619
0.794543
0.79546
0.796372
0.797279
0.798179
0.799074
0.799963
0.800847
0.801725
0.802597
0.803464
0.804325
0.805182
0.806032
0.806877
0.807717
0.808552
0.809382
0.810206
0.811025
0.811839
0.812647
0.813451
0.814249
0.815043
0.815831
0.816615
0.817393
0.818167
0.818936
0.8197
0.820459
0.821213
0.821962
0.822707
0.823447
0.824183
0.824914
0.82564
0.826361
0.827078
0.827791
0.828499
0.829202
0.829901
0.830596
0.831286
0.831972
0.832654
0.833331
0.834004
0.834673
0.835337
0.835998
0.836654
0.837306
0.837954
0.838598
0.839237
0.839873
0.840505
0.841132
0.841756
0.842376
0.842992
0.843604
0.844212
0.844816
0.845416
0.846013
0.846606
0.847195
0.84778
0.848362
0.84894
0.849515
0.850085
0.850652
0.851216
0.851776
0.852332
0.852885
0.853435
0.853981
0.854523
0.855062
0.855598
0.85613
0.856659
0.857185
0.857707
0.858226
0.858742
0.859254
0.859763
0.860269
0.860772
0.861272
0.861768
0.862261
0.862752
0.863239
0.863723
0.864204
0.864681
0.865156
0.865628
0.866097
0.866563
0.867026
0.867486
0.867943
0.868397
0.868849
0.869297
0.869743
0.870186
0.870626
0.871063
0.871498
0.871929
0.872358
0.872785
0.873208
0.873629
0.874048
0.874463
0.874876
0.875287
0.875695
0.8761
0.876503
0.876903
0.8773
0.877695
0.878088
0.878478
0.878866
0.879251
0.879634
0.880014
0.880392
0.880767
0.881141
0.881511
0.88188
0.882246
0.88261
0.882971
0.883331
0.883687
0.884042
0.884395
0.884745
0.885093
0.885439
0.885782
0.886124
0.886463
0.8868
0.887135
0.887468
0.887799
0.888128
0.888454
0.888779
0.889101
0.889422
0.88974
0.890057
0.890371
0.890684
0.890994
0.891302
0.891609
0.891914
0.892216
0.892517
0.892816
0.893113
0.893408
0.893701
0.893993
0.894282
0.89457
0.894856
0.89514
0.895422
0.895703
0.895981
0.896258
0.896534
0.896807
0.897079
0.897349
0.897617
0.897884
0.898149
0.898412
0.898674
0.898933
0.899192
0.899448
0.899703
0.899957
0.900209
0.900459
0.900708
0.900955
0.9012
0.901444
0.901687
0.901927
0.902167
0.902405
0.902641
0.902876
0.903109
0.903341
0.903572
0.903801
0.904028
0.904254
0.904479
0.904702
0.904924
0.905144
0.905363
0.905581
0.905797
0.906012
0.906226
0.906438
0.906649
0.906858
0.907066
0.907273
0.907479
0.907683
0.907886
0.908088
0.908288
0.908487
0.908685
0.908882
0.909077
0.909271
0.909464
0.909656
0.909846
0.910036
0.910224
0.910411
0.910596
0.910781
0.910964
0.911147
0.911328
0.911508
0.911686
0.911864
0.912041
0.912216
0.91239
0.912564
0.912736
0.912907
0.913077
0.913245
0.913413
0.91358
0.913746
0.91391
0.914074
0.914236
0.914398
0.914558
0.914718
0.914876
0.915034
0.91519
0.915346
0.9155
0.915654
0.915807
0.915958
0.916109
0.916259
0.916407
0.916555
0.916702
0.916848
0.916993
0.917137
0.91728
0.917422
0.917564
0.917704
0.917844
0.917983
0.91812
0.918257
0.918394
0.918529
0.918663
0.918797
0.918929
0.919061
0.919192
0.919323
0.919452
0.91958
0.919708
0.919835
0.919961
0.920087
0.920211
0.920335
0.920458
0.92058
0.920701
0.920822
0.920942
0.921061
0.921179
0.921297
0.921414
0.92153
0.921646
0.92176
0.921874
0.921987
0.9221
0.922212
0.922323
0.922433
0.922543
0.922652
0.92276
0.922868
0.922975
0.923081
0.923187
0.923292
0.923396
0.9235
0.923602
0.923705
0.923806
0.923907
0.924008
0.924108
0.924207
0.924305
0.924403
0.9245
0.924597
0.924693
0.924788
0.924883
0.924977
0.925071
0.925164
0.925256
0.925348
0.92544
0.92553
0.92562
0.92571
0.925799
0.925887
0.925975
0.926062
0.926149
0.926235
0.926321
0.926406
0.926491
0.926575
0.926658
0.926741
0.926824
0.926906
0.926987
0.927068
0.927148
0.927228
0.927308
0.927387
0.927465
0.927543
0.92762
0.927697
0.927774
0.927849
0.927925
0.928
0.928074
0.928148
0.928222
0.928295
0.928368
0.92844
0.928512
0.928583
0.928654
0.928724
0.928794
0.928863
0.928932
0.929001
0.929069
0.929137
0.929204
0.929271
0.929338
0.929404
0.929469
0.929535
0.929599
0.929664
0.929728
0.929791
0.929854
0.929917
0.92998
0.930042
0.930103
0.930164
0.930225
0.930286
0.930346
0.930405
0.930465
0.930523
0.930582
0.93064
0.930698
0.930755
0.930813
0.930869
0.930926
0.930982
0.931037
0.931093
0.931147
0.931202
0.931256
0.93131
0.931364
0.931417
0.93147
0.931522
0.931575
0.931627
0.931678
0.931729
0.93178
0.931831
0.931881
0.931931
0.931981
0.93203
0.932079
0.932128
0.932176
0.932224
0.932272
0.93232
0.932367
0.932414
0.93246
0.932507
0.932553
0.932598
0.932644
0.932689
0.932734
0.932778
0.932823
0.932867
0.93291
0.932954
0.932997
0.93304
0.933082
0.933125
0.933167
0.933209
0.93325
0.933292
0.933333
0.933373
0.933414
0.933454
0.933494
0.933534
0.933573
0.933613
0.933652
0.93369
0.933729
0.933767
0.933805
0.933843
0.933881
0.933918
0.933955
0.933992
0.934028
0.934065
0.934101
0.934137
0.934173
0.934208
0.934243
0.934278
0.934313
0.934348
0.934382
0.934416
0.93445
0.934484
0.934517
0.934551
0.934584
0.934617
0.934649
0.934682
0.934714
0.934746
0.934778
0.934809
0.934841
0.934872
0.934903
0.934934
0.934965
0.934995
0.935025
0.935056
0.935085
0.935115
0.935145
0.935174
0.935203
0.935232
0.935261
0.935289
0.935318
0.935346
0.935374
0.935402
0.93543
0.935457
0.935484
0.935512
0.935539
0.935565
0.935592
0.935619
0.935645
0.935671
0.935697
0.935723
0.935749
0.935774
0.935799
0.935825
0.93585
0.935874
0.935899
0.935924
0.935948
0.935972
0.935996
0.93602
0.936044
0.936068
0.936091
0.936115
0.936138
0.936161
0.936184
0.936207
0.936229
0.936252
0.936274
0.936296
0.936318
0.93634
0.936362
0.936383
0.936405
0.936426
0.936447
0.936469
0.936489
0.93651
0.936531
0.936552
0.936572
0.936592
0.936612
0.936632
0.936652
0.936672
0.936692
0.936711
0.936731
0.93675
0.936769
0.936788
0.936807
0.936826
0.936845
0.936863
0.936882
0.9369
0.936918
0.936936
0.936954
0.936972
0.93699
0.937008
0.937025
0.937043
0.93706
0.937077
0.937094
0.937111
0.937128
0.937145
0.937162
0.937178
0.937195
0.937211
0.937227
0.937243
0.937259
0.937275
0.937291
0.937307
0.937323
0.937338
0.937354
0.937369
0.937384
0.937399
0.937414
0.937429
0.937444
0.937459
0.937474
0.937488
0.937503
0.937517
0.937532
0.937546
0.93756
0.937574
0.937588
0.937602
0.937616
0.937629
0.937643
0.937656
0.93767
0.937683
0.937697
0.93771
0.937723
0.937736
0.937749
0.937762
0.937774
0.937787
0.9378
0.937812
0.937825
0.937837
0.937849
0.937862
0.937874
0.937886
0.937898
0.93791
0.937922
0.937933
0.937945
0.937957
0.937968
0.93798
0.937991
0.938002
0.938014
0.938025
0.938036
0.938047
0.938058
0.938069
0.93808
0.93809
0.938101
0.938112
0.938122
0.938133
0.938143
0.938153
0.938164
0.938174
0.938184
0.938194
0.938204
0.938214
0.938224
0.938234
0.938244
0.938254
0.938263
0.938273
0.938282
0.938292
0.938301
0.938311
0.93832
0.938329
0.938338
0.938347
0.938357
0.938366
0.938375
0.938383
0.938392
0.938401
0.93841
0.938418
0.938427
0.938436
0.938444
0.938453
0.938461
0.938469
0.938478
0.938486
0.938494
0.938502
0.93851
0.938518
0.938526
0.938534
0.938542
0.93855
0.938558
0.938566
0.938573
0.938581
0.938588
0.938596
0.938603
0.938611
0.938618
0.938626
0.938633
0.93864
0.938647
0.938655
0.938662
0.938669
0.938676
0.938683
0.93869
0.938697
0.938704
0.93871
0.938717
0.938724
0.938731
0.938737
0.938744
0.93875
0.938757
0.938763
0.93877
0.938776
0.938783
0.938789
0.938795
0.938801
0.938808
0.938814
0.93882
0.938826
0.938832
0.938838
0.938844
0.93885
0.938856
0.938862
0.938867
0.938873
0.938879
0.938885
0.93889
0.938896
0.938902
0.938907
0.938913
0.938918
0.938924
0.938929
0.938934
0.93894
0.938945
0.93895
0.938956
0.938961
0.938966
0.938971
0.938976
0.938981
0.938987
0.938992
0.938997
0.939002
0.939006
0.939011
0.939016
0.939021
0.939026
0.939031
0.939035
0.93904
0.939045
0.939049
0.939054
0.939059
0.939063
0.939068
0.939072
0.939077
0.939081
0.939086
0.93909
0.939094
0.939099
0.939103
0.939107
0.939112
0.939116
0.93912
0.939124
0.939128
0.939133
0.939137
0.939141
0.939145
0.939149
0.939153
0.939157
0.939161
0.939165
0.939169
0.939172
0.939176
0.93918
0.939184
0.939188
0.939192
0.939195
0.939199
0.939203
0.939206
0.93921
0.939214
0.939217
0.939221
0.939224
0.939228
0.939231
0.939235
0.939238
0.939242
0.939245
0.939248
0.939252
0.939255
0.939259
0.939262
0.939265
0.939268
0.939272
0.939275
0.939278
0.939281
0.939284
0.939288
0.939291
0.939294
0.939297
0.9393
0.939303
0.939306
0.939309
0.939312
0.939315
0.939318
0.939321
0.939324
0.939327
0.93933
0.939332
0.939335
0.939338
0.939341
0.939344
0.939346
0.939349
0.939352
0.939355
0.939357
0.93936
0.939363
0.939365
0.939368
0.939371
0.939373
0.939376
0.939378
0.939381
0.939383
0.939386
0.939388
0.939391
0.939393
0.939396
0.939398
0.939401
0.939403
0.939405
0.939408
0.93941
0.939413
0.939415
0.939417
0.93942
0.939422
0.939424
0.939426
0.939429
0.939431
0.939433
0.939435
0.939437
0.93944
0.939442
0.939444
0.939446
0.939448
0.93945
0.939452
0.939454
0.939457
0.939459
0.939461
0.939463
0.939465
0.939467
0.939469
0.939471
0.939473
0.939475
0.939477
0.939478
0.93948
0.939482
0.939484
0.939486
0.939488
0.93949
0.939492
0.939493
0.939495
0.939497
0.939499
0.939501
0.939502
0.939504
0.939506
0.939508
0.939509
0.939511
0.939513
0.939515
0.939516
0.939518
0.93952
0.939521
0.939523
0.939525
0.939526
0.939528
0.939529
0.939531
0.939533
0.939534
0.939536
0.939537
0.939539
0.93954
0.939542
0.939543
0.939545
0.939546
0.939548
0.939549
0.939551
0.939552
0.939554
0.939555
0.939557
0.939558
0.939559
0.939561
0.939562
0.939564
0.939565
0.939566
0.939568
0.939569
0.93957
0.939572
0.939573
0.939574
0.939576
0.939577
0.939578
0.93958
0.939581
0.939582
0.939583
0.939585
0.939586
0.939587
0.939588
0.93959
0.939591
0.939592
0.939593
0.939594
0.939596
0.939597
0.939598
0.939599
0.9396
0.939601
0.939603
0.939604
0.939605
0.939606
0.939607
0.939608
0.939609
0.93961
0.939611
0.939612
0.939614
0.939615
0.939616
0.939617
0.939618
0.939619
0.93962
0.939621
0.939622
0.939623
0.939624
0.939625
0.939626
0.939627
0.939628
0.939629
0.93963
0.939631
0.939632
0.939633
0.939634
0.939634
0.939635
0.939636
0.939637
0.939638
0.939639
0.93964
0.939641
0.939642
0.939643
0.939644
0.939644
0.939645
0.939646
0.939647
0.939648
0.939649
0.93965
0.93965
0.939651
0.939652
0.939653
0.939654
0.939654
0.939655
0.939656
0.939657
0.939658
0.939658
0.939659
0.93966
0.939661
0.939661
0.939662
0.939663
0.939664
0.939664
0.939665
0.939666
0.939667
0.939667
0.939668
0.939669
0.93967
0.93967
0.939671
0.939672
0.939672
0.939673
0.939674
0.939674
0.939675
0.939676
0.939676
0.939677
0.939678
0.939678
0.939679
0.93968
0.93968
0.939681
0.939682
0.939682
0.939683
0.939684
0.939684
0.939685
0.939685
0.939686
0.939687
0.939687
0.939688
0.939688
0.939689
0.93969
0.93969
0.939691
0.939691
0.939692
0.939692
0.939693
0.939694
0.939694
0.939695
0.939695
0.939696
0.939696
0.939697
0.939697
0.939698
0.939698
0.939699
0.939699
0.9397
0.939701
0.939701
0.939702
0.939702
0.939703
0.939703
0.939704
0.939704
0.939705
0.939705
0.939706
0.939706
0.939706
0.939707
0.939707
0.939708
0.939708
0.939709
0.939709
0.93971
0.93971
0.939711
0.939711
0.939712
0.939712
0.939712
0.939713
0.939713
0.939714
0.939714
0.939715
0.939715
0.939715
0.939716
0.939716
0.939717
0.939717
0.939717
0.939718
0.939718
0.939719
0.939719
0.939719
0.93972
0.93972
0.939721
0.939721
0.939721
0.939722
0.939722
0.939723
0.939723
0.939723
0.939724
0.939724
0.939724
0.939725
0.939725
0.939725
0.939726
0.939726
0.939727
0.939727
0.939727
0.939728
0.939728
0.939728
0.939729
0.939729
0.939729
0.93973
0.93973
0.93973
0.939731
0.939731
0.939731
0.939732
0.939732
0.939732
0.939732
0.939733
0.939733
0.939733
0.939734
0.939734
0.939734
0.939735
0.939735
0.939735
0.939735
0.939736
0.939736
0.939736
0.939737
0.939737
0.939737
0.939737
0.939738
0.939738
0.939738
0.939739
0.939739
0.939739
0.939739
0.93974
0.93974
0.93974
0.93974
0.939741
0.939741
0.939741
0.939741
0.939742
0.939742
0.939742
0.939742
0.939743
0.939743
0.939743
0.939743
0.939744
0.939744
0.939744
0.939744
0.939745
0.939745
0.939745
0.939745
0.939746
0.939746
0.939746
0.939746
0.939746
0.939747
0.939747
0.939747
0.939747
0.939748
0.939748
0.939748
0.939748
0.939748
0.939749
0.939749
0.939749
0.939749
0.939749
0.93975
0.93975
0.93975
0.93975
0.93975
0.939751
0.939751
0.939751
0.939751
0.939751
0.939752
0.939752
0.939752
0.939752
0.939752
0.939753
0.939753
0.939753
0.939753
0.939753
0.939753
0.939754
0.939754
0.939754
0.939754
0.939754
0.939755
0.939755
0.939755
0.939755
0.939755
0.939755
0.939756
0.939756
0.939756
0.939756
0.939756
0.939756
0.939756
0.939757
0.939757
0.939757
0.939757
0.939757
0.939757
0.939758
0.939758
0.939758
0.939758
0.939758
0.939758
0.939758
0.939759
0.939759
0.939759
0.939759
0.939759
0.939759
0.939759
0.93976
0.93976
0.93976
0.93976
0.93976
0.93976
0.93976
0.939761
0.939761
0.939761
0.939761
0.939761
0.939761
0.939761
0.939761
0.939762
0.939762
0.939762
0.939762
0.939762
0.939762
0.939762
0.939762
0.939763
0.939763
0.939763
0.939763
0.939763
0.939763
0.939763
0.939763
0.939764
0.939764
0.939764
0.939764
0.939764
0.939764
0.939764
0.939764
0.939764
0.939765
0.939765
0.939765
0.939765
0.939765
0.939765
0.939765
0.939765
0.939765
0.939765
0.939766
0.939766
0.939766
0.939766
0.939766
0.939766
0.939766
0.939766
0.939766
0.939766
0.939767
0.939767
0.939767
0.939767
0.939767
0.939767
0.939767
0.939767
0.939767
0.939767
0.939767
0.939768
0.939768
0.939768
0.939768
0.939768
0.939768
0.939768
0.939768
0.939768
0.939768
0.939768
0.939769
0.939769
0.939769
0.939769
0.939769
0.939769
0.939769
0.939769
0.939769
0.939769
0.939769
0.939769
0.939769
0.93977
0.93977
0.93977
0.93977
0.93977
0.93977
0.93977
0.93977
0.93977
0.93977
0.93977
0.93977
0.93977
0.93977
0.939771
0.939771
0.939771
0.939771
0.939771
0.939771
0.939771
0.939771
0.939771
0.939771
0.939771
0.939771
0.939771
0.939771
0.939772
0.939772
0.939772
0.939772
0.939772
0.939772
0.939772
0.939772
0.939772
0.939772
0.939772
0.939772
0.939772
0.939772
0.939772
0.939772
0.939772
0.939773
0.939773
0.939773
0.939773
0.939773
0.939773
0.939773
0.939773
0.939773
0.939773
0.939773
0.939773
0.939773
0.939773
0.939773
0.939773
0.939773
0.939773
0.939774
0.939774
0.939774
0.939774
0.939774
0.939774
0.939774
0.939774
0.939774
0.939774
0.939774
0.939774
0.939774
0.939774
0.939774
0.939774
0.939774
0.939774
0.939774
0.939774
0.939774
0.939775
0.939775
0.939775
0.939775
0.939775
0.939775
0.939775
0.939775
0.939775
0.939775
0.939775
0.939775
0.939775
0.939775
0.939775
0.939775
0.939775
0.939775
0.939775
0.939775
0.939775
0.939775
0.939775
0.939775
0.939776
0.939776
0.939776
0.939776
0.939776
0.939776
0.939776
0.939776
0.939776
0.939776
0.939776
0.939776
0.939776
0.939776
0.939776
0.939776
0.939776
0.939776
0.939776
0.939776
0.939776
0.939776
0.939776
0.939776
0.939776
0.939776
0.939776
0.939776
0.939776
0.939777
0.939777
0.939777
0.939777
0.939777
0.939777
0.939777
0.939777
0.939777
0.939777
0.939777
0.939777
0.939777
0.939777
0.939777
0.939777
0.939777
0.939777
0.939777
0.939777
0.939777
0.939777
0.939777
0.939777
0.939777
0.939777
0.939777
0.939777
0.939777
0.939777
0.939777
0.939777
0.939777
0.939777
0.939777
0.939778
0.939778
0.939778
0.939778
0.939778
0.939778
0.939778
0.939778
0.939778
0.939778
0.939778
0.939778
0.939778
0.939778
0.939778
0.939778
0.939778
0.939778
0.939778
0.939778
0.939778
0.939778
0.939778
0.939778
0.939778
0.939778
0.939778
0.939778
0.939778
0.939778
0.939778
0.939778
0.939778
0.939778
0.939778
0.939778
0.939778
0.939778
0.939778
0.939778
0.939778
0.939778
0.939778
0.939778
0.939779
0.939779
0.939779
0.939779
0.939779
0.939779
0.939779
0.939779
0.939779
0.939779
0.939779
0.939779
0.939779
0.939779
0.939779
0.939779
0.939779
0.939779
0.939779
0.939779
0.939779
0.939779
0.939779
0.939779
0.939779
0.939779
0.939779
0.939779
0.939779
0.939779
0.939779
0.939779
0.939779
0.939779
0.939779
0.939779
0.939779
0.939779
0.939779
0.939779
0.939779
0.939779
0.939779
0.939779
0.939779
0.939779
0.939779
0.939779
0.939779
0.939779
0.939779
0.939779
0.939779
0.939779
0.939779
0.939779
0.939779
0.939779
0.939779
0.939779
0.939779
0.939779
0.939779
0.93978
0.93978
0.93978
0.93978
0.93978
0.93978
0.93978
0.93978
0.93978
0.93978
0.93978
0.93978
0.93978
0.93978
0.93978
0.93978
0.93978
0.93978
0.93978
0.93978
0.93978
0.93978
0.93978
0.93978
0.93978
0.93978
0.93978
0.93978
0.93978
0.93978
0.93978
0.93978
0.93978
0.93978
0.93978
0.93978
0.93978
0.93978
0.93978
0.93978
0.93978
0.93978
0.93978
0.93978
0.93978
0.93978
0.93978
0.93978
0.93978
0.93978
0.93978
0.93978
0.93978
0.93978
0.93978
0.93978
0.93978
0.93978
0.93978
0.93978
0.93978
0.93978
0.93978
0.93978
0.93978
0.93978
0.93978
0.93978
0.93978
0.93978
0.93978
0.93978
0.93978
0.93978
0.93978
0.93978
0.93978
0.93978
0.93978
0.93978
0.93978
0.93978
0.93978
0.93978
0.93978
0.93978
0.93978
0.93978
0.93978
0.93978
0.93978
0.93978
0.93978
0.93978
0.93978
0.93978
0.93978
0.93978
0.93978
0.93978
0.93978
0.93978
0.93978
0.93978
0.93978
0.939781
0.939781
0.939781
0.939781
0.939781
0.939781
0.939781
0.939781
0.939781
0.939781
0.939781
0.939781
0.939781
0.939781
0.939781
0.939781
0.939781
0.939781
0.939781
0.939781
0.939781
0.939781
0.939781
0.939781
0.939781
0.939781
0.939781
0.939781
0.939781
0.939781
0.939781
0.939781
0.939781
0.939781
0.939781
0.939781
0.939781
0.939781
0.939781
0.939781
0.939781
0.939781
0.939781
0.939781
0.939781
0.939781
0.939781
0.939781
0.939781
0.939781
0.939781
0.939781
0.939781
0.939781
0.939781
0.939781
0.939781
0.939781
0.939781
0.939781
0.939781
0.939781
0.939781
0.939781
0.939781
0.939781
0.939781
0.939781
0.939781
0.939781
0.939781
0.939781
0.939781
0.939781
0.939781
0.939781
0.939781
0.939781
0.939781
0.939781
0.939781
0.939781
0.939781
0.939781
0.939781
0.939781
0.939781
0.939781
0.939781
0.939781
0.939781
0.939781
0.939781
0.939781
0.939781
0.939781
0.939781
0.939781
0.939781
0.939781
0.939781
0.939781
0.939781
0.939781
0.939781
0.939781
0.939781
0.939781
0.939781
0.939781
0.939781
0.939781
0.939781
0.939781
0.939781
0.939781
0.939781
0.939781
0.939781
0.939781
0.939781
0.939781
0.939781
0.939781
0.939781
0.939781
0.939781
0.939781
0.939781
0.939781
0.939781
0.939781
0.939781
0.939781
0.939781
0.939781
0.939781
0.939781
0.939781
0.939781
0.939781
0.939781
0.939781
0.939781
0.939781
0.939781
0.939781
0.939781
0.939781
0.939781
0.939781
0.939781
0.939781
0.939781
0.939781
0.939781
0.939781
0.939781
0.939781
0.939781
0.939781
0.939781
0.939781
0.939781
0.939781
0.939781
0.939781
0.939781
0.939781
0.939781
0.939781
0.939781
0.939781
0.939781
0.939781
0.939781
0.939781
0.939781
0.939781
0.939781
0.939781
0.939781
0.939781
0.939781
0.939781
0.939781
0.939781
0.939781
0.939781
0.939781
0.939781
0.939781
0.939781
0.939781
0.939781
0.939781
0.939781
0.939781
0.939781
0.939781
0.939781
0.939781
0.939781
0.939781
0.939781
0.939781
0.939781
0.939781
0.939781
0.939781
0.939781
0.939781
0.939781
0.939781
0.939781
0.939781
0.939781
0.939781
0.939781
0.939781
0.939781
0.939781
0.939781
0.939781
0.939781
0.939781
0.939781
0.939781
0.939781
0.939781
0.939781
0.939781
0.939781
0.939781
0.939781
0.939781
0.939781
0.939781
0.939781
0.939781
0.939781
0.939781
0.939781
0.939781
0.939781
0.939781
0.939781
0.939781
0.939781
0.939781
0.939781
0.939781
0.939781
0.939781
0.939781
0.939781
0.939781
0.939781
0.939781
0.939781
0.939781
0.939781
0.939781
0.939781
0.939781
0.939781
0.939781
0.939781
0.939781
0.939781
0.939781
0.939781
0.939781
0.939781
0.939781
0.939781
0.939781
0.939781
0.939781
0.939781
0.939781
0.939781
0.939781
0.939781
0.939781
0.939781
0.939781
0.939781
0.939781
0.939781
0.939781
0.939781
0.939781
0.939781
0.939781
0.939781
0.939781
0.939781
0.939781
0.939781
0.939781
0.939781
0.939781
0.939781
0.939781
0.939781
0.939781
0.939781
0.939781
0.939781
0.939781
0.939781
0.939781
0.939781
0.939781
0.939781
0.939781
0.939781
0.939781
0.939781
0.939781
0.939781
0.939781
0.939781
0.939781
0.939781
0.939781
0.939781
0.939781
0.939781
0.939781
0.939781
0.939781
0.939781
0.939781
0.939781
0.939781
0.939781
0.939781
0.939781
0.939781
0.939781
0.939781
0.939781
0.939781
0.939781
0.939781
0.939781
0.939781
0.939781
0.939781
0.939781
0.939781
0.939781
0.939781
0.939781
0.939781
0.939781
0.939781
0.939781
0.939781
0.939781
0.939781
0.939781
0.939781
0.939781
0.939781
0.939781
0.939781
0.939781
0.939781
0.939781
0.939781
0.939781
0.939781
0.939781
0.939781
0.939781
0.939781
0.939781
0.939781
0.939781
0.939781
0.939781
0.939781
0.939781
0.939781
0.939781
0.939781
0.939781
0.939781
0.939781
0.939781
0.939781
0.939781
0.939781
0.939781
0.939781
0.939781
0.939781
0.939781
0.939781
0.939781
0.939781
0.939781
0.939781
0.939781
0.939781
0.939781
0.939781
0.939781
0.939781
0.939781
0.939781
0.939781
0.939781
0.939781
0.939781
0.939781
0.939781
0.939781
0.939781
0.939781
0.939781
0.939781
0.939781
0.939781
0.939781
0.939781
0.939781
0.939781
0.939781
0.939781
0.939781
0.939781
0.939781
0.939781
0.939781
0.939781
0.939781
0.939781
0.939781
0.939781
0.939781
0.939781
0.939781
0.939781
0.939781
0.939781
0.939781
0.939781
0.939781
0.939781
0.939781
0.939781
0.939781
0.939781
0.939781
0.939781
0.939781
0.939781
0.939781
0.939781
0.939781
0.939781
0.939781
0.939781
0.939781
0.939781
0.939781
0.939781
0.939781
0.939781
0.939781
0.939781
0.939782
0.939782
0.939782
0.939782
0.939782
0.939782
0.939782
0.939782
0.939782
0.939782
0.939782
0.939782
0.939782
0.939782
0.939782
0.939782
0.939782
0.939782
0.939782
0.939782
0.939782
0.939782
0.939782
0.939782
0.939782
0.939782
0.939782
0.939782
0.939782
0.939782
0.939782
0.939782
0.939782
0.939782
0.939782
0.939782
0.939782
0.939782
0.939782
0.939782
0.939782
0.939782
0.939782
0.939782
0.939782
0.939782
0.939782
0.939782
0.939782
0.939782
0.939782
0.939782
0.939782
0.939782
0.939782
0.939782
0.939782
0.939782
0.939782
0.939782
0.939782
0.939782
0.939782
0.939782
0.939782
0.939782
0.939782
0.939782
0.939782
0.939782
0.939782
0.939782
0.939782
0.939782
0.939782
0.939782
0.939782
0.939782
0.939782
0.939782
0.939782
0.939782
0.939782
0.939782
0.939782
0.939782
0.939782
0.939782
0.939782
0.939782
0.939782
0.939782
0.939782
0.939782
0.939782
0.939782
0.939782
0.939782
0.939782
0.939782
0.939782
0.939782
0.939782
0.939782
0.939782
0.939782
0.939782
0.939782
0.939782
0.939782
0.939782
0.939782
0.939782
0.939782
0.939782
0.939782
0.939782
0.939782
0.939782
0.939782
0.939782
0.939782
0.939782
0.939782
0.939782
0.939782
0.939782
0.939782
0.939782
0.939782
0.939782
0.939782
0.939782
0.939782
0.939782
0.939782
0.939782
0.939782
0.939782
0.939782
0.939782
0.939782
0.939782
0.939782
0.939782
0.939782
0.939782
0.939782
0.939782
0.939782
0.939782
0.939782
0.939782
0.939782
0.939782
0.939782
0.939782
0.939782
0.939782
0.939782
0.939782
0.939782
0.939782
0.939782
0.939782
0.939782
0.939782
0.939782
0.939782
0.939782
0.939782
0.939782
0.939782
0.939782
0.939782
0.939782
0.939782
0.939782
0.939782
0.939782
0.939782
0.939782
0.939782
0.939782
0.939782
0.939782
0.939782
0.939782
0.939782
0.939782
0.939782
0.939782
0.939782
0.939782
0.939782
0.939782
0.939782
0.939782
0.939782
0.939782
0.939782
0.939782
0.939782
0.939782
0.939782
0.939782
0.939782
0.939782
0.939782
0.939782
0.939782
0.939782
0.939782
0.939782
0.939782
0.939782
0.939782
0.939782
0.939782
0.939782
0.939782
0.939782
0.939782
0.939782
0.939782
0.939782
0.939782
0.939782
0.939782
0.939782
0.939782
0.939782
0.939782
0.939782
0.939782
0.939782
0.939782
0.939782
0.939782
0.939782
0.939782
0.939782
0.939782
0.939782
0.939782
0.939782
0.939782
0.939782
0.939782
0.939782
0.939782
0.939782
0.939782
0.939782
0.939782
0.939782
0.939782
0.939782
0.939782
0.939782
0.939782
0.939782
0.939782
0.939782
0.939782
0.939782
0.939782
0.939782
0.939782
0.939782
0.939782
0.939782
0.939782
0.939782
0.939782
0.939782
0.939782
0.939782
0.939782
0.939782
0.939782
0.939782
0.939782
0.939782
0.939782
0.939782
0.939782
0.939782
0.939782
0.939782
0.939782
0.939782
0.939782
0.939782
0.939782
0.939782
0.939782
0.939782
0.939782
0.939782
0.939782
0.939782
0.939782
0.939782
0.939782
0.939782
0.939782
0.939782
0.939782
0.939782
0.939782
0.939782
0.939782
0.939782
0.939782
0.939782
0.939782
0.939782
0.939782
0.939782
0.939782
0.939782
0.939782
0.939782
0.939782
0.939782
0.939782
0.939782
0.939782
0.939782
0.939782
0.939782
0.939782
0.939782
0.939782
0.939782
0.939782
0.939782
0.939782
0.939782
0.939782
0.939782
0.939782
0.939782
0.939782
0.939782
0.939782
0.939782
0.939782
0.939782
0.939782
0.939782
0.939782
0.939782
0.939782
0.939782
0.939782
0.939782
0.939782
0.939782
0.939782
0.939782
0.939782
0.939782
0.939782
0.939782
0.939782
0.939782
0.939782
0.939782
0.939782
0.939782
0.939782
0.939782
0.939782
0.939782
0.939782
0.939782
0.939782
0.939782
0.939782
0.939782
0.939782
0.939782
0.939782
0.939782
0.939782
0.939782
0.939782
0.939782
0.939782
0.939782
0.939782
0.939782
0.939782
0.939782
0.939782
0.939782
0.939782
0.939782
0.939782
0.939782
0.939782
0.939782
0.939782
0.939782
0.939782
0.939782
0.939782
0.939782
0.939782
0.939782
0.939782
0.939782
0.939782
0.939782
0.939782
0.939782
0.939782
0.939782
0.939782
0.939782
0.939782
0.939782
0.939782
0.939782
0.939782
0.939782
0.939782
0.939782
0.939782
0.939782
0.939782
0.939782
0.939782
0.939782
0.939782
0.939782
0.939782
0.939782
0.939782
0.939782
0.939782
0.939782
0.939782
0.939782
0.939782
0.939782
0.939782
0.939782
0.939782
0.939782
0.939782
0.939782
0.939782
0.939782
0.939782
0.939782
0.939782
0.939782
0.939782
0.939782
0.939782
0.939782
0.939782
0.939782
0.939782
0.939782
0.939782
0.939782
0.939782
0.939782
0.939782
0.939782
0.939782
0.939782
0.939782
0.939782
0.939782
0.939782
0.939782
0.939782
0.939782
0.939782
0.939782
0.939782
0.939782
0.939782
0.939782
0.939782
0.939782
0.939782
0.939782
0.939782
0.939782
0.939782
0.939782
0.939782
0.939782
0.939782
0.939782
0.939782
0.939782
0.939782
0.939782
0.939782
0.939782
0.939782
0.939782
0.939782
0.939782
0.939782
0.939782
0.939782
0.939782
0.939782
0.939782
0.939782
0.939782
0.939782
0.939782
0.939782
0.939782
0.939782
0.939782
0.939782
0.939782
0.939782
0.939782
0.939782
0.939782
0.939782
0.939782
0.939782
0.939782
0.939782
0.939782
0.939782
0.939782
0.939782
0.939782
0.939782
0.939782
0.939782
0.939782
0.939782
0.939782
0.939782
0.939782
0.939782
0.939782
0.939782
0.939782
0.939782
0.939782
0.939782
0.939782
0.939782
0.939782
0.939782
0.939782
0.939782
0.939782
0.939782
0.939782
0.939782
0.939782
0.939782
0.939782
0.939782
0.939782
0.939782
0.939782
0.939782
0.939782
0.939782
0.939782
0.939782
0.939782
0.939782
0.939782
0.939782
0.939782
0.939782
0.939782
0.939782
0.939782
0.939782
0.939782
0.939782
0.939782
0.939782
0.939782
0.939782
0.939782
0.939782
0.939782
0.939782
0.939782
0.939782
0.939782
0.939782
0.939782
0.939782
0.939782
0.939782
0.939782
0.939782
0.939782
0.939782
0.939782
0.939782
0.939782
0.939782
0.939782
0.939782
0.939782
0.939782
0.939782
0.939782
0.939782
0.939782
0.939782
0.939782
0.939782
0.939782
0.939782
0.939782
0.939782
0.939782
0.939782
0.939782
0.939782
0.939782
0.939782
0.939782
0.939782
0.939782
0.939782
0.939782
0.939782
0.939782
0.939782
0.939782
0.939782
0.939782
0.939782
0.939782
0.939782
0.939782
0.939782
0.939782
0.939782
0.939782
0.939782
0.939782
0.939782
0.939782
0.939782
0.939782
0.939782
0.939782
0.939782
0.939782
0.939782
0.939782
0.939782
0.939782
0.939782
0.939782
0.939782
0.939782
0.939782
0.939782
0.939782
0.939782
0.939782
0.939782
0.939782
0.939782
0.939782
0.939782
0.939782
0.939782
0.939782
0.939782
0.939782
0.939782
0.939782
0.939782
0.939782
0.939782
0.939782
0.939782
0.939782
0.939782
0.939782
0.939782
0.939782
0.939782
0.939782
0.939782
0.939782
0.939782
0.939782
0.939782
0.939782
0.939782
0.939782
0.939782
0.939782
0.939782
0.939782
0.939782
0.939782
0.939782
0.939782
0.939782
0.939782
0.939782
0.939782
0.939782
0.939782
0.939782
0.939782
0.939782
0.939782
0.939782
0.939782
0.939782
0.939782
0.939782
0.939782
0.939782
0.939782
0.939782
0.939782
0.939782
0.939782
0.939782
0.939782
0.939782
0.939782
0.939782
0.939782
0.939782
0.939782
0.939782
0.939782
0.939782
0.939782
0.939782
0.939782
0.939782
0.939782
0.939782
0.939782
0.939782
0.939782
0.939782
0.939782
0.939782
0.939782
0.939782
0.939782
0.939782
0.939782
0.939782
0.939782
0.939782
0.939782
0.939782
0.939782
0.939782
0.939782
0.939782
0.939782
0.939782
0.939782
0.939782
0.939782
0.939782
0.939782
0.939782
0.939782
0.939782
0.939782
0.939782
0.939782
0.939782
0.939782
0.939782
0.939782
0.939782
0.939782
0.939782
0.939782
0.939782
0.939782
0.939782
0.939782
0.939782
0.939782
0.939782
0.939782
0.939782
0.939782
0.939782
0.939782
0.939782
0.939782
0.939782
0.939782
0.939782
0.939782
0.939782
0.939782
0.939782
0.939782
0.939782
0.939782
0.939782
0.939782
0.939782
0.939782
0.939782
0.939782
0.939782
0.939782
0.939782
0.939782
0.939782
0.939782
0.939782
0.939782
0.939782
0.939782
0.939782
0.939782
0.939782
0.939782
0.939782
0.939782
0.939782
0.939782
0.939782
0.939782
0.939782
0.939782
0.939782
0.939782
0.939782
0.939782
0.939782
0.939782
0.939782
0.939782
0.939782
0.939782
0.939782
0.939782
0.939782
0.939782
0.939782
0.939782
0.939782
0.939782
0.939782
0.939782
0.939782
0.939782
0.939782
0.939782
0.939782
0.939782
0.939782
0.939782
0.939782
0.939782
0.939782
0.939782
0.939782
0.939782
0.939782
0.939782
0.939782
0.939782
0.939782
0.939782
0.939782
0.939782
0.939782
0.939782
0.939782
0.939782
0.939782
0.939782
0.939782
0.939782
0.939782
0.939782
0.939782
0.939782
0.939782
0.939782
0.939782
0.939782
0.939782
0.939782
0.939782
0.939782
0.939782
0.939782
0.939782
0.939782
0.939782
0.939782
0.939782
0.939782
0.939782
0.939782
0.939782
0.939782
0.939782
0.939782
0.939782
0.939782
0.939782
0.939782
0.939782
0.939782
0.939782
0.939782
0.939782
0.939782
0.939782
0.939782
0.939782
0.939782
0.939782
0.939782
0.939782
0.939782
0.939782
0.939782
0.939782
0.939782
0.939782
0.939782
0.939782
0.939782
0.939782
0.939782
0.939782
0.939782
0.939782
0.939782
0.939782
0.939782
0.939782
0.939782
0.939782
0.939782
0.939782
0.939782
0.939782
0.939782
0.939782
0.939782
0.939782
0.939782
0.939782
0.939782
0.939782
0.939782
0.939782
0.939782
0.939782
0.939782
0.939782
0.939782
0.939782
0.939782
0.939782
0.939782
0.939782
0.939782
0.939782
0.939782
0.939782
0.939782
0.939782
0.939782
0.939782
0.939782
0.939782
0.939782
0.939782
0.939782
0.939782
0.939782
0.939782
0.939782
0.939782
0.939782
0.939782
0.939782
0.939782
0.939782
0.939782
0.939782
0.939782
0.939782
0.939782
0.939782
0.939782
0.939782
0.939782
0.939782
0.939782
0.939782
0.939782
0.939782
0.939782
0.939782
0.939782
0.939782
0.939782
0.939782
0.939782
0.939782
0.939782
0.939782
0.939782
0.939782
0.939782
0.939782
0.939782
0.939782
0.939782
0.939782
0.939782
0.939782
0.939782
0.939782
0.939782
0.939782
0.939782
0.939782
0.939782
0.939782
0.939782
0.939782
0.939782
0.939782
0.939782
0.939782
0.939782
0.939782
0.939782
0.939782
0.939782
0.939782
0.939782
0.939782
0.939782
0.939782
0.939782
0.939782
0.939782
0.939782
0.939782
0.939782
0.939782
0.939782
0.939782
0.939782
0.939782
0.939782
0.939782
0.939782
0.939782
0.939782
0.939782
0.939782
0.939782
0.939782
0.939782
0.939782
0.939782
0.939782
0.939782
0.939782
0.939782
0.939782
0.939782
0.939782
0.939782
0.939782
0.939782
0.939782
0.939782
0.939782
0.939782
0.939782
0.939782
0.939782
0.939782
0.939782
0.939782
0.939782
0.939782
0.939782
0.939782
0.939782
0.939782
0.939782
0.939782
0.939782
0.939782
0.939782
0.939782
0.939782
0.939782
0.939782
0.939782
0.939782
0.939782
0.939782
0.939782
0.939782
0.939782
0.939782
0.939782
0.939782
0.939782
0.939782
0.939782
0.939782
0.939782
0.939782
0.939782
0.939782
0.939782
0.939782
0.939782
0.939782
0.939782
0.939782
0.939782
0.939782
0.939782
0.939782
0.939782
0.939782
0.939782
0.939782
0.939782
0.939782
0.939782
0.939782
0.939782
0.939782
0.939782
0.939782
0.939782
0.939782
0.939782
0.939782
0.939782
0.939782
0.939782
0.939782
0.939782
0.939782
0.939782
0.939782
0.939782
0.939782
0.939782
0.939782
0.939782
0.939782
0.939782
0.939782
0.939782
0.939782
0.939782
0.939782
0.939782
0.939782
0.939782
0.939782
0.939782
0.939782
0.939782
0.939782
0.939782
0.939782
0.939782
0.939782
0.939782
0.939782
0.939782
0.939782
0.939782
0.939782
0.939782
0.939782
0.939782
0.939782
0.939782
0.939782
0.939782
0.939782
0.939782
0.939782
0.939782
0.939782
0.939782
0.939782
0.939782
0.939782
0.939782
0.939782
0.939782
0.939782
0.939782
0.939782
0.939782
0.939782
0.939782
0.939782
0.939782
0.939782
0.939782
0.939782
0.939782
0.939782
0.939782
0.939782
0.939782
0.939782
0.939782
0.939782
0.939782
0.939782
0.939782
0.939782
0.939782
0.939782
0.939782
0.939782
0.939782
0.939782
0.939782
0.939782
0.939782
0.939782
0.939782
0.939782
0.939782
0.939782
0.939782
0.939782
0.939782
0.939782
0.939782
0.939782
0.939782
0.939782
0.939782
0.939782
0.939782
0.939782
0.939782
0.939782
0.939782
0.939782
0.939782
0.939782
0.939782
0.939782
0.939782
0.939782
0.939782
0.939782
0.939782
0.939782
0.939782
0.939782
0.939782
0.939782
0.939782
0.939782
0.939782
0.939782
0.939782
0.939782
0.939782
0.939782
0.939782
0.939782
0.939782
0.939782
0.939782
0.939782
0.939782
0.939782
0.939782
0.939782
0.939782
0.939782
0.939782
0.939782
0.939782
0.939782
0.939782
0.939782
0.939782
0.939782
0.939782
0.939782
0.939782
0.939782
0.939782
0.939782
0.939782
0.939782
0.939782
0.939782
0.939782
0.939782
0.939782
0.939782
0.939782
0.939782
0.939782
0.939782
0.939782
0.939782
0.939782
0.939782
0.939782
0.939782
0.939782
0.939782
0.939782
0.939782
0.939782
0.939782
0.939782
0.939782
0.939782
0.939782
0.939782
0.939782
0.939782
0.939782
0.939782
0.939782
0.939782
0.939782
0.939782
0.939782
0.939782
0.939782
0.939782
0.939782
0.939782
0.939782
0.939782
0.939782
0.939782
0.939782
0.939782
0.939782
0.939782
0.939782
0.939782
0.939782
0.939782
0.939782
0.939782
0.939782
0.939782
0.939782
0.939782
0.939782
0.939782
0.939782
0.939782
0.939782
0.939782
0.939782
0.939782
0.939782
0.939782
0.939782
0.939782
0.939782
0.939782
0.939782
0.939782
0.939782
0.939782
0.939782
0.939782
0.939782
0.939782
0.939782
0.939782
0.939782
0.939782
0.939782
0.939782
0.939782
0.939782
0.939782
0.939782
0.939782
0.939782
0.939782
0.939782
0.939782
0.939782
0.939782
0.939782
0.939782
0.939782
0.939782
0.939782
0.939782
0.939782
0.939782
0.939782
0.939782
0.939782
0.939782
0.939782
0.939782
0.939782
0.939782
0.939782
0.939782
0.939782
0.939782
0.939782
0.939782
0.939782
0.939782
0.939782
0.939782
0.939782
0.939782
0.939782
0.939782
0.939782
0.939782
0.939782
0.939782
0.939782
0.939782
0.939782
0.939782
0.939782
0.939782
0.939782
0.939782
0.939782
0.939782
0.939782
0.939782
0.939782
0.939782
0.939782
0.939782
0.939782
0.939782
0.939782
0.939782
0.939782
0.939782
0.939782
0.939782
0.939782
0.939782
0.939782
0.939782
0.939782
0.939782
0.939782
0.939782
0.939782
0.939782
0.939782
0.939782
0.939782
0.939782
0.939782
0.939782
0.939782
0.939782
0.939782
0.939782
0.939782
0.939782
0.939782
0.939782
0.939782
0.939782
0.939782
0.939782
0.939782
0.939782
0.939782
0.939782
0.939782
0.939782
0.939782
0.939782
0.939782
0.939782
0.939782
0.939782
0.939782
0.939782
0.939782
0.939782
0.939782
0.939782
0.939782
0.939782
0.939782
0.939782
0.939782
0.939782
0.939782
0.939782
0.939782
0.939782
0.939782
0.939782
0.939782
0.939782
0.939782
0.939782
0.939782
0.939782
0.939782
0.939782
0.939782
0.939782
0.939782
0.939782
0.939782
0.939782
0.939782
0.939782
0.939782
0.939782
0.939782
0.939782
0.939782
0.939782
0.939782
0.939782
0.939782
0.939782
0.939782
0.939782
0.939782
0.939782
0.939782
0.939782
0.939782
0.939782
0.939782
0.939782
0.939782
0.939782
0.939782
0.939782
0.939782
0.939782
0.939782
0.939782
0.939782
0.939782
0.939782
0.939782
0.939782
0.939782
0.939782
0.939782
0.939782
0.939782
0.939782
0.939782
0.939782
0.939782
0.939782
0.939782
0.939782
0.939782
0.939782
0.939782
0.939782
0.939782
0.939782
0.939782
0.939782
0.939782
0.939782
0.939782
0.939782
0.939782
0.939782
0.939782
0.939782
0.939782
0.939782
0.939782
0.939782
0.939782
0.939782
0.939782
0.939782
0.939782
0.939782
0.939782
0.939782
0.939782
0.939782
0.939782
0.939782
0.939782
0.939782
0.939782
0.939782
0.939782
0.939782
0.939782
0.939782
0.939782
0.939782
0.939782
0.939782
0.939782
0.939782
0.939782
0.939782
0.939782
0.939782
0.939782
0.939782
0.939782
0.939782
0.939782
0.939782
0.939782
0.939782
0.939782
0.939782
0.939782
0.939782
0.939782
0.939782
0.939782
0.939782
0.939782
0.939782
0.939782
0.939782
0.939782
0.939782
0.939782
0.939782
0.939782
0.939782
0.939782
0.939782
0.939782
0.939782
0.939782
0.939782
0.939782
0.939782
0.939782
0.939782
0.939782
0.939782
0.939782
0.939782
0.939782
0.939782
0.939782
0.939782
0.939782
0.939782
0.939782
0.939782
0.939782
0.939782
0.939782
0.939782
0.939782
0.939782
0.939782
0.939782
0.939782
0.939782
0.939782
0.939782
0.939782
0.939782
0.939782
0.939782
0.939782
0.939782
0.939782
0.939782
0.939782
0.939782
0.939782
0.939782
0.939782
0.939782
0.939782
0.939782
0.939782
0.939782
0.939782
0.939782
0.939782
0.939782
0.939782
0.939782
0.939782
0.939782
0.939782
0.939782
0.939782
0.939782
0.939782
0.939782
0.939782
0.939782
0.939782
0.939782
0.939782
0.939782
0.939782
0.939782
0.939782
0.939782
0.939782
0.939782
0.939782
0.939782
0.939782
0.939782
0.939782
0.939782
0.939782
0.939782
0.939782
0.939782
0.939782
0.939782
0.939782
0.939782
0.939782
0.939782
0.939782
0.939782
0.939782
0.939782
0.939782
0.939782
0.939782
0.939782
0.939782
0.939782
0.939782
0.939782
0.939782
0.939782
0.939782
0.939782
0.939782
0.939782
0.939782
0.939782
0.939782
0.939782
0.939782
0.939782
0.939782
0.939782
0.939782
0.939782
0.939782
0.939782
0.939782
0.939782
0.939782
0.939782
0.939782
0.939782
0.939782
0.939782
0.939782
0.939782
0.939782
0.939782
0.939782
0.939782
0.939782
0.939782
0.939782
0.939782
0.939782
0.939782
0.939782
0.939782
0.939782
0.939782
0.939782
0.939782
0.939782
0.939782
0.939782
0.939782
0.939782
0.939782
0.939782
0.939782
0.939782
0.939782
0.939782
0.939782
0.939782
0.939782
0.939782
0.939782
0.939782
0.939782
0.939782
0.939782
0.939782
0.939782
0.939782
0.939782
0.939782
0.939782
0.939782
0.939782
0.939782
0.939782
0.939782
0.939782
0.939782
0.939782
0.939782
0.939782
0.939782
0.939782
0.939782
0.939782
0.939782
0.939782
0.939782
0.939782
0.939782
0.939782
0.939782
0.939782
0.939782
0.939782
0.939782
0.939782
0.939782
0.939782
0.939782
0.939782
0.939782
0.939782
0.939782
0.939782
0.939782
0.939782
0.939782
0.939782
0.939782
0.939782
0.939782
0.939782
0.939782
0.939782
0.939782
0.939782
0.939782
0.939782
0.939782
0.939782
0.939782
0.939782
0.939782
0.939782
0.939782
0.939782
0.939782
0.939782
0.939782
0.939782
0.939782
0.939782
0.939782
0.939782
0.939782
0.939782
0.939782
0.939782
0.939782
0.939782
0.939782
0.939782
0.939782
0.939782
0.939782
0.939782
0.939782
0.939782
0.939782
0.939782
0.939782
0.939782
0.939782
0.939782
0.939782
0.939782
0.939782
0.939782
0.939782
0.939782
0.939782
0.939782
0.939782
0.939782
0.939782
0.939782
0.939782
0.939782
0.939782
0.939782
0.939782
0.939782
0.939782
0.939782
0.939782
0.939782
0.939782
0.939782
0.939782
0.939782
0.939782
0.939782
0.939782
0.939782
0.939782
0.939782
0.939782
0.939782
0.939782
0.939782
0.939782
0.939782
0.939782
0.939782
0.939782
0.939782
0.939782
0.939782
0.939782
0.939782
0.939782
0.939782
0.939782
0.939782
0.939782
0.939782
0.939782
0.939782
0.939782
0.939782
0.939782
0.939782
0.939782
0.939782
0.939782
0.939782
0.939782
0.939782
0.939782
0.939782
0.939782
0.939782
0.939782
0.939782
0.939782
0.939782
0.939782
0.939782
0.939782
0.939782
0.939782
0.939782
0.939782
0.939782
0.939782
0.939782
0.939782
0.939782
0.939782
0.939782
0.939782
0.939782
0.939782
0.939782
0.939782
0.939782
0.939782
0.939782
0.939782
0.939782
0.939782
0.939782
0.939782
0.939782
0.939782
0.939782
0.939782
0.939782
0.939782
0.939782
0.939782
0.939782
0.939782
0.939782
0.939782
0.939782
0.939782
0.939782
0.939782
0.939782
0.939782
0.939782
0.939782
0.939782
0.939782
0.939782
0.939782
0.939782
0.939782
0.939782
0.939782
0.939782
0.939782
0.939782
0.939782
0.939782
0.939782
0.939782
0.939782
0.939782
0.939782
0.939782
0.939782
0.939782
0.939782
0.939782
0.939782
0.939782
0.939782
0.939782
0.939782
0.939782
0.939782
0.939782
0.939782
0.939782
0.939782
0.939782
0.939782
0.939782
0.939782
0.939782
0.939782
0.939782
0.939782
0.939782
0.939782
0.939782
0.939782
0.939782
0.939782
0.939782
0.939782
0.939782
0.939782
0.939782
0.939782
0.939782
0.939782
0.939782
0.939782
0.939782
0.939782
0.939782
0.939782
0.939782
0.939782
0.939782
0.939782
0.939782
0.939782
0.939782
0.939782
0.939782
0.939782
0.939782
0.939782
0.939782
0.939782
0.939782
0.939782
0.939782
0.939782
0.939782
0.939782
0.939782
0.939782
0.939782
0.939782
0.939782
0.939782
0.939782
0.939782
0.939782
0.939782
0.939782
0.939782
0.939782
0.939782
0.939782
0.939782
0.939782
0.939782
0.939782
0.939782
0.939782
0.939782
0.939782
0.939782
0.939782
0.939782
0.939782
0.939782
0.939782
0.939782
0.939782
0.939782
0.939782
0.939782
0.939782
0.939782
0.939782
0.939782
0.939782
0.939782
0.939782
0.939782
0.939782
0.939782
0.939782
0.939782
0.939782
0.939782
0.939782
0.939782
0.939782
0.939782
0.939782
0.939782
0.939782
0.939782
0.939782
0.939782
0.939782
0.939782
0.939782
0.939782
0.939782
0.939782
0.939782
0.939782
0.939782
0.939782
0.939782
0.939782
0.939782
0.939782
0.939782
0.939782
0.939782
0.939782
0.939782
0.939782
0.939782
0.939782
0.939782
0.939782
0.939782
0.939782
0.939782
0.939782
0.939782
0.939782
0.939782
0.939782
0.939782
0.939782
0.939782
0.939782
0.939782
0.939782
0.939782
0.939782
0.939782
0.939782
0.939782
0.939782
0.939782
0.939782
0.939782
0.939782
0.939782
0.939782
0.939782
0.939782
0.939782
0.939782
0.939782
0.939782
0.939782
0.939782
0.939782
0.939782
0.939782
0.939782
0.939782
0.939782
0.939782
0.939782
0.939782
0.939782
0.939782
0.939782
0.939782
0.939782
0.939782
0.939782
0.939782
0.939782
0.939782
0.939782
0.939782
0.939782
0.939782
0.939782
0.939782
0.939782
0.939782
0.939782
0.939782
0.939782
0.939782
0.939782
0.939782
0.939782
0.939782
0.939782
0.939782
0.939782
0.939782
0.939782
0.939782
0.939782
0.939782
0.939782
0.939782
0.939782
0.939782
0.939782
0.939782
0.939782
0.939782
0.939782
0.939782
0.939782
0.939782
0.939782
0.939782
0.939782
0.939782
0.939782
0.939782
0.939782
0.939782
0.939782
0.939782
0.939782
0.939782
0.939782
0.939782
0.939782
0.939782
0.939782
0.939782
0.939782
0.939782
0.939782
0.939782
0.939782
0.939782
0.939782
0.939782
0.939782
0.939782
0.939782
0.939782
0.939782
0.939782
0.939782
0.939782
0.939782
0.939782
0.939782
0.939782
0.939782
0.939782
0.939782
0.939782
0.939782
0.939782
0.939782
0.939782
0.939782
0.939782
0.939782
0.939782
0.939782
0.939782
0.939782
0.939782
0.939782
0.939782
0.939782
0.939782
0.939782
0.939782
0.939782
0.939782
0.939782
0.939782
0.939782
0.939782
0.939782
0.939782
0.939782
0.939782
0.939782
0.939782
0.939782
0.939782
0.939782
0.939782
0.939782
0.939782
0.939782
0.939782
0.939782
0.939782
0.939782
0.939782
0.939782
0.939782
0.939782
0.939782
0.939782
0.939782
0.939782
0.939782
0.939782
0.939782
0.939782
0.939782
0.939782
0.939782
0.939782
0.939782
0.939782
0.939782
0.939782
0.939782
0.939782
0.939782
0.939782
0.939782
0.939782
0.939782
0.939782
0.939782
0.939782
0.939782
0.939782
0.939782
0.939782
0.939782
0.939782
0.939782
0.939782
0.939782
0.939782
0.939782
0.939782
0.939782
0.939782
0.939782
0.939782
0.939782
0.939782
0.939782
0.939782
0.939782
0.939782
0.939782
0.939782
0.939782
0.939782
0.939782
0.939782
0.939782
0.939782
0.939782
0.939782
0.939782
0.939782
0.939782
0.939782
0.939782
0.939782
0.939782
0.939782
0.939782
0.939782
0.939782
0.939782
0.939782
0.939782
0.939782
0.939782
0.939782
0.939782
0.939782
0.939782
0.939782
0.939782
0.939782
0.939782
0.939782
0.939782
0.939782
0.939782
0.939782
0.939782
0.939782
0.939782
0.939782
0.939782
0.939782
