0.001
0.00554985
0.0109038
0.0166963
0.0227176
0.0288454
0.0350068
0.0411579
0.0472724
0.0533345
0.0593356
0.0652714
0.0711405
0.0769432
0.0826809
0.0883558
0.0939702
0.0995268
0.105028
0.110477
0.115875
0.121224
0.126528
0.131786
0.137002
0.142176
0.14731
0.152405
0.157462
0.162482
0.167465
0.172413
0.177326
0.182205
0.18705
0.191862
0.196641
0.201388
0.206102
0.210785
0.215436
0.220056
0.224646
0.229205
0.233734
0.238232
0.242701
0.24714
0.25155
0.255931
0.260283
0.264606
0.268901
0.273168
0.277406
0.281616
0.285799
0.289954
0.294082
0.298182
0.302256
0.306302
0.310322
0.314316
0.318283
0.322224
0.326139
0.330028
0.333892
0.33773
0.341543
0.345331
0.349093
0.352831
0.356545
0.360233
0.363898
0.367538
0.371154
0.374747
0.378316
0.381861
0.385383
0.388881
0.392357
0.395809
0.399239
0.402646
0.40603
0.409393
0.412733
0.416051
0.419347
0.422621
0.425874
0.429105
0.432315
0.435503
0.438671
0.441817
0.444943
0.448048
0.451133
0.454197
0.457241
0.460265
0.463268
0.466252
0.469217
0.472161
0.475086
0.477992
0.480878
0.483746
0.486594
0.489424
0.492235
0.495027
0.497801
0.500556
0.503293
0.506012
0.508713
0.511396
0.514062
0.516709
0.519339
0.521952
0.524548
0.527126
0.529687
0.532231
0.534758
0.537269
0.539763
0.54224
0.544701
0.547145
0.549574
0.551986
0.554382
0.556763
0.559127
0.561476
0.56381
0.566127
0.56843
0.570717
0.572989
0.575246
0.577488
0.579715
0.581927
0.584125
0.586308
0.588476
0.59063
0.59277
0.594896
0.597007
0.599105
0.601188
0.603258
0.605314
0.607356
0.609385
0.6114
0.613402
0.61539
0.617365
0.619328
0.621277
0.623213
0.625136
0.627047
0.628944
0.63083
0.632702
0.634562
0.63641
0.638246
0.640069
0.64188
0.643679
0.645467
0.647242
0.649005
0.650757
0.652497
0.654226
0.655943
0.657648
0.659342
0.661025
0.662697
0.664358
0.666007
0.667646
0.669273
0.67089
0.672496
0.674092
0.675676
0.677251
0.678814
0.680367
0.68191
0.683443
0.684965
0.686478
0.68798
0.689472
0.690954
0.692427
0.693889
0.695342
0.696785
0.698219
0.699643
0.701057
0.702462
0.703858
0.705244
0.706621
0.707989
0.709348
0.710698
0.712039
0.71337
0.714693
0.716008
0.717313
0.718609
0.719897
0.721177
0.722448
0.72371
0.724964
0.72621
0.727447
0.728676
0.729897
0.731109
0.732314
0.73351
0.734699
0.73588
0.737052
0.738217
0.739374
0.740524
0.741665
0.7428
0.743926
0.745045
0.746157
0.747261
0.748357
0.749447
0.750529
0.751604
0.752672
0.753732
0.754786
0.755832
0.756872
0.757904
0.75893
0.759948
0.76096
0.761966
0.762964
0.763956
0.764941
0.76592
0.766892
0.767857
0.768816
0.769769
0.770715
0.771655
0.772589
0.773517
0.774438
0.775353
0.776262
0.777165
0.778062
0.778953
0.779838
0.780717
0.78159
0.782457
0.783318
0.784174
0.785024
0.785868
0.786707
0.78754
0.788368
0.78919
0.790006
0.790817
0.791622
0.792423
0.793217
0.794007
0.794791
0.79557
0.796344
0.797112
0.797876
0.798634
0.799387
0.800135
0.800879
0.801617
0.80235
0.803078
0.803802
0.804521
0.805234
0.805943
0.806648
0.807347
0.808042
0.808732
0.809418
0.810099
0.810776
0.811447
0.812115
0.812778
0.813436
0.81409
0.81474
0.815386
0.816027
0.816663
0.817296
0.817924
0.818548
0.819168
0.819784
0.820395
0.821003
0.821606
0.822206
0.822801
0.823392
0.82398
0.824563
0.825143
0.825718
0.82629
0.826858
0.827422
0.827983
0.828539
0.829092
0.829641
0.830187
0.830729
0.831267
0.831802
0.832333
0.83286
0.833384
0.833905
0.834421
0.834935
0.835445
0.835952
0.836455
0.836955
0.837451
0.837944
0.838434
0.838921
0.839404
0.839884
0.840361
0.840834
0.841305
0.841772
0.842236
0.842697
0.843155
0.84361
0.844062
0.844511
0.844957
0.845399
0.845839
0.846276
0.84671
0.847141
0.847569
0.847994
0.848417
0.848836
0.849253
0.849667
0.850078
0.850487
0.850892
0.851295
0.851696
0.852093
0.852488
0.85288
0.85327
0.853657
0.854041
0.854423
0.854802
0.855179
0.855553
0.855925
0.856294
0.856661
0.857025
0.857387
0.857746
0.858103
0.858458
0.85881
0.85916
0.859507
0.859852
0.860195
0.860536
0.860874
0.86121
0.861544
0.861875
0.862204
0.862531
0.862856
0.863179
0.863499
0.863817
0.864134
0.864448
0.86476
0.865069
0.865377
0.865683
0.865987
0.866288
0.866588
0.866885
0.867181
0.867474
0.867766
0.868056
0.868343
0.868629
0.868913
0.869195
0.869475
0.869753
0.870029
0.870304
0.870577
0.870847
0.871116
0.871383
0.871649
0.871912
0.872174
0.872434
0.872692
0.872949
0.873204
0.873457
0.873708
0.873958
0.874206
0.874452
0.874697
0.87494
0.875182
0.875421
0.87566
0.875896
0.876131
0.876365
0.876596
0.876827
0.877056
0.877283
0.877508
0.877733
0.877955
0.878176
0.878396
0.878614
0.878831
0.879046
0.87926
0.879473
0.879684
0.879893
0.880101
0.880308
0.880513
0.880717
0.88092
0.881121
0.881321
0.881519
0.881717
0.881913
0.882107
0.8823
0.882492
0.882683
0.882872
0.88306
0.883247
0.883433
0.883617
0.8838
0.883982
0.884163
0.884342
0.88452
0.884697
0.884873
0.885048
0.885221
0.885394
0.885565
0.885735
0.885904
0.886071
0.886238
0.886403
0.886568
0.886731
0.886893
0.887054
0.887214
0.887373
0.887531
0.887688
0.887843
0.887998
0.888152
0.888304
0.888456
0.888606
0.888756
0.888904
0.889052
0.889198
0.889344
0.889488
0.889632
0.889775
0.889916
0.890057
0.890197
0.890336
0.890473
0.89061
0.890746
0.890882
0.891016
0.891149
0.891281
0.891413
0.891544
0.891673
0.891802
0.89193
0.892057
0.892184
0.892309
0.892434
0.892558
0.89268
0.892803
0.892924
0.893044
0.893164
0.893283
0.893401
0.893518
0.893635
0.89375
0.893865
0.893979
0.894093
0.894205
0.894317
0.894428
0.894539
0.894648
0.894757
0.894865
0.894973
0.895079
0.895185
0.89529
0.895395
0.895499
0.895602
0.895704
0.895806
0.895907
0.896008
0.896107
0.896206
0.896305
0.896402
0.896499
0.896596
0.896691
0.896787
0.896881
0.896975
0.897068
0.897161
0.897253
0.897344
0.897435
0.897525
0.897614
0.897703
0.897791
0.897879
0.897966
0.898053
0.898139
0.898224
0.898309
0.898393
0.898477
0.89856
0.898642
0.898724
0.898806
0.898886
0.898967
0.899046
0.899126
0.899204
0.899283
0.89936
0.899437
0.899514
0.89959
0.899666
0.899741
0.899815
0.899889
0.899963
0.900036
0.900109
0.900181
0.900252
0.900323
0.900394
0.900464
0.900534
0.900603
0.900672
0.90074
0.900808
0.900875
0.900942
0.901009
0.901075
0.90114
0.901205
0.90127
0.901334
0.901398
0.901462
0.901525
0.901587
0.901649
0.901711
0.901772
0.901833
0.901894
0.901954
0.902013
0.902073
0.902131
0.90219
0.902248
0.902306
0.902363
0.90242
0.902476
0.902532
0.902588
0.902644
0.902699
0.902753
0.902807
0.902861
0.902915
0.902968
0.903021
0.903073
0.903125
0.903177
0.903229
0.90328
0.90333
0.903381
0.903431
0.903481
0.90353
0.903579
0.903628
0.903676
0.903724
0.903772
0.903819
0.903866
0.903913
0.90396
0.904006
0.904051
0.904097
0.904142
0.904187
0.904232
0.904276
0.90432
0.904364
0.904407
0.90445
0.904493
0.904536
0.904578
0.90462
0.904662
0.904703
0.904744
0.904785
0.904826
0.904866
0.904906
0.904946
0.904985
0.905024
0.905063
0.905102
0.90514
0.905179
0.905217
0.905254
0.905292
0.905329
0.905366
0.905402
0.905439
0.905475
0.905511
0.905547
0.905582
0.905617
0.905652
0.905687
0.905721
0.905756
0.90579
0.905823
0.905857
0.90589
0.905923
0.905956
0.905989
0.906022
0.906054
0.906086
0.906118
0.906149
0.906181
0.906212
0.906243
0.906273
0.906304
0.906334
0.906364
0.906394
0.906424
0.906454
0.906483
0.906512
0.906541
0.90657
0.906598
0.906627
0.906655
0.906683
0.906711
0.906738
0.906766
0.906793
0.90682
0.906847
0.906873
0.9069
0.906926
0.906952
0.906978
0.907004
0.90703
0.907055
0.90708
0.907106
0.90713
0.907155
0.90718
0.907204
0.907228
0.907253
0.907277
0.9073
0.907324
0.907347
0.907371
0.907394
0.907417
0.90744
0.907462
0.907485
0.907507
0.907529
0.907552
0.907573
0.907595
0.907617
0.907638
0.90766
0.907681
0.907702
0.907723
0.907744
0.907764
0.907785
0.907805
0.907825
0.907845
0.907865
0.907885
0.907905
0.907924
0.907944
0.907963
0.907982
0.908001
0.90802
0.908039
0.908058
0.908076
0.908094
0.908113
0.908131
0.908149
0.908167
0.908185
0.908202
0.90822
0.908237
0.908254
0.908272
0.908289
0.908306
0.908322
0.908339
0.908356
0.908372
0.908389
0.908405
0.908421
0.908437
0.908453
0.908469
0.908485
0.9085
0.908516
0.908531
0.908547
0.908562
0.908577
0.908592
0.908607
0.908622
0.908636
0.908651
0.908666
0.90868
0.908694
0.908708
0.908723
0.908737
0.908751
0.908764
0.908778
0.908792
0.908805
0.908819
0.908832
0.908845
0.908859
0.908872
0.908885
0.908898
0.908911
0.908923
0.908936
0.908949
0.908961
0.908974
0.908986
0.908998
0.90901
0.909022
0.909034
0.909046
0.909058
0.90907
0.909082
0.909093
0.909105
0.909116
0.909128
0.909139
0.90915
0.909161
0.909172
0.909183
0.909194
0.909205
0.909216
0.909227
0.909237
0.909248
0.909258
0.909269
0.909279
0.909289
0.909299
0.90931
0.90932
0.90933
0.90934
0.909349
0.909359
0.909369
0.909379
0.909388
0.909398
0.909407
0.909417
0.909426
0.909435
0.909445
0.909454
0.909463
0.909472
0.909481
0.90949
0.909499
0.909507
0.909516
0.909525
0.909533
0.909542
0.90955
0.909559
0.909567
0.909576
0.909584
0.909592
0.9096
0.909608
0.909616
0.909624
0.909632
0.90964
0.909648
0.909656
0.909664
0.909671
0.909679
0.909686
0.909694
0.909701
0.909709
0.909716
0.909724
0.909731
0.909738
0.909745
0.909752
0.90976
0.909767
0.909774
0.90978
0.909787
0.909794
0.909801
0.909808
0.909814
0.909821
0.909828
0.909834
0.909841
0.909847
0.909854
0.90986
0.909867
0.909873
0.909879
0.909885
0.909892
0.909898
0.909904
0.90991
0.909916
0.909922
0.909928
0.909934
0.90994
0.909945
0.909951
0.909957
0.909963
0.909968
0.909974
0.909979
0.909985
0.90999
0.909996
0.910001
0.910007
0.910012
0.910018
0.910023
0.910028
0.910033
0.910038
0.910044
0.910049
0.910054
0.910059
0.910064
0.910069
0.910074
0.910079
0.910084
0.910088
0.910093
0.910098
0.910103
0.910108
0.910112
0.910117
0.910121
0.910126
0.910131
0.910135
0.91014
0.910144
0.910149
0.910153
0.910157
0.910162
0.910166
0.91017
0.910175
0.910179
0.910183
0.910187
0.910191
0.910195
0.9102
0.910204
0.910208
0.910212
0.910216
0.91022
0.910224
0.910227
0.910231
0.910235
0.910239
0.910243
0.910247
0.91025
0.910254
0.910258
0.910261
0.910265
0.910269
0.910272
0.910276
0.910279
0.910283
0.910286
0.91029
0.910293
0.910297
0.9103
0.910304
0.910307
0.91031
0.910314
0.910317
0.91032
0.910323
0.910327
0.91033
0.910333
0.910336
0.910339
0.910342
0.910346
0.910349
0.910352
0.910355
0.910358
0.910361
0.910364
0.910367
0.91037
0.910373
0.910375
0.910378
0.910381
0.910384
0.910387
0.91039
0.910392
0.910395
0.910398
0.910401
0.910403
0.910406
0.910409
0.910411
0.910414
0.910417
0.910419
0.910422
0.910424
0.910427
0.910429
0.910432
0.910434
0.910437
0.910439
0.910442
0.910444
0.910447
0.910449
0.910452
0.910454
0.910456
0.910459
0.910461
0.910463
0.910465
0.910468
0.91047
0.910472
0.910474
0.910477
0.910479
0.910481
0.910483
0.910485
0.910487
0.91049
0.910492
0.910494
0.910496
0.910498
0.9105
0.910502
0.910504
0.910506
0.910508
0.91051
0.910512
0.910514
0.910516
0.910518
0.91052
0.910522
0.910524
0.910525
0.910527
0.910529
0.910531
0.910533
0.910535
0.910536
0.910538
0.91054
0.910542
0.910544
0.910545
0.910547
0.910549
0.91055
0.910552
0.910554
0.910556
0.910557
0.910559
0.91056
0.910562
0.910564
0.910565
0.910567
0.910569
0.91057
0.910572
0.910573
0.910575
0.910576
0.910578
0.910579
0.910581
0.910582
0.910584
0.910585
0.910587
0.910588
0.91059
0.910591
0.910592
0.910594
0.910595
0.910597
0.910598
0.910599
0.910601
0.910602
0.910604
0.910605
0.910606
0.910608
0.910609
0.91061
0.910611
0.910613
0.910614
0.910615
0.910617
0.910618
0.910619
0.91062
0.910621
0.910623
0.910624
0.910625
0.910626
0.910627
0.910629
0.91063
0.910631
0.910632
0.910633
0.910634
0.910636
0.910637
0.910638
0.910639
0.91064
0.910641
0.910642
0.910643
0.910644
0.910645
0.910646
0.910648
0.910649
0.91065
0.910651
0.910652
0.910653
0.910654
0.910655
0.910656
0.910657
0.910658
0.910659
0.91066
0.910661
0.910661
0.910662
0.910663
0.910664
0.910665
0.910666
0.910667
0.910668
0.910669
0.91067
0.910671
0.910672
0.910672
0.910673
0.910674
0.910675
0.910676
0.910677
0.910678
0.910678
0.910679
0.91068
0.910681
0.910682
0.910683
0.910683
0.910684
0.910685
0.910686
0.910687
0.910687
0.910688
0.910689
0.91069
0.91069
0.910691
0.910692
0.910693
0.910693
0.910694
0.910695
0.910696
0.910696
0.910697
0.910698
0.910698
0.910699
0.9107
0.9107
0.910701
0.910702
0.910703
0.910703
0.910704
0.910705
0.910705
0.910706
0.910706
0.910707
0.910708
0.910708
0.910709
0.91071
0.91071
0.910711
0.910712
0.910712
0.910713
0.910713
0.910714
0.910715
0.910715
0.910716
0.910716
0.910717
0.910717
0.910718
0.910719
0.910719
0.91072
0.91072
0.910721
0.910721
0.910722
0.910722
0.910723
0.910724
0.910724
0.910725
0.910725
0.910726
0.910726
0.910727
0.910727
0.910728
0.910728
0.910729
0.910729
0.91073
0.91073
0.910731
0.910731
0.910732
0.910732
0.910733
0.910733
0.910733
0.910734
0.910734
0.910735
0.910735
0.910736
0.910736
0.910737
0.910737
0.910738
0.910738
0.910738
0.910739
0.910739
0.91074
0.91074
0.91074
0.910741
0.910741
0.910742
0.910742
0.910743
0.910743
0.910743
0.910744
0.910744
0.910745
0.910745
0.910745
0.910746
0.910746
0.910746
0.910747
0.910747
0.910748
0.910748
0.910748
0.910749
0.910749
0.910749
0.91075
0.91075
0.91075
0.910751
0.910751
0.910751
0.910752
0.910752
0.910752
0.910753
0.910753
0.910753
0.910754
0.910754
0.910754
0.910755
0.910755
0.910755
0.910756
0.910756
0.910756
0.910757
0.910757
0.910757
0.910758
0.910758
0.910758
0.910758
0.910759
0.910759
0.910759
0.91076
0.91076
0.91076
0.91076
0.910761
0.910761
0.910761
0.910762
0.910762
0.910762
0.910762
0.910763
0.910763
0.910763
0.910763
0.910764
0.910764
0.910764
0.910764
0.910765
0.910765
0.910765
0.910765
0.910766
0.910766
0.910766
0.910766
0.910767
0.910767
0.910767
0.910767
0.910768
0.910768
0.910768
0.910768
0.910769
0.910769
0.910769
0.910769
0.910769
0.91077
0.91077
0.91077
0.91077
0.910771
0.910771
0.910771
0.910771
0.910771
0.910772
0.910772
0.910772
0.910772
0.910772
0.910773
0.910773
0.910773
0.910773
0.910773
0.910774
0.910774
0.910774
0.910774
0.910774
0.910775
0.910775
0.910775
0.910775
0.910775
0.910775
0.910776
0.910776
0.910776
0.910776
0.910776
0.910777
0.910777
0.910777
0.910777
0.910777
0.910777
0.910778
0.910778
0.910778
0.910778
0.910778
0.910778
0.910778
0.910779
0.910779
0.910779
0.910779
0.910779
0.910779
0.91078
0.91078
0.91078
0.91078
0.91078
0.91078
0.91078
0.910781
0.910781
0.910781
0.910781
0.910781
0.910781
0.910781
0.910782
0.910782
0.910782
0.910782
0.910782
0.910782
0.910782
0.910783
0.910783
0.910783
0.910783
0.910783
0.910783
0.910783
0.910783
0.910784
0.910784
0.910784
0.910784
0.910784
0.910784
0.910784
0.910784
0.910785
0.910785
0.910785
0.910785
0.910785
0.910785
0.910785
0.910785
0.910785
0.910786
0.910786
0.910786
0.910786
0.910786
0.910786
0.910786
0.910786
0.910786
0.910787
0.910787
0.910787
0.910787
0.910787
0.910787
0.910787
0.910787
0.910787
0.910787
0.910788
0.910788
0.910788
0.910788
0.910788
0.910788
0.910788
0.910788
0.910788
0.910788
0.910789
0.910789
0.910789
0.910789
0.910789
0.910789
0.910789
0.910789
0.910789
0.910789
0.910789
0.910789
0.91079
0.91079
0.91079
0.91079
0.91079
0.91079
0.91079
0.91079
0.91079
0.91079
0.91079
0.91079
0.910791
0.910791
0.910791
0.910791
0.910791
0.910791
0.910791
0.910791
0.910791
0.910791
0.910791
0.910791
0.910791
0.910792
0.910792
0.910792
0.910792
0.910792
0.910792
0.910792
0.910792
0.910792
0.910792
0.910792
0.910792
0.910792
0.910792
0.910792
0.910793
0.910793
0.910793
0.910793
0.910793
0.910793
0.910793
0.910793
0.910793
0.910793
0.910793
0.910793
0.910793
0.910793
0.910793
0.910793
0.910793
0.910794
0.910794
0.910794
0.910794
0.910794
0.910794
0.910794
0.910794
0.910794
0.910794
0.910794
0.910794
0.910794
0.910794
0.910794
0.910794
0.910794
0.910794
0.910795
0.910795
0.910795
0.910795
0.910795
0.910795
0.910795
0.910795
0.910795
0.910795
0.910795
0.910795
0.910795
0.910795
0.910795
0.910795
0.910795
0.910795
0.910795
0.910795
0.910795
0.910796
0.910796
0.910796
0.910796
0.910796
0.910796
0.910796
0.910796
0.910796
0.910796
0.910796
0.910796
0.910796
0.910796
0.910796
0.910796
0.910796
0.910796
0.910796
0.910796
0.910796
0.910796
0.910796
0.910796
0.910796
0.910797
0.910797
0.910797
0.910797
0.910797
0.910797
0.910797
0.910797
0.910797
0.910797
0.910797
0.910797
0.910797
0.910797
0.910797
0.910797
0.910797
0.910797
0.910797
0.910797
0.910797
0.910797
0.910797
0.910797
0.910797
0.910797
0.910797
0.910797
0.910797
0.910798
0.910798
0.910798
0.910798
0.910798
0.910798
0.910798
0.910798
0.910798
0.910798
0.910798
0.910798
0.910798
0.910798
0.910798
0.910798
0.910798
0.910798
0.910798
0.910798
0.910798
0.910798
0.910798
0.910798
0.910798
0.910798
0.910798
0.910798
0.910798
0.910798
0.910798
0.910798
0.910798
0.910798
0.910798
0.910798
0.910798
0.910799
0.910799
0.910799
0.910799
0.910799
0.910799
0.910799
0.910799
0.910799
0.910799
0.910799
0.910799
0.910799
0.910799
0.910799
0.910799
0.910799
0.910799
0.910799
0.910799
0.910799
0.910799
0.910799
0.910799
0.910799
0.910799
0.910799
0.910799
0.910799
0.910799
0.910799
0.910799
0.910799
0.910799
0.910799
0.910799
0.910799
0.910799
0.910799
0.910799
0.910799
0.910799
0.910799
0.910799
0.910799
0.910799
0.910799
0.910799
0.910799
0.910799
0.9108
0.9108
0.9108
0.9108
0.9108
0.9108
0.9108
0.9108
0.9108
0.9108
0.9108
0.9108
0.9108
0.9108
0.9108
0.9108
0.9108
0.9108
0.9108
0.9108
0.9108
0.9108
0.9108
0.9108
0.9108
0.9108
0.9108
0.9108
0.9108
0.9108
0.9108
0.9108
0.9108
0.9108
0.9108
0.9108
0.9108
0.9108
0.9108
0.9108
0.9108
0.9108
0.9108
0.9108
0.9108
0.9108
0.9108
0.9108
0.9108
0.9108
0.9108
0.9108
0.9108
0.9108
0.9108
0.9108
0.9108
0.9108
0.9108
0.9108
0.9108
0.9108
0.9108
0.9108
0.9108
0.9108
0.9108
0.9108
0.9108
0.9108
0.9108
0.9108
0.9108
0.9108
0.9108
0.910801
0.910801
0.910801
0.910801
0.910801
0.910801
0.910801
0.910801
0.910801
0.910801
0.910801
0.910801
0.910801
0.910801
0.910801
0.910801
0.910801
0.910801
0.910801
0.910801
0.910801
0.910801
0.910801
0.910801
0.910801
0.910801
0.910801
0.910801
0.910801
0.910801
0.910801
0.910801
0.910801
0.910801
0.910801
0.910801
0.910801
0.910801
0.910801
0.910801
0.910801
0.910801
0.910801
0.910801
0.910801
0.910801
0.910801
0.910801
0.910801
0.910801
0.910801
0.910801
0.910801
0.910801
0.910801
0.910801
0.910801
0.910801
0.910801
0.910801
0.910801
0.910801
0.910801
0.910801
0.910801
0.910801
0.910801
0.910801
0.910801
0.910801
0.910801
0.910801
0.910801
0.910801
0.910801
0.910801
0.910801
0.910801
0.910801
0.910801
0.910801
0.910801
0.910801
0.910801
0.910801
0.910801
0.910801
0.910801
0.910801
0.910801
0.910801
0.910801
0.910801
0.910801
0.910801
0.910801
0.910801
0.910801
0.910801
0.910801
0.910801
0.910801
0.910801
0.910801
0.910801
0.910801
0.910801
0.910801
0.910801
0.910801
0.910801
0.910801
0.910801
0.910801
0.910801
0.910801
0.910801
0.910801
0.910801
0.910801
0.910801
0.910801
0.910801
0.910801
0.910801
0.910801
0.910801
0.910801
0.910801
0.910801
0.910801
0.910801
0.910801
0.910801
0.910801
0.910801
0.910801
0.910801
0.910801
0.910801
0.910801
0.910801
0.910801
0.910801
0.910801
0.910801
0.910801
0.910801
0.910801
0.910801
0.910801
0.910801
0.910801
0.910801
0.910801
0.910801
0.910801
0.910801
0.910801
0.910801
0.910802
0.910802
0.910802
0.910802
0.910802
0.910802
0.910802
0.910802
0.910802
0.910802
0.910802
0.910802
0.910802
0.910802
0.910802
0.910802
0.910802
0.910802
0.910802
0.910802
0.910802
0.910802
0.910802
0.910802
0.910802
0.910802
0.910802
0.910802
0.910802
0.910802
0.910802
0.910802
0.910802
0.910802
0.910802
0.910802
0.910802
0.910802
0.910802
0.910802
0.910802
0.910802
0.910802
0.910802
0.910802
0.910802
0.910802
0.910802
0.910802
0.910802
0.910802
0.910802
0.910802
0.910802
0.910802
0.910802
0.910802
0.910802
0.910802
0.910802
0.910802
0.910802
0.910802
0.910802
0.910802
0.910802
0.910802
0.910802
0.910802
0.910802
0.910802
0.910802
0.910802
0.910802
0.910802
0.910802
0.910802
0.910802
0.910802
0.910802
0.910802
0.910802
0.910802
0.910802
0.910802
0.910802
0.910802
0.910802
0.910802
0.910802
0.910802
0.910802
0.910802
0.910802
0.910802
0.910802
0.910802
0.910802
0.910802
0.910802
0.910802
0.910802
0.910802
0.910802
0.910802
0.910802
0.910802
0.910802
0.910802
0.910802
0.910802
0.910802
0.910802
0.910802
0.910802
0.910802
0.910802
0.910802
0.910802
0.910802
0.910802
0.910802
0.910802
0.910802
0.910802
0.910802
0.910802
0.910802
0.910802
0.910802
0.910802
0.910802
0.910802
0.910802
0.910802
0.910802
0.910802
0.910802
0.910802
0.910802
0.910802
0.910802
0.910802
0.910802
0.910802
0.910802
0.910802
0.910802
0.910802
0.910802
0.910802
0.910802
0.910802
0.910802
0.910802
0.910802
0.910802
0.910802
0.910802
0.910802
0.910802
0.910802
0.910802
0.910802
0.910802
0.910802
0.910802
0.910802
0.910802
0.910802
0.910802
0.910802
0.910802
0.910802
0.910802
0.910802
0.910802
0.910802
0.910802
0.910802
0.910802
0.910802
0.910802
0.910802
0.910802
0.910802
0.910802
0.910802
0.910802
0.910802
0.910802
0.910802
0.910802
0.910802
0.910802
0.910802
0.910802
0.910802
0.910802
0.910802
0.910802
0.910802
0.910802
0.910802
0.910802
0.910802
0.910802
0.910802
0.910802
0.910802
0.910802
0.910802
0.910802
0.910802
0.910802
0.910802
0.910802
0.910802
0.910802
0.910802
0.910802
0.910802
0.910802
0.910802
0.910802
0.910802
0.910802
0.910802
0.910802
0.910802
0.910802
0.910802
0.910802
0.910802
0.910802
0.910802
0.910802
0.910802
0.910802
0.910802
0.910802
0.910802
0.910802
0.910802
0.910802
0.910802
0.910802
0.910802
0.910802
0.910802
0.910802
0.910802
0.910802
0.910802
0.910802
0.910802
0.910802
0.910802
0.910802
0.910802
0.910802
0.910802
0.910802
0.910802
0.910802
0.910802
0.910802
0.910802
0.910802
0.910802
0.910802
0.910802
0.910802
0.910802
0.910802
0.910802
0.910802
0.910802
0.910802
0.910802
0.910802
0.910802
0.910802
0.910802
0.910802
0.910802
0.910802
0.910802
0.910802
0.910802
0.910802
0.910802
0.910802
0.910802
0.910802
0.910802
0.910802
0.910802
0.910802
0.910802
0.910802
0.910802
0.910802
0.910802
0.910802
0.910802
0.910802
0.910802
0.910802
0.910802
0.910802
0.910802
0.910802
0.910802
0.910802
0.910802
0.910802
0.910802
0.910802
0.910802
0.910802
0.910802
0.910802
0.910802
0.910802
0.910802
0.910802
0.910802
0.910802
0.910802
0.910802
0.910802
0.910802
0.910802
0.910802
0.910802
0.910802
0.910802
0.910802
0.910802
0.910802
0.910802
0.910802
0.910802
0.910802
0.910802
0.910802
0.910802
0.910802
0.910802
0.910802
0.910802
0.910802
0.910802
0.910802
0.910802
0.910802
0.910802
0.910802
0.910802
0.910802
0.910802
0.910802
0.910802
0.910802
0.910802
0.910802
0.910802
0.910802
0.910802
0.910802
0.910802
0.910802
0.910802
0.910802
0.910802
0.910802
0.910802
0.910802
0.910802
0.910802
0.910802
0.910802
0.910802
0.910802
0.910802
0.910802
0.910802
0.910802
0.910802
0.910802
0.910802
0.910802
0.910802
0.910802
0.910802
0.910802
0.910802
0.910802
0.910802
0.910802
0.910802
0.910802
0.910802
0.910802
0.910802
0.910802
0.910802
0.910802
0.910802
0.910802
0.910802
0.910802
0.910802
0.910802
0.910802
0.910802
0.910802
0.910802
0.910802
0.910802
0.910802
0.910802
0.910802
0.910802
0.910802
0.910802
0.910802
0.910802
0.910802
0.910802
0.910802
0.910802
0.910802
0.910802
0.910802
0.910802
0.910802
0.910802
0.910802
0.910802
0.910802
0.910802
0.910802
0.910802
0.910802
0.910802
0.910802
0.910802
0.910802
0.910802
0.910802
0.910802
0.910802
0.910802
0.910802
0.910802
0.910802
0.910802
0.910802
0.910802
0.910802
0.910802
0.910802
0.910802
0.910802
0.910802
0.910802
0.910802
0.910802
0.910802
0.910802
0.910802
0.910802
0.910802
0.910802
0.910802
0.910802
0.910802
0.910802
0.910802
0.910802
0.910802
0.910802
0.910802
0.910802
0.910802
0.910802
0.910802
0.910802
0.910802
0.910802
0.910802
0.910802
0.910802
0.910802
0.910802
0.910802
0.910802
0.910802
0.910802
0.910802
0.910802
0.910802
0.910802
0.910802
0.910802
0.910802
0.910802
0.910802
0.910802
0.910802
0.910802
0.910802
0.910802
0.910802
0.910802
0.910802
0.910802
0.910802
0.910802
0.910802
0.910802
0.910802
0.910802
0.910802
0.910802
0.910802
0.910802
0.910802
0.910802
0.910802
0.910802
0.910802
0.910802
0.910802
0.910802
0.910802
0.910802
0.910802
0.910802
0.910802
0.910802
0.910802
0.910802
0.910802
0.910802
0.910802
0.910802
0.910802
0.910802
0.910802
0.910802
0.910802
0.910802
0.910802
0.910802
0.910802
0.910802
0.910802
0.910802
0.910802
0.910802
0.910802
0.910802
0.910802
0.910802
0.910802
0.910802
0.910802
0.910802
0.910802
0.910802
0.910802
0.910802
0.910802
0.910802
0.910802
0.910802
0.910802
0.910802
0.910802
0.910802
0.910802
0.910802
0.910802
0.910802
0.910802
0.910802
0.910802
0.910802
0.910802
0.910802
0.910802
0.910802
0.910802
0.910802
0.910802
0.910802
0.910802
0.910802
0.910802
0.910802
0.910802
0.910802
0.910802
0.910802
0.910802
0.910802
0.910802
0.910802
0.910802
0.910802
0.910802
0.910802
0.910802
0.910802
0.910802
0.910802
0.910802
0.910802
0.910802
0.910802
0.910802
0.910802
0.910802
0.910802
0.910802
0.910802
0.910802
0.910802
0.910802
0.910802
0.910802
0.910802
0.910802
0.910802
0.910802
0.910802
0.910802
0.910802
0.910802
0.910802
0.910802
0.910802
0.910802
0.910802
0.910802
0.910802
0.910802
0.910802
0.910802
0.910802
0.910802
0.910802
0.910802
0.910802
0.910802
0.910802
0.910802
0.910802
0.910802
0.910802
0.910802
0.910802
0.910802
0.910802
0.910802
0.910802
0.910802
0.910802
0.910802
0.910802
0.910802
0.910802
0.910802
0.910802
0.910802
0.910802
0.910802
0.910802
0.910802
0.910802
0.910802
0.910802
0.910802
0.910802
0.910802
0.910802
0.910802
0.910802
0.910802
0.910802
0.910802
0.910802
0.910802
0.910802
0.910802
0.910802
0.910802
0.910802
0.910802
0.910802
0.910802
0.910802
0.910802
0.910802
0.910802
0.910802
0.910802
0.910802
0.910802
0.910802
0.910802
0.910802
0.910802
0.910802
0.910802
0.910802
0.910802
0.910802
0.910802
0.910802
0.910802
0.910802
0.910802
0.910802
0.910802
0.910802
0.910802
0.910802
0.910802
0.910802
0.910802
0.910802
0.910802
0.910802
0.910802
0.910802
0.910802
0.910802
0.910802
0.910802
0.910802
0.910802
0.910802
0.910802
0.910802
0.910802
0.910802
0.910802
0.910802
0.910802
0.910802
0.910802
0.910802
0.910802
0.910802
0.910802
0.910802
0.910802
0.910802
0.910802
0.910802
0.910802
0.910802
0.910802
0.910802
0.910802
0.910802
0.910802
0.910802
0.910802
0.910802
0.910802
0.910802
0.910802
0.910802
0.910802
0.910802
0.910802
0.910802
0.910802
0.910802
0.910802
0.910802
0.910802
0.910802
0.910802
0.910802
0.910802
0.910802
0.910802
0.910802
0.910802
0.910802
0.910802
0.910802
0.910802
0.910802
0.910802
0.910802
0.910802
0.910802
0.910802
0.910802
0.910802
0.910802
0.910802
0.910802
0.910802
0.910802
0.910802
0.910802
0.910802
0.910802
0.910802
0.910802
0.910802
0.910802
0.910802
0.910802
0.910802
0.910802
0.910802
0.910802
0.910802
0.910802
0.910802
0.910802
0.910802
0.910802
0.910802
0.910802
0.910802
0.910802
0.910802
0.910802
0.910802
0.910802
0.910802
0.910802
0.910802
0.910802
0.910802
0.910802
0.910802
0.910802
0.910802
0.910802
0.910802
0.910802
0.910802
0.910802
0.910802
0.910802
0.910802
0.910802
0.910802
0.910802
0.910802
0.910802
0.910802
0.910802
0.910802
0.910802
0.910802
0.910802
0.910802
0.910802
0.910802
0.910802
0.910802
0.910802
0.910802
0.910802
0.910802
0.910802
0.910802
0.910802
0.910802
0.910802
0.910802
0.910802
0.910802
0.910802
0.910802
0.910802
0.910802
0.910802
0.910802
0.910802
0.910802
0.910802
0.910802
0.910802
0.910802
0.910802
0.910802
0.910802
0.910802
0.910802
0.910802
0.910802
0.910802
0.910802
0.910802
0.910802
0.910802
0.910802
0.910802
0.910802
0.910802
0.910802
0.910802
0.910802
0.910802
0.910802
0.910802
0.910802
0.910802
0.910802
0.910802
0.910802
0.910802
0.910802
0.910802
0.910802
0.910802
0.910802
0.910802
0.910802
0.910802
0.910802
0.910802
0.910802
0.910802
0.910802
0.910802
0.910802
0.910802
0.910802
0.910802
0.910802
0.910802
0.910802
0.910802
0.910802
0.910802
0.910802
0.910802
0.910802
0.910802
0.910802
0.910802
0.910802
0.910802
0.910802
0.910802
0.910802
0.910802
0.910802
0.910802
0.910802
0.910802
0.910802
0.910802
0.910802
0.910802
0.910802
0.910802
0.910802
0.910802
0.910802
0.910802
0.910802
0.910802
0.910802
0.910802
0.910802
0.910802
0.910802
0.910802
0.910802
0.910802
0.910802
0.910802
0.910802
0.910802
0.910802
0.910802
0.910802
0.910802
0.910802
0.910802
0.910802
0.910802
0.910802
0.910802
0.910802
0.910802
0.910802
0.910802
0.910802
0.910802
0.910802
0.910802
0.910802
0.910802
0.910802
0.910802
0.910802
0.910802
0.910802
0.910802
0.910802
0.910802
0.910802
0.910802
0.910802
0.910802
0.910802
0.910802
0.910802
0.910802
0.910802
0.910802
0.910802
0.910802
0.910802
0.910802
0.910802
0.910802
0.910802
0.910802
0.910802
0.910802
0.910802
0.910802
0.910802
0.910802
0.910802
0.910802
0.910802
0.910802
0.910802
0.910802
0.910802
0.910802
0.910802
0.910802
0.910802
0.910802
0.910802
0.910802
0.910802
0.910802
0.910802
0.910802
0.910802
0.910802
0.910802
0.910802
0.910802
0.910802
0.910802
0.910802
0.910802
0.910802
0.910802
0.910802
0.910802
0.910802
0.910802
0.910802
0.910802
0.910802
0.910802
0.910802
0.910802
0.910802
0.910802
0.910802
0.910802
0.910802
0.910802
0.910802
0.910802
0.910802
0.910802
0.910802
0.910802
0.910802
0.910802
0.910802
0.910802
0.910802
0.910802
0.910802
0.910802
0.910802
0.910802
0.910802
0.910802
0.910802
0.910802
0.910802
0.910802
0.910802
0.910802
0.910802
0.910802
0.910802
0.910802
0.910802
0.910802
0.910802
0.910802
0.910802
0.910802
0.910802
0.910802
0.910802
0.910802
0.910802
0.910802
0.910802
0.910802
0.910802
0.910802
0.910802
0.910802
0.910802
0.910802
0.910802
0.910802
0.910802
0.910802
0.910802
0.910802
0.910802
0.910802
0.910802
0.910802
0.910802
0.910802
0.910802
0.910802
0.910802
0.910802
0.910802
0.910802
0.910802
0.910802
0.910802
0.910802
0.910802
0.910802
0.910802
0.910802
0.910802
0.910802
0.910802
0.910802
0.910802
0.910802
0.910802
0.910802
0.910802
0.910802
0.910802
0.910802
0.910802
0.910802
0.910802
0.910802
0.910802
0.910802
0.910802
0.910802
0.910802
0.910802
0.910802
0.910802
0.910802
0.910802
0.910802
0.910802
0.910802
0.910802
0.910802
0.910802
0.910802
0.910802
0.910802
0.910802
0.910802
0.910802
0.910802
0.910802
0.910802
0.910802
0.910802
0.910802
0.910802
0.910802
0.910802
0.910802
0.910802
0.910802
0.910802
0.910802
0.910802
0.910802
0.910802
0.910802
0.910802
0.910802
0.910802
0.910802
0.910802
0.910802
0.910802
0.910802
0.910802
0.910802
0.910802
0.910802
0.910802
0.910802
0.910802
0.910802
0.910802
0.910802
0.910802
0.910802
0.910802
0.910802
0.910802
0.910802
0.910802
0.910802
0.910802
0.910802
0.910802
0.910802
0.910802
0.910802
0.910802
0.910802
0.910802
0.910802
0.910802
0.910802
0.910802
0.910802
0.910802
0.910802
0.910802
0.910802
0.910802
0.910802
0.910802
0.910802
0.910802
0.910802
0.910802
0.910802
0.910802
0.910802
0.910802
0.910802
0.910802
0.910802
0.910802
0.910802
0.910802
0.910802
0.910802
0.910802
0.910802
0.910802
0.910802
0.910802
0.910802
0.910802
0.910802
0.910802
0.910802
0.910802
0.910802
0.910802
0.910802
0.910802
0.910802
0.910802
0.910802
0.910802
0.910802
0.910802
0.910802
0.910802
0.910802
0.910802
0.910802
0.910802
0.910802
0.910802
0.910802
0.910802
0.910802
0.910802
0.910802
0.910802
0.910802
0.910802
0.910802
0.910802
0.910802
0.910802
0.910802
0.910802
0.910802
0.910802
0.910802
0.910802
0.910802
0.910802
0.910802
0.910802
0.910802
0.910802
0.910802
0.910802
0.910802
0.910802
0.910802
0.910802
0.910802
0.910802
0.910802
0.910802
0.910802
0.910802
0.910802
0.910802
0.910802
0.910802
0.910802
0.910802
0.910802
0.910802
0.910802
0.910802
0.910802
0.910802
0.910802
0.910802
0.910802
0.910802
0.910802
0.910802
0.910802
0.910802
0.910802
0.910802
0.910802
0.910802
0.910802
0.910802
0.910802
0.910802
0.910802
0.910802
0.910802
0.910802
0.910802
0.910802
0.910802
0.910802
0.910802
0.910802
0.910802
0.910802
0.910802
0.910802
0.910802
0.910802
0.910802
0.910802
0.910802
0.910802
0.910802
0.910802
0.910802
0.910802
0.910802
0.910802
0.910802
0.910802
0.910802
0.910802
0.910802
0.910802
0.910802
0.910802
0.910802
0.910802
0.910802
0.910802
0.910802
0.910802
0.910802
0.910802
0.910802
0.910802
0.910802
0.910802
0.910802
0.910802
0.910802
0.910802
0.910802
0.910802
0.910802
0.910802
0.910802
0.910802
0.910802
0.910802
0.910802
0.910802
0.910802
0.910802
0.910802
0.910802
0.910802
0.910802
0.910802
0.910802
0.910802
0.910802
0.910802
0.910802
0.910802
0.910802
0.910802
0.910802
0.910802
0.910802
0.910802
0.910802
0.910802
0.910802
0.910802
0.910802
0.910802
0.910802
0.910802
0.910802
0.910802
0.910802
0.910802
0.910802
0.910802
0.910802
0.910802
0.910802
0.910802
0.910802
0.910802
0.910802
0.910802
0.910802
0.910802
0.910802
0.910802
0.910802
0.910802
0.910802
0.910802
0.910802
0.910802
0.910802
0.910802
0.910802
0.910802
0.910802
0.910802
0.910802
0.910802
0.910802
0.910802
0.910802
0.910802
0.910802
0.910802
0.910802
0.910802
0.910802
0.910802
0.910802
0.910802
0.910802
0.910802
0.910802
0.910802
0.910802
0.910802
0.910802
0.910802
0.910802
0.910802
0.910802
0.910802
0.910802
0.910802
0.910802
0.910802
0.910802
0.910802
0.910802
0.910802
0.910802
0.910802
0.910802
0.910802
0.910802
0.910802
0.910802
0.910802
0.910802
0.910802
0.910802
0.910802
0.910802
0.910802
0.910802
0.910802
0.910802
0.910802
0.910802
0.910802
0.910802
0.910802
0.910802
0.910802
0.910802
0.910802
0.910802
0.910802
0.910802
0.910802
0.910802
0.910802
0.910802
0.910802
0.910802
0.910802
0.910802
0.910802
0.910802
0.910802
0.910802
0.910802
0.910802
0.910802
0.910802
0.910802
0.910802
0.910802
0.910802
0.910802
0.910802
0.910802
0.910802
0.910802
0.910802
0.910802
0.910802
0.910802
0.910802
0.910802
0.910802
0.910802
0.910802
0.910802
0.910802
0.910802
0.910802
0.910802
0.910802
0.910802
0.910802
0.910802
0.910802
0.910802
0.910802
0.910802
0.910802
0.910802
0.910802
0.910802
0.910802
0.910802
0.910802
0.910802
0.910802
0.910802
0.910802
0.910802
0.910802
0.910802
0.910802
0.910802
0.910802
0.910802
0.910802
0.910802
0.910802
0.910802
0.910802
0.910802
0.910802
0.910802
0.910802
0.910802
0.910802
0.910802
0.910802
0.910802
0.910802
0.910802
0.910802
0.910802
0.910802
0.910802
0.910802
0.910802
0.910802
0.910802
0.910802
0.910802
0.910802
0.910802
0.910802
0.910802
0.910802
0.910802
0.910802
0.910802
0.910802
0.910802
0.910802
0.910802
0.910802
0.910802
0.910802
0.910802
0.910802
0.910802
0.910802
0.910802
0.910802
0.910802
0.910802
0.910802
0.910802
0.910802
0.910802
0.910802
0.910802
0.910802
0.910802
0.910802
0.910802
0.910802
0.910802
0.910802
0.910802
0.910802
0.910802
0.910802
0.910802
0.910802
0.910802
0.910802
0.910802
0.910802
0.910802
0.910802
0.910802
0.910802
0.910802
0.910802
0.910802
0.910802
0.910802
0.910802
0.910802
0.910802
0.910802
0.910802
0.910802
0.910802
0.910802
0.910802
0.910802
0.910802
0.910802
0.910802
0.910802
0.910802
0.910802
0.910802
0.910802
0.910802
0.910802
0.910802
0.910802
0.910802
0.910802
0.910802
0.910802
0.910802
0.910802
0.910802
0.910802
0.910802
0.910802
0.910802
0.910802
0.910802
0.910802
0.910802
0.910802
0.910802
0.910802
0.910802
0.910802
0.910802
0.910802
0.910802
0.910802
0.910802
0.910802
0.910802
0.910802
0.910802
0.910802
0.910802
0.910802
0.910802
0.910802
0.910802
0.910802
0.910802
0.910802
0.910802
0.910802
0.910802
0.910802
0.910802
0.910802
0.910802
0.910802
0.910802
0.910802
0.910802
0.910802
0.910802
0.910802
0.910802
0.910802
0.910802
0.910802
0.910802
0.910802
0.910802
0.910802
0.910802
0.910802
0.910802
0.910802
0.910802
0.910802
0.910802
0.910802
0.910802
0.910802
0.910802
0.910802
0.910802
0.910802
0.910802
0.910802
0.910802
0.910802
0.910802
0.910802
0.910802
0.910802
0.910802
0.910802
0.910802
0.910802
0.910802
0.910802
0.910802
0.910802
0.910802
0.910802
0.910802
0.910802
0.910802
0.910802
0.910802
0.910802
0.910802
0.910802
0.910802
0.910802
0.910802
0.910802
0.910802
0.910802
0.910802
0.910802
0.910802
0.910802
0.910802
0.910802
0.910802
0.910802
0.910802
0.910802
0.910802
0.910802
0.910802
0.910802
0.910802
0.910802
0.910802
0.910802
0.910802
0.910802
0.910802
0.910802
0.910802
0.910802
0.910802
0.910802
0.910802
0.910802
0.910802
0.910802
0.910802
0.910802
0.910802
0.910802
0.910802
0.910802
0.910802
0.910802
0.910802
0.910802
0.910802
0.910802
0.910802
0.910802
0.910802
0.910802
0.910802
0.910802
0.910802
0.910802
0.910802
0.910802
0.910802
0.910802
0.910802
0.910802
0.910802
0.910802
0.910802
0.910802
0.910802
0.910802
0.910802
0.910802
0.910802
0.910802
0.910802
0.910802
0.910802
0.910802
0.910802
0.910802
0.910802
0.910802
0.910802
0.910802
0.910802
0.910802
0.910802
0.910802
0.910802
0.910802
0.910802
0.910802
0.910802
0.910802
0.910802
0.910802
0.910802
0.910802
0.910802
0.910802
0.910802
0.910802
0.910802
0.910802
0.910802
0.910802
0.910802
0.910802
0.910802
0.910802
0.910802
0.910802
0.910802
0.910802
0.910802
0.910802
0.910802
0.910802
0.910802
0.910802
0.910802
0.910802
0.910802
0.910802
0.910802
0.910802
0.910802
0.910802
0.910802
0.910802
0.910802
0.910802
0.910802
0.910802
0.910802
0.910802
0.910802
0.910802
0.910802
0.910802
0.910802
0.910802
0.910802
0.910802
0.910802
0.910802
0.910802
0.910802
0.910802
0.910802
0.910802
0.910802
0.910802
0.910802
0.910802
0.910802
0.910802
0.910802
0.910802
0.910802
0.910802
0.910802
0.910802
0.910802
0.910802
0.910802
0.910802
0.910802
0.910802
0.910802
0.910802
0.910802
0.910802
0.910802
0.910802
0.910802
0.910802
0.910802
0.910802
0.910802
0.910802
0.910802
0.910802
0.910802
0.910802
0.910802
0.910802
0.910802
0.910802
0.910802
0.910802
0.910802
0.910802
0.910802
0.910802
0.910802
0.910802
0.910802
0.910802
0.910802
0.910802
0.910802
0.910802
0.910802
0.910802
0.910802
0.910802
0.910802
0.910802
0.910802
0.910802
0.910802
0.910802
0.910802
0.910802
0.910802
0.910802
0.910802
0.910802
0.910802
0.910802
0.910802
0.910802
0.910802
0.910802
0.910802
0.910802
0.910802
0.910802
0.910802
0.910802
0.910802
0.910802
0.910802
0.910802
0.910802
0.910802
0.910802
0.910802
0.910802
0.910802
0.910802
0.910802
0.910802
0.910802
0.910802
0.910802
0.910802
0.910802
0.910802
0.910802
0.910802
0.910802
0.910802
0.910802
0.910802
0.910802
0.910802
0.910802
0.910802
0.910802
0.910802
0.910802
0.910802
0.910802
0.910802
0.910802
0.910802
0.910802
0.910802
0.910802
0.910802
0.910802
0.910802
0.910802
0.910802
0.910802
0.910802
0.910802
0.910802
0.910802
0.910802
0.910802
0.910802
0.910802
0.910802
0.910802
0.910802
0.910802
0.910802
0.910802
0.910802
0.910802
0.910802
0.910802
0.910802
0.910802
0.910802
0.910802
0.910802
0.910802
0.910802
0.910802
0.910802
0.910802
0.910802
0.910802
0.910802
0.910802
0.910802
0.910802
0.910802
0.910802
0.910802
0.910802
0.910802
0.910802
0.910802
0.910802
0.910802
0.910802
0.910802
0.910802
0.910802
0.910802
0.910802
0.910802
0.910802
0.910802
0.910802
0.910802
0.910802
0.910802
0.910802
0.910802
0.910802
0.910802
0.910802
0.910802
0.910802
0.910802
0.910802
0.910802
0.910802
0.910802
0.910802
0.910802
0.910802
0.910802
0.910802
0.910802
0.910802
0.910802
0.910802
0.910802
0.910802
0.910802
0.910802
0.910802
0.910802
0.910802
0.910802
0.910802
0.910802
0.910802
0.910802
0.910802
0.910802
0.910802
0.910802
0.910802
0.910802
0.910802
0.910802
0.910802
0.910802
0.910802
0.910802
0.910802
0.910802
0.910802
0.910802
0.910802
0.910802
0.910802
0.910802
0.910802
0.910802
0.910802
0.910802
0.910802
0.910802
0.910802
0.910802
0.910802
0.910802
0.910802
0.910802
0.910802
0.910802
0.910802
0.910802
0.910802
0.910802
0.910802
0.910802
0.910802
0.910802
0.910802
0.910802
0.910802
0.910802
0.910802
0.910802
0.910802
0.910802
0.910802
0.910802
0.910802
0.910802
0.910802
0.910802
0.910802
0.910802
0.910802
0.910802
0.910802
0.910802
0.910802
0.910802
0.910802
0.910802
0.910802
0.910802
0.910802
0.910802
0.910802
0.910802
0.910802
0.910802
0.910802
0.910802
0.910802
0.910802
0.910802
0.910802
0.910802
0.910802
0.910802
0.910802
0.910802
0.910802
0.910802
0.910802
0.910802
0.910802
0.910802
0.910802
0.910802
0.910802
0.910802
0.910802
0.910802
0.910802
0.910802
0.910802
0.910802
0.910802
0.910802
0.910802
0.910802
0.910802
0.910802
0.910802
0.910802
0.910802
0.910802
0.910802
0.910802
0.910802
0.910802
0.910802
0.910802
0.910802
0.910802
0.910802
0.910802
0.910802
0.910802
0.910802
0.910802
0.910802
0.910802
0.910802
0.910802
0.910802
0.910802
0.910802
0.910802
0.910802
0.910802
0.910802
0.910802
0.910802
0.910802
0.910802
0.910802
0.910802
0.910802
0.910802
0.910802
0.910802
0.910802
0.910802
0.910802
0.910802
0.910802
0.910802
0.910802
0.910802
0.910802
0.910802
0.910802
0.910802
0.910802
0.910802
0.910802
0.910802
0.910802
0.910802
0.910802
0.910802
0.910802
0.910802
0.910802
0.910802
0.910802
0.910802
0.910802
0.910802
0.910802
0.910802
0.910802
0.910802
0.910802
0.910802
0.910802
0.910802
0.910802
0.910802
0.910802
0.910802
0.910802
0.910802
0.910802
0.910802
0.910802
0.910802
0.910802
0.910802
0.910802
0.910802
0.910802
0.910802
0.910802
0.910802
0.910802
0.910802
0.910802
0.910802
0.910802
0.910802
0.910802
0.910802
0.910802
0.910802
0.910802
0.910802
0.910802
0.910802
0.910802
0.910802
0.910802
0.910802
0.910802
0.910802
0.910802
0.910802
0.910802
0.910802
0.910802
0.910802
0.910802
0.910802
0.910802
0.910802
0.910802
0.910802
0.910802
0.910802
0.910802
0.910802
0.910802
0.910802
0.910802
0.910802
0.910802
0.910802
0.910802
0.910802
0.910802
0.910802
0.910802
0.910802
0.910802
0.910802
0.910802
0.910802
0.910802
0.910802
0.910802
0.910802
0.910802
0.910802
0.910802
0.910802
0.910802
0.910802
0.910802
0.910802
0.910802
0.910802
0.910802
0.910802
0.910802
0.910802
0.910802
0.910802
0.910802
0.910802
0.910802
0.910802
0.910802
0.910802
0.910802
0.910802
0.910802
0.910802
0.910802
0.910802
0.910802
0.910802
0.910802
0.910802
0.910802
0.910802
0.910802
0.910802
0.910802
0.910802
0.910802
0.910802
0.910802
0.910802
0.910802
0.910802
0.910802
0.910802
0.910802
0.910802
0.910802
0.910802
0.910802
0.910802
0.910802
0.910802
0.910802
0.910802
0.910802
0.910802
0.910802
0.910802
0.910802
0.910802
0.910802
0.910802
0.910802
0.910802
0.910802
0.910802
0.910802
0.910802
0.910802
0.910802
0.910802
0.910802
0.910802
0.910802
0.910802
0.910802
0.910802
0.910802
0.910802
0.910802
0.910802
0.910802
0.910802
0.910802
0.910802
0.910802
0.910802
0.910802
0.910802
0.910802
0.910802
0.910802
0.910802
0.910802
0.910802
0.910802
0.910802
0.910802
0.910802
0.910802
0.910802
0.910802
0.910802
0.910802
0.910802
0.910802
0.910802
0.910802
0.910802
0.910802
0.910802
0.910802
0.910802
0.910802
0.910802
0.910802
0.910802
0.910802
0.910802
0.910802
0.910802
0.910802
0.910802
0.910802
0.910802
0.910802
0.910802
0.910802
0.910802
0.910802
0.910802
0.910802
0.910802
0.910802
0.910802
0.910802
0.910802
0.910802
0.910802
0.910802
0.910802
0.910802
0.910802
0.910802
0.910802
0.910802
0.910802
0.910802
0.910802
0.910802
0.910802
0.910802
0.910802
0.910802
0.910802
0.910802
0.910802
0.910802
0.910802
0.910802
0.910802
0.910802
0.910802
0.910802
0.910802
0.910802
0.910802
0.910802
0.910802
0.910802
0.910802
0.910802
0.910802
0.910802
0.910802
0.910802
0.910802
0.910802
0.910802
0.910802
0.910802
0.910802
0.910802
0.910802
0.910802
0.910802
0.910802
0.910802
0.910802
0.910802
0.910802
0.910802
0.910802
0.910802
0.910802
0.910802
0.910802
0.910802
0.910802
0.910802
0.910802
0.910802
0.910802
0.910802
0.910802
0.910802
0.910802
0.910802
0.910802
0.910802
0.910802
0.910802
0.910802
0.910802
0.910802
0.910802
0.910802
0.910802
0.910802
0.910802
0.910802
0.910802
0.910802
0.910802
0.910802
0.910802
0.910802
0.910802
0.910802
0.910802
0.910802
0.910802
0.910802
0.910802
0.910802
0.910802
0.910802
0.910802
0.910802
0.910802
0.910802
0.910802
0.910802
0.910802
0.910802
0.910802
0.910802
0.910802
0.910802
0.910802
0.910802
0.910802
0.910802
0.910802
0.910802
0.910802
0.910802
0.910802
0.910802
0.910802
0.910802
0.910802
0.910802
0.910802
0.910802
0.910802
0.910802
0.910802
0.910802
0.910802
0.910802
0.910802
0.910802
0.910802
0.910802
0.910802
0.910802
0.910802
0.910802
0.910802
0.910802
0.910802
0.910802
0.910802
0.910802
0.910802
0.910802
0.910802
0.910802
0.910802
0.910802
0.910802
0.910802
0.910802
0.910802
0.910802
0.910802
0.910802
0.910802
0.910802
0.910802
0.910802
0.910802
0.910802
0.910802
0.910802
0.910802
0.910802
0.910802
0.910802
0.910802
0.910802
0.910802
0.910802
0.910802
0.910802
0.910802
0.910802
0.910802
0.910802
0.910802
0.910802
0.910802
0.910802
0.910802
0.910802
0.910802
0.910802
0.910802
0.910802
0.910802
0.910802
0.910802
0.910802
0.910802
0.910802
0.910802
0.910802
0.910802
0.910802
0.910802
0.910802
0.910802
0.910802
0.910802
0.910802
0.910802
0.910802
0.910802
0.910802
0.910802
0.910802
0.910802
0.910802
0.910802
0.910802
0.910802
0.910802
0.910802
0.910802
0.910802
0.910802
0.910802
0.910802
0.910802
0.910802
0.910802
0.910802
0.910802
0.910802
0.910802
0.910802
0.910802
0.910802
0.910802
0.910802
0.910802
0.910802
0.910802
0.910802
0.910802
0.910802
0.910802
0.910802
0.910802
0.910802
0.910802
0.910802
0.910802
0.910802
0.910802
0.910802
0.910802
0.910802
0.910802
0.910802
0.910802
0.910802
0.910802
0.910802
0.910802
0.910802
0.910802
0.910802
0.910802
0.910802
0.910802
0.910802
0.910802
0.910802
0.910802
0.910802
0.910802
0.910802
0.910802
0.910802
0.910802
0.910802
0.910802
0.910802
0.910802
0.910802
0.910802
0.910802
0.910802
0.910802
0.910802
0.910802
