0.001
0.00813204
0.0173352
0.0274191
0.03766
0.0476598
0.0572236
0.0662767
0.0748117
0.0828563
0.0904545
0.0976548
0.104505
0.11105
0.117328
0.123374
0.129217
0.134881
0.140388
0.145756
0.151
0.156134
0.161167
0.166109
0.17097
0.175755
0.18047
0.185122
0.189714
0.194251
0.198736
0.203173
0.207564
0.211911
0.216217
0.220483
0.224712
0.228905
0.233063
0.237187
0.241279
0.24534
0.24937
0.253371
0.257342
0.261286
0.265202
0.269091
0.272953
0.276789
0.2806
0.284385
0.288146
0.291882
0.295594
0.299282
0.302947
0.306588
0.310206
0.313801
0.317374
0.320925
0.324453
0.327959
0.331443
0.334906
0.338348
0.341768
0.345166
0.348544
0.351901
0.355238
0.358554
0.361849
0.365124
0.368379
0.371614
0.374829
0.378024
0.3812
0.384356
0.387492
0.39061
0.393708
0.396787
0.399847
0.402888
0.405911
0.408914
0.4119
0.414867
0.417815
0.420746
0.423658
0.426552
0.429428
0.432287
0.435128
0.437951
0.440757
0.443545
0.446316
0.44907
0.451807
0.454527
0.45723
0.459916
0.462586
0.465239
0.467875
0.470495
0.473098
0.475686
0.478257
0.480812
0.483352
0.485875
0.488383
0.490875
0.493352
0.495813
0.498259
0.500689
0.503104
0.505504
0.507889
0.51026
0.512615
0.514956
0.517282
0.519593
0.52189
0.524172
0.526441
0.528695
0.530934
0.53316
0.535372
0.53757
0.539754
0.541925
0.544081
0.546225
0.548354
0.550471
0.552574
0.554664
0.556741
0.558804
0.560855
0.562893
0.564918
0.56693
0.56893
0.570917
0.572892
0.574854
0.576803
0.578741
0.580666
0.582579
0.58448
0.58637
0.588247
0.590112
0.591966
0.593808
0.595638
0.597457
0.599264
0.60106
0.602845
0.604618
0.606381
0.608132
0.609872
0.611601
0.613319
0.615026
0.616723
0.618409
0.620084
0.621749
0.623403
0.625047
0.62668
0.628303
0.629916
0.631518
0.633111
0.634693
0.636266
0.637828
0.639381
0.640924
0.642457
0.643981
0.645494
0.646999
0.648493
0.649979
0.651455
0.652921
0.654379
0.655827
0.657266
0.658696
0.660117
0.661529
0.662932
0.664326
0.665711
0.667088
0.668455
0.669815
0.671165
0.672507
0.673841
0.675166
0.676483
0.677792
0.679092
0.680384
0.681668
0.682943
0.684211
0.685471
0.686723
0.687966
0.689202
0.69043
0.691651
0.692863
0.694068
0.695266
0.696456
0.697638
0.698813
0.69998
0.70114
0.702293
0.703438
0.704576
0.705707
0.706831
0.707948
0.709058
0.71016
0.711256
0.712345
0.713426
0.714501
0.71557
0.716631
0.717686
0.718734
0.719776
0.72081
0.721839
0.722861
0.723876
0.724885
0.725888
0.726884
0.727874
0.728857
0.729835
0.730806
0.731771
0.73273
0.733683
0.73463
0.735571
0.736506
0.737435
0.738359
0.739276
0.740188
0.741093
0.741994
0.742888
0.743777
0.74466
0.745537
0.746409
0.747276
0.748137
0.748993
0.749843
0.750687
0.751527
0.752361
0.75319
0.754014
0.754832
0.755645
0.756453
0.757256
0.758054
0.758847
0.759635
0.760418
0.761196
0.761969
0.762737
0.7635
0.764259
0.765012
0.765761
0.766505
0.767245
0.767979
0.76871
0.769435
0.770156
0.770872
0.771584
0.772291
0.772994
0.773693
0.774387
0.775076
0.775761
0.776442
0.777119
0.777791
0.778459
0.779123
0.779783
0.780438
0.78109
0.781737
0.78238
0.783019
0.783654
0.784285
0.784912
0.785535
0.786154
0.786769
0.787381
0.787988
0.788592
0.789192
0.789788
0.79038
0.790968
0.791553
0.792134
0.792711
0.793285
0.793855
0.794422
0.794985
0.795544
0.7961
0.796652
0.797201
0.797746
0.798288
0.798827
0.799362
0.799893
0.800422
0.800947
0.801468
0.801987
0.802502
0.803014
0.803522
0.804027
0.80453
0.805029
0.805524
0.806017
0.806507
0.806993
0.807477
0.807957
0.808434
0.808909
0.80938
0.809848
0.810314
0.810776
0.811236
0.811692
0.812146
0.812597
0.813045
0.81349
0.813932
0.814372
0.814809
0.815243
0.815674
0.816102
0.816528
0.816951
0.817372
0.81779
0.818205
0.818617
0.819027
0.819434
0.819839
0.820241
0.820641
0.821038
0.821433
0.821825
0.822214
0.822602
0.822986
0.823369
0.823749
0.824126
0.824501
0.824874
0.825244
0.825612
0.825978
0.826341
0.826702
0.827061
0.827418
0.827772
0.828124
0.828474
0.828821
0.829167
0.82951
0.829851
0.83019
0.830527
0.830861
0.831194
0.831524
0.831852
0.832179
0.832503
0.832825
0.833145
0.833463
0.833779
0.834093
0.834405
0.834715
0.835023
0.83533
0.835634
0.835936
0.836236
0.836535
0.836832
0.837126
0.837419
0.83771
0.837999
0.838287
0.838572
0.838856
0.839138
0.839418
0.839697
0.839973
0.840248
0.840521
0.840793
0.841062
0.84133
0.841597
0.841861
0.842124
0.842385
0.842645
0.842903
0.843159
0.843414
0.843667
0.843919
0.844169
0.844417
0.844664
0.844909
0.845153
0.845395
0.845635
0.845874
0.846112
0.846348
0.846583
0.846816
0.847047
0.847277
0.847506
0.847733
0.847959
0.848184
0.848407
0.848628
0.848848
0.849067
0.849284
0.8495
0.849715
0.849928
0.85014
0.850351
0.85056
0.850768
0.850975
0.85118
0.851384
0.851587
0.851788
0.851988
0.852187
0.852385
0.852581
0.852776
0.85297
0.853163
0.853354
0.853545
0.853734
0.853922
0.854108
0.854294
0.854478
0.854661
0.854843
0.855024
0.855204
0.855382
0.85556
0.855736
0.855911
0.856085
0.856258
0.85643
0.856601
0.856771
0.856939
0.857107
0.857274
0.857439
0.857603
0.857767
0.857929
0.858091
0.858251
0.85841
0.858568
0.858726
0.858882
0.859037
0.859192
0.859345
0.859497
0.859649
0.859799
0.859949
0.860097
0.860245
0.860392
0.860537
0.860682
0.860826
0.860969
0.861111
0.861253
0.861393
0.861532
0.861671
0.861809
0.861945
0.862081
0.862216
0.862351
0.862484
0.862616
0.862748
0.862879
0.863009
0.863138
0.863267
0.863394
0.863521
0.863647
0.863772
0.863897
0.86402
0.864143
0.864265
0.864386
0.864507
0.864627
0.864746
0.864864
0.864981
0.865098
0.865214
0.865329
0.865444
0.865558
0.865671
0.865783
0.865895
0.866006
0.866116
0.866226
0.866334
0.866443
0.86655
0.866657
0.866763
0.866869
0.866973
0.867077
0.867181
0.867284
0.867386
0.867488
0.867588
0.867689
0.867788
0.867887
0.867986
0.868083
0.868181
0.868277
0.868373
0.868468
0.868563
0.868657
0.86875
0.868843
0.868936
0.869027
0.869119
0.869209
0.869299
0.869389
0.869478
0.869566
0.869654
0.869741
0.869827
0.869913
0.869999
0.870084
0.870169
0.870252
0.870336
0.870419
0.870501
0.870583
0.870664
0.870745
0.870825
0.870905
0.870984
0.871063
0.871142
0.871219
0.871297
0.871373
0.87145
0.871526
0.871601
0.871676
0.87175
0.871824
0.871898
0.871971
0.872043
0.872115
0.872187
0.872258
0.872329
0.872399
0.872469
0.872538
0.872607
0.872676
0.872744
0.872811
0.872879
0.872946
0.873012
0.873078
0.873143
0.873209
0.873273
0.873338
0.873401
0.873465
0.873528
0.873591
0.873653
0.873715
0.873776
0.873838
0.873898
0.873959
0.874019
0.874078
0.874137
0.874196
0.874255
0.874313
0.874371
0.874428
0.874485
0.874542
0.874598
0.874654
0.874709
0.874765
0.87482
0.874874
0.874928
0.874982
0.875036
0.875089
0.875142
0.875194
0.875246
0.875298
0.87535
0.875401
0.875452
0.875502
0.875552
0.875602
0.875652
0.875701
0.87575
0.875799
0.875847
0.875895
0.875943
0.87599
0.876037
0.876084
0.876131
0.876177
0.876223
0.876269
0.876314
0.876359
0.876404
0.876448
0.876493
0.876536
0.87658
0.876624
0.876667
0.87671
0.876752
0.876794
0.876836
0.876878
0.87692
0.876961
0.877002
0.877043
0.877083
0.877123
0.877163
0.877203
0.877243
0.877282
0.877321
0.877359
0.877398
0.877436
0.877474
0.877512
0.877549
0.877587
0.877624
0.87766
0.877697
0.877733
0.877769
0.877805
0.877841
0.877876
0.877912
0.877947
0.877981
0.878016
0.87805
0.878084
0.878118
0.878152
0.878185
0.878219
0.878252
0.878284
0.878317
0.878349
0.878382
0.878414
0.878445
0.878477
0.878508
0.87854
0.878571
0.878601
0.878632
0.878662
0.878693
0.878723
0.878753
0.878782
0.878812
0.878841
0.87887
0.878899
0.878928
0.878956
0.878985
0.879013
0.879041
0.879069
0.879096
0.879124
0.879151
0.879178
0.879205
0.879232
0.879259
0.879285
0.879311
0.879338
0.879364
0.879389
0.879415
0.87944
0.879466
0.879491
0.879516
0.879541
0.879565
0.87959
0.879614
0.879639
0.879663
0.879686
0.87971
0.879734
0.879757
0.879781
0.879804
0.879827
0.87985
0.879872
0.879895
0.879917
0.87994
0.879962
0.879984
0.880006
0.880027
0.880049
0.88007
0.880092
0.880113
0.880134
0.880155
0.880176
0.880196
0.880217
0.880237
0.880258
0.880278
0.880298
0.880318
0.880337
0.880357
0.880377
0.880396
0.880415
0.880434
0.880453
0.880472
0.880491
0.88051
0.880528
0.880547
0.880565
0.880583
0.880601
0.880619
0.880637
0.880655
0.880673
0.88069
0.880707
0.880725
0.880742
0.880759
0.880776
0.880793
0.88081
0.880826
0.880843
0.880859
0.880876
0.880892
0.880908
0.880924
0.88094
0.880956
0.880971
0.880987
0.881003
0.881018
0.881033
0.881049
0.881064
0.881079
0.881094
0.881109
0.881123
0.881138
0.881153
0.881167
0.881182
0.881196
0.88121
0.881224
0.881238
0.881252
0.881266
0.88128
0.881293
0.881307
0.881321
0.881334
0.881347
0.881361
0.881374
0.881387
0.8814
0.881413
0.881426
0.881438
0.881451
0.881464
0.881476
0.881489
0.881501
0.881513
0.881525
0.881538
0.88155
0.881562
0.881573
0.881585
0.881597
0.881609
0.88162
0.881632
0.881643
0.881655
0.881666
0.881677
0.881688
0.881699
0.88171
0.881721
0.881732
0.881743
0.881754
0.881765
0.881775
0.881786
0.881796
0.881807
0.881817
0.881827
0.881837
0.881848
0.881858
0.881868
0.881878
0.881888
0.881897
0.881907
0.881917
0.881927
0.881936
0.881946
0.881955
0.881965
0.881974
0.881983
0.881992
0.882002
0.882011
0.88202
0.882029
0.882038
0.882047
0.882055
0.882064
0.882073
0.882082
0.88209
0.882099
0.882107
0.882116
0.882124
0.882132
0.882141
0.882149
0.882157
0.882165
0.882173
0.882181
0.882189
0.882197
0.882205
0.882213
0.882221
0.882228
0.882236
0.882244
0.882251
0.882259
0.882266
0.882274
0.882281
0.882289
0.882296
0.882303
0.88231
0.882317
0.882325
0.882332
0.882339
0.882346
0.882353
0.88236
0.882366
0.882373
0.88238
0.882387
0.882393
0.8824
0.882407
0.882413
0.88242
0.882426
0.882433
0.882439
0.882445
0.882452
0.882458
0.882464
0.88247
0.882476
0.882483
0.882489
0.882495
0.882501
0.882507
0.882513
0.882518
0.882524
0.88253
0.882536
0.882542
0.882547
0.882553
0.882559
0.882564
0.88257
0.882575
0.882581
0.882586
0.882592
0.882597
0.882602
0.882608
0.882613
0.882618
0.882623
0.882629
0.882634
0.882639
0.882644
0.882649
0.882654
0.882659
0.882664
0.882669
0.882674
0.882679
0.882683
0.882688
0.882693
0.882698
0.882703
0.882707
0.882712
0.882716
0.882721
0.882726
0.88273
0.882735
0.882739
0.882744
0.882748
0.882752
0.882757
0.882761
0.882765
0.88277
0.882774
0.882778
0.882782
0.882787
0.882791
0.882795
0.882799
0.882803
0.882807
0.882811
0.882815
0.882819
0.882823
0.882827
0.882831
0.882835
0.882839
0.882842
0.882846
0.88285
0.882854
0.882857
0.882861
0.882865
0.882868
0.882872
0.882876
0.882879
0.882883
0.882886
0.88289
0.882893
0.882897
0.8829
0.882904
0.882907
0.882911
0.882914
0.882917
0.882921
0.882924
0.882927
0.88293
0.882934
0.882937
0.88294
0.882943
0.882946
0.88295
0.882953
0.882956
0.882959
0.882962
0.882965
0.882968
0.882971
0.882974
0.882977
0.88298
0.882983
0.882986
0.882989
0.882992
0.882994
0.882997
0.883
0.883003
0.883006
0.883008
0.883011
0.883014
0.883017
0.883019
0.883022
0.883025
0.883027
0.88303
0.883033
0.883035
0.883038
0.88304
0.883043
0.883045
0.883048
0.88305
0.883053
0.883055
0.883058
0.88306
0.883063
0.883065
0.883067
0.88307
0.883072
0.883074
0.883077
0.883079
0.883081
0.883084
0.883086
0.883088
0.88309
0.883093
0.883095
0.883097
0.883099
0.883101
0.883104
0.883106
0.883108
0.88311
0.883112
0.883114
0.883116
0.883118
0.88312
0.883122
0.883125
0.883127
0.883129
0.883131
0.883132
0.883134
0.883136
0.883138
0.88314
0.883142
0.883144
0.883146
0.883148
0.88315
0.883152
0.883153
0.883155
0.883157
0.883159
0.883161
0.883162
0.883164
0.883166
0.883168
0.883169
0.883171
0.883173
0.883175
0.883176
0.883178
0.88318
0.883181
0.883183
0.883185
0.883186
0.883188
0.88319
0.883191
0.883193
0.883194
0.883196
0.883197
0.883199
0.883201
0.883202
0.883204
0.883205
0.883207
0.883208
0.88321
0.883211
0.883213
0.883214
0.883215
0.883217
0.883218
0.88322
0.883221
0.883223
0.883224
0.883225
0.883227
0.883228
0.883229
0.883231
0.883232
0.883233
0.883235
0.883236
0.883237
0.883239
0.88324
0.883241
0.883243
0.883244
0.883245
0.883246
0.883248
0.883249
0.88325
0.883251
0.883252
0.883254
0.883255
0.883256
0.883257
0.883258
0.88326
0.883261
0.883262
0.883263
0.883264
0.883265
0.883266
0.883268
0.883269
0.88327
0.883271
0.883272
0.883273
0.883274
0.883275
0.883276
0.883277
0.883278
0.883279
0.88328
0.883281
0.883282
0.883283
0.883284
0.883285
0.883286
0.883287
0.883288
0.883289
0.88329
0.883291
0.883292
0.883293
0.883294
0.883295
0.883296
0.883297
0.883298
0.883299
0.8833
0.883301
0.883302
0.883302
0.883303
0.883304
0.883305
0.883306
0.883307
0.883308
0.883309
0.883309
0.88331
0.883311
0.883312
0.883313
0.883314
0.883314
0.883315
0.883316
0.883317
0.883318
0.883318
0.883319
0.88332
0.883321
0.883322
0.883322
0.883323
0.883324
0.883325
0.883325
0.883326
0.883327
0.883328
0.883328
0.883329
0.88333
0.88333
0.883331
0.883332
0.883333
0.883333
0.883334
0.883335
0.883335
0.883336
0.883337
0.883337
0.883338
0.883339
0.883339
0.88334
0.883341
0.883341
0.883342
0.883343
0.883343
0.883344
0.883345
0.883345
0.883346
0.883346
0.883347
0.883348
0.883348
0.883349
0.883349
0.88335
0.883351
0.883351
0.883352
0.883352
0.883353
0.883353
0.883354
0.883355
0.883355
0.883356
0.883356
0.883357
0.883357
0.883358
0.883358
0.883359
0.883359
0.88336
0.883361
0.883361
0.883362
0.883362
0.883363
0.883363
0.883364
0.883364
0.883365
0.883365
0.883366
0.883366
0.883367
0.883367
0.883368
0.883368
0.883368
0.883369
0.883369
0.88337
0.88337
0.883371
0.883371
0.883372
0.883372
0.883373
0.883373
0.883374
0.883374
0.883374
0.883375
0.883375
0.883376
0.883376
0.883377
0.883377
0.883377
0.883378
0.883378
0.883379
0.883379
0.883379
0.88338
0.88338
0.883381
0.883381
0.883381
0.883382
0.883382
0.883383
0.883383
0.883383
0.883384
0.883384
0.883384
0.883385
0.883385
0.883386
0.883386
0.883386
0.883387
0.883387
0.883387
0.883388
0.883388
0.883388
0.883389
0.883389
0.883389
0.88339
0.88339
0.88339
0.883391
0.883391
0.883391
0.883392
0.883392
0.883392
0.883393
0.883393
0.883393
0.883394
0.883394
0.883394
0.883395
0.883395
0.883395
0.883396
0.883396
0.883396
0.883396
0.883397
0.883397
0.883397
0.883398
0.883398
0.883398
0.883398
0.883399
0.883399
0.883399
0.8834
0.8834
0.8834
0.8834
0.883401
0.883401
0.883401
0.883401
0.883402
0.883402
0.883402
0.883402
0.883403
0.883403
0.883403
0.883403
0.883404
0.883404
0.883404
0.883404
0.883405
0.883405
0.883405
0.883405
0.883406
0.883406
0.883406
0.883406
0.883407
0.883407
0.883407
0.883407
0.883408
0.883408
0.883408
0.883408
0.883408
0.883409
0.883409
0.883409
0.883409
0.88341
0.88341
0.88341
0.88341
0.88341
0.883411
0.883411
0.883411
0.883411
0.883411
0.883412
0.883412
0.883412
0.883412
0.883412
0.883413
0.883413
0.883413
0.883413
0.883413
0.883413
0.883414
0.883414
0.883414
0.883414
0.883414
0.883415
0.883415
0.883415
0.883415
0.883415
0.883415
0.883416
0.883416
0.883416
0.883416
0.883416
0.883417
0.883417
0.883417
0.883417
0.883417
0.883417
0.883418
0.883418
0.883418
0.883418
0.883418
0.883418
0.883418
0.883419
0.883419
0.883419
0.883419
0.883419
0.883419
0.88342
0.88342
0.88342
0.88342
0.88342
0.88342
0.88342
0.883421
0.883421
0.883421
0.883421
0.883421
0.883421
0.883421
0.883422
0.883422
0.883422
0.883422
0.883422
0.883422
0.883422
0.883422
0.883423
0.883423
0.883423
0.883423
0.883423
0.883423
0.883423
0.883423
0.883424
0.883424
0.883424
0.883424
0.883424
0.883424
0.883424
0.883424
0.883425
0.883425
0.883425
0.883425
0.883425
0.883425
0.883425
0.883425
0.883425
0.883426
0.883426
0.883426
0.883426
0.883426
0.883426
0.883426
0.883426
0.883426
0.883427
0.883427
0.883427
0.883427
0.883427
0.883427
0.883427
0.883427
0.883427
0.883427
0.883428
0.883428
0.883428
0.883428
0.883428
0.883428
0.883428
0.883428
0.883428
0.883428
0.883429
0.883429
0.883429
0.883429
0.883429
0.883429
0.883429
0.883429
0.883429
0.883429
0.883429
0.883429
0.88343
0.88343
0.88343
0.88343
0.88343
0.88343
0.88343
0.88343
0.88343
0.88343
0.88343
0.88343
0.883431
0.883431
0.883431
0.883431
0.883431
0.883431
0.883431
0.883431
0.883431
0.883431
0.883431
0.883431
0.883431
0.883432
0.883432
0.883432
0.883432
0.883432
0.883432
0.883432
0.883432
0.883432
0.883432
0.883432
0.883432
0.883432
0.883432
0.883433
0.883433
0.883433
0.883433
0.883433
0.883433
0.883433
0.883433
0.883433
0.883433
0.883433
0.883433
0.883433
0.883433
0.883433
0.883433
0.883434
0.883434
0.883434
0.883434
0.883434
0.883434
0.883434
0.883434
0.883434
0.883434
0.883434
0.883434
0.883434
0.883434
0.883434
0.883434
0.883434
0.883434
0.883435
0.883435
0.883435
0.883435
0.883435
0.883435
0.883435
0.883435
0.883435
0.883435
0.883435
0.883435
0.883435
0.883435
0.883435
0.883435
0.883435
0.883435
0.883435
0.883436
0.883436
0.883436
0.883436
0.883436
0.883436
0.883436
0.883436
0.883436
0.883436
0.883436
0.883436
0.883436
0.883436
0.883436
0.883436
0.883436
0.883436
0.883436
0.883436
0.883436
0.883436
0.883436
0.883437
0.883437
0.883437
0.883437
0.883437
0.883437
0.883437
0.883437
0.883437
0.883437
0.883437
0.883437
0.883437
0.883437
0.883437
0.883437
0.883437
0.883437
0.883437
0.883437
0.883437
0.883437
0.883437
0.883437
0.883437
0.883437
0.883438
0.883438
0.883438
0.883438
0.883438
0.883438
0.883438
0.883438
0.883438
0.883438
0.883438
0.883438
0.883438
0.883438
0.883438
0.883438
0.883438
0.883438
0.883438
0.883438
0.883438
0.883438
0.883438
0.883438
0.883438
0.883438
0.883438
0.883438
0.883438
0.883438
0.883438
0.883438
0.883439
0.883439
0.883439
0.883439
0.883439
0.883439
0.883439
0.883439
0.883439
0.883439
0.883439
0.883439
0.883439
0.883439
0.883439
0.883439
0.883439
0.883439
0.883439
0.883439
0.883439
0.883439
0.883439
0.883439
0.883439
0.883439
0.883439
0.883439
0.883439
0.883439
0.883439
0.883439
0.883439
0.883439
0.883439
0.883439
0.883439
0.883439
0.883439
0.88344
0.88344
0.88344
0.88344
0.88344
0.88344
0.88344
0.88344
0.88344
0.88344
0.88344
0.88344
0.88344
0.88344
0.88344
0.88344
0.88344
0.88344
0.88344
0.88344
0.88344
0.88344
0.88344
0.88344
0.88344
0.88344
0.88344
0.88344
0.88344
0.88344
0.88344
0.88344
0.88344
0.88344
0.88344
0.88344
0.88344
0.88344
0.88344
0.88344
0.88344
0.88344
0.88344
0.88344
0.88344
0.88344
0.88344
0.88344
0.88344
0.88344
0.88344
0.88344
0.88344
0.883441
0.883441
0.883441
0.883441
0.883441
0.883441
0.883441
0.883441
0.883441
0.883441
0.883441
0.883441
0.883441
0.883441
0.883441
0.883441
0.883441
0.883441
0.883441
0.883441
0.883441
0.883441
0.883441
0.883441
0.883441
0.883441
0.883441
0.883441
0.883441
0.883441
0.883441
0.883441
0.883441
0.883441
0.883441
0.883441
0.883441
0.883441
0.883441
0.883441
0.883441
0.883441
0.883441
0.883441
0.883441
0.883441
0.883441
0.883441
0.883441
0.883441
0.883441
0.883441
0.883441
0.883441
0.883441
0.883441
0.883441
0.883441
0.883441
0.883441
0.883441
0.883441
0.883441
0.883441
0.883441
0.883441
0.883441
0.883441
0.883441
0.883441
0.883441
0.883441
0.883441
0.883441
0.883441
0.883441
0.883441
0.883441
0.883441
0.883441
0.883442
0.883442
0.883442
0.883442
0.883442
0.883442
0.883442
0.883442
0.883442
0.883442
0.883442
0.883442
0.883442
0.883442
0.883442
0.883442
0.883442
0.883442
0.883442
0.883442
0.883442
0.883442
0.883442
0.883442
0.883442
0.883442
0.883442
0.883442
0.883442
0.883442
0.883442
0.883442
0.883442
0.883442
0.883442
0.883442
0.883442
0.883442
0.883442
0.883442
0.883442
0.883442
0.883442
0.883442
0.883442
0.883442
0.883442
0.883442
0.883442
0.883442
0.883442
0.883442
0.883442
0.883442
0.883442
0.883442
0.883442
0.883442
0.883442
0.883442
0.883442
0.883442
0.883442
0.883442
0.883442
0.883442
0.883442
0.883442
0.883442
0.883442
0.883442
0.883442
0.883442
0.883442
0.883442
0.883442
0.883442
0.883442
0.883442
0.883442
0.883442
0.883442
0.883442
0.883442
0.883442
0.883442
0.883442
0.883442
0.883442
0.883442
0.883442
0.883442
0.883442
0.883442
0.883442
0.883442
0.883442
0.883442
0.883442
0.883442
0.883442
0.883442
0.883442
0.883442
0.883442
0.883442
0.883442
0.883442
0.883442
0.883442
0.883442
0.883442
0.883442
0.883442
0.883442
0.883442
0.883442
0.883442
0.883442
0.883442
0.883442
0.883442
0.883442
0.883442
0.883442
0.883442
0.883442
0.883442
0.883442
0.883442
0.883442
0.883442
0.883442
0.883442
0.883442
0.883442
0.883442
0.883442
0.883442
0.883442
0.883442
0.883442
0.883442
0.883442
0.883442
0.883442
0.883442
0.883442
0.883442
0.883442
0.883442
0.883442
0.883442
0.883442
0.883442
0.883442
0.883442
0.883442
0.883442
0.883442
0.883442
0.883442
0.883442
0.883442
0.883442
0.883442
0.883442
0.883442
0.883442
0.883442
0.883442
0.883443
0.883443
0.883443
0.883443
0.883443
0.883443
0.883443
0.883443
0.883443
0.883443
0.883443
0.883443
0.883443
0.883443
0.883443
0.883443
0.883443
0.883443
0.883443
0.883443
0.883443
0.883443
0.883443
0.883443
0.883443
0.883443
0.883443
0.883443
0.883443
0.883443
0.883443
0.883443
0.883443
0.883443
0.883443
0.883443
0.883443
0.883443
0.883443
0.883443
0.883443
0.883443
0.883443
0.883443
0.883443
0.883443
0.883443
0.883443
0.883443
0.883443
0.883443
0.883443
0.883443
0.883443
0.883443
0.883443
0.883443
0.883443
0.883443
0.883443
0.883443
0.883443
0.883443
0.883443
0.883443
0.883443
0.883443
0.883443
0.883443
0.883443
0.883443
0.883443
0.883443
0.883443
0.883443
0.883443
0.883443
0.883443
0.883443
0.883443
0.883443
0.883443
0.883443
0.883443
0.883443
0.883443
0.883443
0.883443
0.883443
0.883443
0.883443
0.883443
0.883443
0.883443
0.883443
0.883443
0.883443
0.883443
0.883443
0.883443
0.883443
0.883443
0.883443
0.883443
0.883443
0.883443
0.883443
0.883443
0.883443
0.883443
0.883443
0.883443
0.883443
0.883443
0.883443
0.883443
0.883443
0.883443
0.883443
0.883443
0.883443
0.883443
0.883443
0.883443
0.883443
0.883443
0.883443
0.883443
0.883443
0.883443
0.883443
0.883443
0.883443
0.883443
0.883443
0.883443
0.883443
0.883443
0.883443
0.883443
0.883443
0.883443
0.883443
0.883443
0.883443
0.883443
0.883443
0.883443
0.883443
0.883443
0.883443
0.883443
0.883443
0.883443
0.883443
0.883443
0.883443
0.883443
0.883443
0.883443
0.883443
0.883443
0.883443
0.883443
0.883443
0.883443
0.883443
0.883443
0.883443
0.883443
0.883443
0.883443
0.883443
0.883443
0.883443
0.883443
0.883443
0.883443
0.883443
0.883443
0.883443
0.883443
0.883443
0.883443
0.883443
0.883443
0.883443
0.883443
0.883443
0.883443
0.883443
0.883443
0.883443
0.883443
0.883443
0.883443
0.883443
0.883443
0.883443
0.883443
0.883443
0.883443
0.883443
0.883443
0.883443
0.883443
0.883443
0.883443
0.883443
0.883443
0.883443
0.883443
0.883443
0.883443
0.883443
0.883443
0.883443
0.883443
0.883443
0.883443
0.883443
0.883443
0.883443
0.883443
0.883443
0.883443
0.883443
0.883443
0.883443
0.883443
0.883443
0.883443
0.883443
0.883443
0.883443
0.883443
0.883443
0.883443
0.883443
0.883443
0.883443
0.883443
0.883443
0.883443
0.883443
0.883443
0.883443
0.883443
0.883443
0.883443
0.883443
0.883443
0.883443
0.883443
0.883443
0.883443
0.883443
0.883443
0.883443
0.883443
0.883443
0.883443
0.883443
0.883443
0.883443
0.883443
0.883443
0.883443
0.883443
0.883443
0.883443
0.883443
0.883443
0.883443
0.883443
0.883443
0.883443
0.883443
0.883443
0.883443
0.883443
0.883443
0.883443
0.883443
0.883443
0.883443
0.883443
0.883443
0.883443
0.883443
0.883443
0.883443
0.883443
0.883443
0.883443
0.883443
0.883443
0.883443
0.883443
0.883443
0.883443
0.883443
0.883443
0.883443
0.883443
0.883443
0.883443
0.883443
0.883443
0.883443
0.883443
0.883443
0.883443
0.883443
0.883443
0.883443
0.883443
0.883443
0.883443
0.883443
0.883443
0.883443
0.883443
0.883443
0.883443
0.883443
0.883443
0.883443
0.883443
0.883443
0.883443
0.883443
0.883443
0.883443
0.883443
0.883443
0.883443
0.883443
0.883443
0.883443
0.883443
0.883443
0.883443
0.883443
0.883443
0.883443
0.883443
0.883443
0.883443
0.883443
0.883443
0.883443
0.883443
0.883443
0.883443
0.883443
0.883443
0.883443
0.883443
0.883443
0.883443
0.883443
0.883443
0.883443
0.883443
0.883443
0.883443
0.883443
0.883443
0.883443
0.883443
0.883443
0.883443
0.883443
0.883443
0.883443
0.883443
0.883443
0.883443
0.883443
0.883443
0.883443
0.883443
0.883443
0.883443
0.883443
0.883443
0.883443
0.883443
0.883443
0.883443
0.883443
0.883443
0.883443
0.883443
0.883443
0.883443
0.883443
0.883443
0.883443
0.883443
0.883443
0.883443
0.883443
0.883443
0.883443
0.883443
0.883443
0.883443
0.883443
0.883443
0.883443
0.883443
0.883443
0.883443
0.883443
0.883443
0.883443
0.883443
0.883443
0.883443
0.883443
0.883443
0.883443
0.883443
0.883443
0.883443
0.883443
0.883443
0.883443
0.883443
0.883443
0.883443
0.883443
0.883443
0.883443
0.883443
0.883443
0.883443
0.883443
0.883443
0.883443
0.883443
0.883443
0.883443
0.883443
0.883443
0.883443
0.883443
0.883443
0.883443
0.883443
0.883443
0.883443
0.883443
0.883443
0.883443
0.883443
0.883443
0.883443
0.883443
0.883443
0.883443
0.883443
0.883443
0.883443
0.883443
0.883443
0.883443
0.883443
0.883443
0.883443
0.883443
0.883443
0.883443
0.883443
0.883443
0.883443
0.883443
0.883443
0.883443
0.883443
0.883443
0.883443
0.883443
0.883443
0.883443
0.883443
0.883443
0.883443
0.883443
0.883443
0.883443
0.883443
0.883443
0.883443
0.883443
0.883443
0.883443
0.883443
0.883443
0.883443
0.883443
0.883443
0.883443
0.883443
0.883443
0.883443
0.883443
0.883443
0.883443
0.883443
0.883443
0.883443
0.883443
0.883443
0.883443
0.883443
0.883443
0.883443
0.883443
0.883443
0.883443
0.883443
0.883443
0.883443
0.883443
0.883443
0.883443
0.883443
0.883443
0.883443
0.883443
0.883443
0.883443
0.883443
0.883443
0.883443
0.883443
0.883443
0.883443
0.883443
0.883443
0.883443
0.883443
0.883443
0.883443
0.883443
0.883443
0.883443
0.883443
0.883443
0.883443
0.883443
0.883443
0.883443
0.883443
0.883443
0.883443
0.883443
0.883443
0.883443
0.883443
0.883443
0.883443
0.883443
0.883443
0.883443
0.883443
0.883443
0.883443
0.883443
0.883443
0.883443
0.883443
0.883443
0.883443
0.883443
0.883443
0.883443
0.883443
0.883443
0.883443
0.883443
0.883443
0.883443
0.883443
0.883443
0.883443
0.883443
0.883443
0.883443
0.883443
0.883443
0.883443
0.883443
0.883443
0.883443
0.883443
0.883443
0.883443
0.883443
0.883443
0.883443
0.883443
0.883443
0.883443
0.883443
0.883443
0.883443
0.883443
0.883443
0.883443
0.883443
0.883443
0.883443
0.883443
0.883443
0.883443
0.883443
0.883443
0.883443
0.883443
0.883443
0.883443
0.883443
0.883443
0.883443
0.883443
0.883443
0.883443
0.883443
0.883443
0.883443
0.883443
0.883443
0.883443
0.883443
0.883443
0.883443
0.883443
0.883443
0.883443
0.883443
0.883443
0.883443
0.883443
0.883443
0.883443
0.883443
0.883443
0.883443
0.883443
0.883443
0.883443
0.883443
0.883443
0.883443
0.883443
0.883443
0.883443
0.883443
0.883443
0.883443
0.883443
0.883443
0.883443
0.883443
0.883443
0.883443
0.883443
0.883443
0.883443
0.883443
0.883443
0.883443
0.883443
0.883443
0.883443
0.883443
0.883443
0.883443
0.883443
0.883443
0.883443
0.883443
0.883443
0.883443
0.883443
0.883443
0.883443
0.883443
0.883443
0.883443
0.883443
0.883443
0.883443
0.883443
0.883443
0.883443
0.883443
0.883443
0.883443
0.883443
0.883443
0.883443
0.883443
0.883443
0.883443
0.883443
0.883443
0.883443
0.883443
0.883443
0.883443
0.883443
0.883443
0.883443
0.883443
0.883443
0.883443
0.883443
0.883443
0.883443
0.883443
0.883443
0.883443
0.883443
0.883443
0.883443
0.883443
0.883443
0.883443
0.883443
0.883443
0.883443
0.883443
0.883443
0.883443
0.883443
0.883443
0.883443
0.883443
0.883443
0.883443
0.883443
0.883443
0.883443
0.883443
0.883443
0.883443
0.883443
0.883443
0.883443
0.883443
0.883443
0.883443
0.883443
0.883443
0.883443
0.883443
0.883443
0.883443
0.883443
0.883443
0.883443
0.883443
0.883443
0.883443
0.883443
0.883443
0.883443
0.883443
0.883443
0.883443
0.883443
0.883443
0.883443
0.883443
0.883443
0.883443
0.883443
0.883443
0.883443
0.883443
0.883443
0.883443
0.883443
0.883443
0.883443
0.883443
0.883443
0.883443
0.883443
0.883443
0.883443
0.883443
0.883443
0.883443
0.883443
0.883443
0.883443
0.883443
0.883443
0.883443
0.883443
0.883443
0.883443
0.883443
0.883443
0.883443
0.883443
0.883443
0.883443
0.883443
0.883443
0.883443
0.883443
0.883443
0.883443
0.883443
0.883443
0.883443
0.883443
0.883443
0.883443
0.883443
0.883443
0.883443
0.883443
0.883443
0.883443
0.883443
0.883443
0.883443
0.883443
0.883443
0.883443
0.883443
0.883443
0.883443
0.883443
0.883443
0.883443
0.883443
0.883443
0.883443
0.883443
0.883443
0.883443
0.883443
0.883443
0.883443
0.883443
0.883443
0.883443
0.883443
0.883443
0.883443
0.883443
0.883443
0.883443
0.883443
0.883443
0.883443
0.883443
0.883443
0.883443
0.883443
0.883443
0.883443
0.883443
0.883443
0.883443
0.883443
0.883443
0.883443
0.883443
0.883443
0.883443
0.883443
0.883443
0.883443
0.883443
0.883443
0.883443
0.883443
0.883443
0.883443
0.883443
0.883443
0.883443
0.883443
0.883443
0.883443
0.883443
0.883443
0.883443
0.883443
0.883443
0.883443
0.883443
0.883443
0.883443
0.883443
0.883443
0.883443
0.883443
0.883443
0.883443
0.883443
0.883443
0.883443
0.883443
0.883443
0.883443
0.883443
0.883443
0.883443
0.883443
0.883443
0.883443
0.883443
0.883443
0.883443
0.883443
0.883443
0.883443
0.883443
0.883443
0.883443
0.883443
0.883443
0.883443
0.883443
0.883443
0.883443
0.883443
0.883443
0.883443
0.883443
0.883443
0.883443
0.883443
0.883443
0.883443
0.883443
0.883443
0.883443
0.883443
0.883443
0.883443
0.883443
0.883443
0.883443
0.883443
0.883443
0.883443
0.883443
0.883443
0.883443
0.883443
0.883443
0.883443
0.883443
0.883443
0.883443
0.883443
0.883443
0.883443
0.883443
0.883443
0.883443
0.883443
0.883443
0.883443
0.883443
0.883443
0.883443
0.883443
0.883443
0.883443
0.883443
0.883443
0.883443
0.883443
0.883443
0.883443
0.883443
0.883443
0.883443
0.883443
0.883443
0.883443
0.883443
0.883443
0.883443
0.883443
0.883443
0.883443
0.883443
0.883443
0.883443
0.883443
0.883443
0.883443
0.883443
0.883443
0.883443
0.883443
0.883443
0.883443
0.883443
0.883443
0.883443
0.883443
0.883443
0.883443
0.883443
0.883443
0.883443
0.883443
0.883443
0.883443
0.883443
0.883443
0.883443
0.883443
0.883443
0.883443
0.883443
0.883443
0.883443
0.883443
0.883443
0.883443
0.883443
0.883443
0.883443
0.883443
0.883443
0.883443
0.883443
0.883443
0.883443
0.883443
0.883443
0.883443
0.883443
0.883443
0.883443
0.883443
0.883443
0.883443
0.883443
0.883443
0.883443
0.883443
0.883443
0.883443
0.883443
0.883443
0.883443
0.883443
0.883443
0.883443
0.883443
0.883443
0.883443
0.883443
0.883443
0.883443
0.883443
0.883443
0.883443
0.883443
0.883443
0.883443
0.883443
0.883443
0.883443
0.883443
0.883443
0.883443
0.883443
0.883443
0.883443
0.883443
0.883443
0.883443
0.883443
0.883443
0.883443
0.883443
0.883443
0.883443
0.883443
0.883443
0.883443
0.883443
0.883443
0.883443
0.883443
0.883443
0.883443
0.883443
0.883443
0.883443
0.883443
0.883443
0.883443
0.883443
0.883443
0.883443
0.883443
0.883443
0.883443
0.883443
0.883443
0.883443
0.883443
0.883443
0.883443
0.883443
0.883443
0.883443
0.883443
0.883443
0.883443
0.883443
0.883443
0.883443
0.883443
0.883443
0.883443
0.883443
0.883443
0.883443
0.883443
0.883443
0.883443
0.883443
0.883443
0.883443
0.883443
0.883443
0.883443
0.883443
0.883443
0.883443
0.883443
0.883443
0.883443
0.883443
0.883443
0.883443
0.883443
0.883443
0.883443
0.883443
0.883443
0.883443
0.883443
0.883443
0.883443
0.883443
0.883443
0.883443
0.883443
0.883443
0.883443
0.883443
0.883443
0.883443
0.883443
0.883443
0.883443
0.883443
0.883443
0.883443
0.883443
0.883443
0.883443
0.883443
0.883443
0.883443
0.883443
0.883443
0.883443
0.883443
0.883443
0.883443
0.883443
0.883443
0.883443
0.883443
0.883443
0.883443
0.883443
0.883443
0.883443
0.883443
0.883443
0.883443
0.883443
0.883443
0.883443
0.883443
0.883443
0.883443
0.883443
0.883443
0.883443
0.883443
0.883443
0.883443
0.883443
0.883443
0.883443
0.883443
0.883443
0.883443
0.883443
0.883443
0.883443
0.883443
0.883443
0.883443
0.883443
0.883443
0.883443
0.883443
0.883443
0.883443
0.883443
0.883443
0.883443
0.883443
0.883443
0.883443
0.883443
0.883443
0.883443
0.883443
0.883443
0.883443
0.883443
0.883443
0.883443
0.883443
0.883443
0.883443
0.883443
0.883443
0.883443
0.883443
0.883443
0.883443
0.883443
0.883443
0.883443
0.883443
0.883443
0.883443
0.883443
0.883443
0.883443
0.883443
0.883443
0.883443
0.883443
0.883443
0.883443
0.883443
0.883443
0.883443
0.883443
0.883443
0.883443
0.883443
0.883443
0.883443
0.883443
0.883443
0.883443
0.883443
0.883443
0.883443
0.883443
0.883443
0.883443
0.883443
0.883443
0.883443
0.883443
0.883443
0.883443
0.883443
0.883443
0.883443
0.883443
0.883443
0.883443
0.883443
0.883443
0.883443
0.883443
0.883443
0.883443
0.883443
0.883443
0.883443
0.883443
0.883443
0.883443
0.883443
0.883443
0.883443
0.883443
0.883443
0.883443
0.883443
0.883443
0.883443
0.883443
0.883443
0.883443
0.883443
0.883443
0.883443
0.883443
0.883443
0.883443
0.883443
0.883443
0.883443
0.883443
0.883443
0.883443
0.883443
0.883443
0.883443
0.883443
0.883443
0.883443
0.883443
0.883443
0.883443
0.883443
0.883443
0.883443
0.883443
0.883443
0.883443
0.883443
0.883443
0.883443
0.883443
0.883443
0.883443
0.883443
0.883443
0.883443
0.883443
0.883443
0.883443
0.883443
0.883443
0.883443
0.883443
0.883443
0.883443
0.883443
0.883443
0.883443
0.883443
0.883443
0.883443
0.883443
0.883443
0.883443
0.883443
0.883443
0.883443
0.883443
0.883443
0.883443
0.883443
0.883443
0.883443
0.883443
0.883443
0.883443
0.883443
0.883443
0.883443
0.883443
0.883443
0.883443
0.883443
0.883443
0.883443
0.883443
0.883443
0.883443
0.883443
0.883443
0.883443
0.883443
0.883443
0.883443
0.883443
0.883443
0.883443
0.883443
0.883443
0.883443
0.883443
0.883443
0.883443
0.883443
0.883443
0.883443
0.883443
0.883443
0.883443
0.883443
0.883443
0.883443
0.883443
0.883443
0.883443
0.883443
0.883443
0.883443
0.883443
0.883443
0.883443
0.883443
0.883443
0.883443
0.883443
0.883443
0.883443
0.883443
0.883443
0.883443
0.883443
0.883443
0.883443
0.883443
0.883443
0.883443
0.883443
0.883443
0.883443
0.883443
0.883443
0.883443
0.883443
0.883443
0.883443
0.883443
0.883443
0.883443
0.883443
0.883443
0.883443
0.883443
0.883443
0.883443
0.883443
0.883443
0.883443
0.883443
0.883443
0.883443
0.883443
0.883443
0.883443
0.883443
0.883443
0.883443
0.883443
0.883443
0.883443
0.883443
0.883443
0.883443
0.883443
0.883443
0.883443
0.883443
0.883443
0.883443
0.883443
0.883443
0.883443
0.883443
0.883443
0.883443
0.883443
0.883443
0.883443
0.883443
0.883443
0.883443
0.883443
0.883443
0.883443
0.883443
0.883443
0.883443
0.883443
0.883443
0.883443
0.883443
0.883443
0.883443
0.883443
0.883443
0.883443
0.883443
0.883443
0.883443
0.883443
0.883443
0.883443
0.883443
0.883443
0.883443
0.883443
0.883443
0.883443
0.883443
0.883443
0.883443
0.883443
0.883443
0.883443
0.883443
0.883443
0.883443
0.883443
0.883443
0.883443
0.883443
0.883443
0.883443
0.883443
0.883443
0.883443
0.883443
0.883443
0.883443
0.883443
0.883443
0.883443
0.883443
0.883443
0.883443
0.883443
0.883443
0.883443
0.883443
0.883443
0.883443
0.883443
0.883443
0.883443
0.883443
0.883443
0.883443
0.883443
0.883443
0.883443
0.883443
0.883443
0.883443
0.883443
0.883443
0.883443
0.883443
0.883443
0.883443
0.883443
0.883443
0.883443
0.883443
0.883443
0.883443
0.883443
0.883443
0.883443
0.883443
0.883443
0.883443
0.883443
0.883443
0.883443
0.883443
0.883443
0.883443
0.883443
0.883443
0.883443
0.883443
0.883443
0.883443
0.883443
0.883443
0.883443
0.883443
0.883443
0.883443
0.883443
0.883443
0.883443
0.883443
0.883443
0.883443
0.883443
0.883443
0.883443
0.883443
0.883443
0.883443
0.883443
0.883443
0.883443
0.883443
0.883443
0.883443
0.883443
0.883443
0.883443
0.883443
0.883443
0.883443
0.883443
0.883443
0.883443
0.883443
0.883443
0.883443
0.883443
0.883443
0.883443
0.883443
0.883443
0.883443
0.883443
0.883443
0.883443
0.883443
0.883443
0.883443
0.883443
0.883443
0.883443
0.883443
0.883443
0.883443
0.883443
0.883443
0.883443
0.883443
0.883443
0.883443
0.883443
0.883443
0.883443
0.883443
0.883443
0.883443
0.883443
0.883443
0.883443
0.883443
0.883443
0.883443
0.883443
0.883443
0.883443
0.883443
0.883443
0.883443
0.883443
0.883443
0.883443
0.883443
0.883443
0.883443
0.883443
0.883443
0.883443
0.883443
0.883443
0.883443
0.883443
0.883443
0.883443
0.883443
0.883443
0.883443
0.883443
0.883443
0.883443
0.883443
0.883443
0.883443
0.883443
0.883443
0.883443
0.883443
0.883443
0.883443
0.883443
0.883443
0.883443
0.883443
0.883443
0.883443
0.883443
0.883443
0.883443
0.883443
0.883443
0.883443
0.883443
0.883443
0.883443
0.883443
0.883443
0.883443
0.883443
0.883443
0.883443
0.883443
0.883443
0.883443
0.883443
0.883443
0.883443
0.883443
0.883443
0.883443
0.883443
0.883443
0.883443
0.883443
0.883443
0.883443
0.883443
0.883443
0.883443
0.883443
0.883443
0.883443
0.883443
0.883443
0.883443
0.883443
0.883443
0.883443
0.883443
0.883443
0.883443
0.883443
0.883443
0.883443
0.883443
0.883443
0.883443
0.883443
0.883443
0.883443
0.883443
0.883443
0.883443
0.883443
0.883443
0.883443
0.883443
0.883443
0.883443
0.883443
0.883443
0.883443
0.883443
0.883443
0.883443
0.883443
0.883443
0.883443
0.883443
0.883443
0.883443
0.883443
0.883443
0.883443
0.883443
0.883443
0.883443
0.883443
0.883443
0.883443
0.883443
0.883443
0.883443
0.883443
0.883443
0.883443
0.883443
0.883443
0.883443
0.883443
0.883443
0.883443
0.883443
0.883443
0.883443
0.883443
0.883443
0.883443
0.883443
0.883443
0.883443
0.883443
0.883443
0.883443
0.883443
0.883443
0.883443
0.883443
0.883443
0.883443
0.883443
0.883443
0.883443
0.883443
0.883443
0.883443
0.883443
0.883443
0.883443
0.883443
0.883443
0.883443
0.883443
0.883443
0.883443
0.883443
0.883443
0.883443
0.883443
0.883443
0.883443
0.883443
0.883443
0.883443
0.883443
0.883443
0.883443
0.883443
0.883443
0.883443
0.883443
0.883443
0.883443
0.883443
0.883443
0.883443
0.883443
0.883443
0.883443
0.883443
0.883443
0.883443
0.883443
0.883443
0.883443
0.883443
0.883443
0.883443
0.883443
0.883443
0.883443
0.883443
0.883443
0.883443
0.883443
0.883443
0.883443
0.883443
0.883443
0.883443
0.883443
0.883443
0.883443
0.883443
0.883443
0.883443
0.883443
0.883443
0.883443
0.883443
0.883443
0.883443
0.883443
0.883443
0.883443
0.883443
0.883443
0.883443
0.883443
0.883443
0.883443
0.883443
0.883443
0.883443
0.883443
0.883443
0.883443
0.883443
0.883443
0.883443
0.883443
0.883443
0.883443
0.883443
0.883443
0.883443
0.883443
0.883443
0.883443
0.883443
0.883443
0.883443
0.883443
0.883443
0.883443
0.883443
0.883443
0.883443
0.883443
0.883443
0.883443
0.883443
0.883443
0.883443
0.883443
0.883443
0.883443
0.883443
0.883443
0.883443
0.883443
0.883443
0.883443
0.883443
0.883443
0.883443
0.883443
0.883443
0.883443
0.883443
0.883443
0.883443
0.883443
0.883443
0.883443
0.883443
0.883443
0.883443
0.883443
0.883443
0.883443
0.883443
0.883443
0.883443
0.883443
0.883443
0.883443
0.883443
0.883443
0.883443
0.883443
0.883443
0.883443
0.883443
0.883443
0.883443
0.883443
0.883443
0.883443
0.883443
0.883443
0.883443
0.883443
0.883443
0.883443
0.883443
0.883443
0.883443
0.883443
0.883443
0.883443
0.883443
0.883443
0.883443
0.883443
0.883443
0.883443
0.883443
0.883443
0.883443
0.883443
0.883443
0.883443
0.883443
0.883443
0.883443
0.883443
0.883443
0.883443
0.883443
0.883443
0.883443
0.883443
0.883443
0.883443
0.883443
0.883443
0.883443
0.883443
0.883443
0.883443
0.883443
0.883443
0.883443
0.883443
0.883443
0.883443
0.883443
0.883443
0.883443
0.883443
0.883443
0.883443
0.883443
0.883443
0.883443
0.883443
0.883443
0.883443
0.883443
0.883443
0.883443
0.883443
0.883443
0.883443
0.883443
0.883443
0.883443
0.883443
0.883443
0.883443
0.883443
0.883443
0.883443
0.883443
0.883443
0.883443
0.883443
0.883443
0.883443
0.883443
0.883443
0.883443
0.883443
0.883443
0.883443
0.883443
0.883443
0.883443
0.883443
0.883443
0.883443
0.883443
0.883443
0.883443
0.883443
0.883443
0.883443
0.883443
0.883443
0.883443
0.883443
0.883443
0.883443
0.883443
0.883443
0.883443
0.883443
0.883443
0.883443
0.883443
0.883443
0.883443
0.883443
0.883443
0.883443
0.883443
0.883443
0.883443
0.883443
0.883443
0.883443
0.883443
0.883443
0.883443
0.883443
0.883443
0.883443
0.883443
0.883443
0.883443
0.883443
0.883443
0.883443
0.883443
0.883443
0.883443
0.883443
0.883443
0.883443
0.883443
0.883443
0.883443
0.883443
0.883443
0.883443
0.883443
0.883443
0.883443
0.883443
0.883443
0.883443
0.883443
0.883443
0.883443
0.883443
0.883443
0.883443
0.883443
0.883443
0.883443
0.883443
0.883443
0.883443
0.883443
0.883443
0.883443
0.883443
0.883443
0.883443
0.883443
0.883443
0.883443
0.883443
0.883443
0.883443
0.883443
0.883443
0.883443
0.883443
0.883443
0.883443
0.883443
0.883443
0.883443
0.883443
0.883443
0.883443
0.883443
0.883443
0.883443
0.883443
0.883443
0.883443
0.883443
0.883443
0.883443
0.883443
0.883443
0.883443
0.883443
0.883443
0.883443
0.883443
0.883443
0.883443
0.883443
0.883443
0.883443
0.883443
0.883443
0.883443
0.883443
0.883443
0.883443
0.883443
0.883443
0.883443
0.883443
0.883443
0.883443
0.883443
0.883443
0.883443
0.883443
0.883443
0.883443
0.883443
0.883443
0.883443
0.883443
0.883443
0.883443
0.883443
0.883443
0.883443
0.883443
0.883443
0.883443
0.883443
0.883443
0.883443
0.883443
0.883443
0.883443
0.883443
0.883443
0.883443
0.883443
0.883443
0.883443
0.883443
0.883443
0.883443
0.883443
0.883443
0.883443
0.883443
0.883443
0.883443
0.883443
0.883443
0.883443
0.883443
0.883443
0.883443
0.883443
0.883443
0.883443
0.883443
0.883443
0.883443
0.883443
0.883443
0.883443
0.883443
0.883443
0.883443
0.883443
0.883443
0.883443
0.883443
0.883443
0.883443
0.883443
0.883443
0.883443
0.883443
0.883443
0.883443
0.883443
0.883443
0.883443
0.883443
0.883443
0.883443
0.883443
0.883443
0.883443
0.883443
0.883443
0.883443
0.883443
0.883443
0.883443
0.883443
0.883443
0.883443
0.883443
0.883443
0.883443
0.883443
0.883443
0.883443
0.883443
0.883443
0.883443
0.883443
0.883443
0.883443
0.883443
0.883443
0.883443
0.883443
0.883443
0.883443
0.883443
0.883443
0.883443
0.883443
0.883443
0.883443
0.883443
0.883443
0.883443
0.883443
0.883443
0.883443
0.883443
0.883443
0.883443
0.883443
0.883443
0.883443
0.883443
0.883443
0.883443
0.883443
0.883443
0.883443
0.883443
0.883443
0.883443
0.883443
0.883443
0.883443
0.883443
0.883443
0.883443
0.883443
0.883443
0.883443
0.883443
0.883443
0.883443
0.883443
0.883443
0.883443
0.883443
0.883443
0.883443
0.883443
0.883443
0.883443
0.883443
0.883443
0.883443
0.883443
0.883443
0.883443
0.883443
0.883443
0.883443
0.883443
0.883443
0.883443
0.883443
0.883443
0.883443
0.883443
0.883443
0.883443
0.883443
0.883443
0.883443
0.883443
0.883443
0.883443
0.883443
0.883443
0.883443
0.883443
0.883443
0.883443
0.883443
0.883443
0.883443
0.883443
0.883443
0.883443
0.883443
0.883443
0.883443
0.883443
0.883443
0.883443
0.883443
0.883443
0.883443
0.883443
0.883443
0.883443
0.883443
0.883443
0.883443
0.883443
0.883443
0.883443
0.883443
0.883443
0.883443
0.883443
0.883443
0.883443
0.883443
0.883443
0.883443
0.883443
0.883443
0.883443
0.883443
0.883443
0.883443
0.883443
0.883443
0.883443
0.883443
0.883443
0.883443
0.883443
0.883443
0.883443
0.883443
0.883443
0.883443
0.883443
0.883443
0.883443
0.883443
0.883443
0.883443
0.883443
0.883443
0.883443
0.883443
0.883443
0.883443
0.883443
0.883443
0.883443
0.883443
0.883443
0.883443
0.883443
0.883443
0.883443
0.883443
0.883443
0.883443
0.883443
0.883443
0.883443
0.883443
0.883443
0.883443
0.883443
0.883443
0.883443
0.883443
0.883443
0.883443
0.883443
0.883443
0.883443
0.883443
0.883443
0.883443
0.883443
0.883443
0.883443
0.883443
0.883443
0.883443
0.883443
0.883443
0.883443
0.883443
0.883443
0.883443
0.883443
0.883443
0.883443
0.883443
0.883443
0.883443
0.883443
0.883443
0.883443
0.883443
0.883443
0.883443
0.883443
0.883443
0.883443
0.883443
0.883443
0.883443
0.883443
0.883443
0.883443
0.883443
0.883443
0.883443
0.883443
0.883443
0.883443
0.883443
0.883443
0.883443
0.883443
0.883443
0.883443
0.883443
0.883443
0.883443
0.883443
0.883443
0.883443
0.883443
0.883443
0.883443
0.883443
0.883443
0.883443
0.883443
0.883443
0.883443
0.883443
0.883443
0.883443
0.883443
0.883443
0.883443
0.883443
0.883443
0.883443
0.883443
0.883443
0.883443
0.883443
0.883443
0.883443
0.883443
0.883443
0.883443
0.883443
0.883443
0.883443
0.883443
0.883443
0.883443
0.883443
0.883443
0.883443
0.883443
0.883443
0.883443
0.883443
0.883443
0.883443
0.883443
0.883443
0.883443
0.883443
0.883443
0.883443
0.883443
0.883443
0.883443
0.883443
0.883443
0.883443
0.883443
0.883443
0.883443
0.883443
0.883443
0.883443
0.883443
0.883443
0.883443
0.883443
0.883443
0.883443
0.883443
0.883443
0.883443
0.883443
0.883443
0.883443
0.883443
0.883443
0.883443
0.883443
0.883443
0.883443
0.883443
0.883443
0.883443
0.883443
0.883443
0.883443
0.883443
0.883443
0.883443
0.883443
0.883443
0.883443
0.883443
0.883443
0.883443
0.883443
0.883443
0.883443
0.883443
0.883443
0.883443
0.883443
0.883443
0.883443
0.883443
0.883443
0.883443
0.883443
0.883443
0.883443
0.883443
0.883443
0.883443
0.883443
0.883443
0.883443
0.883443
0.883443
0.883443
0.883443
0.883443
0.883443
0.883443
0.883443
0.883443
0.883443
0.883443
0.883443
0.883443
0.883443
0.883443
0.883443
0.883443
0.883443
0.883443
0.883443
0.883443
0.883443
0.883443
0.883443
0.883443
0.883443
0.883443
0.883443
0.883443
0.883443
0.883443
0.883443
0.883443
0.883443
0.883443
0.883443
0.883443
0.883443
0.883443
0.883443
0.883443
0.883443
0.883443
0.883443
0.883443
0.883443
0.883443
0.883443
0.883443
0.883443
0.883443
0.883443
0.883443
0.883443
0.883443
0.883443
0.883443
0.883443
0.883443
0.883443
0.883443
0.883443
0.883443
0.883443
0.883443
0.883443
0.883443
0.883443
0.883443
0.883443
0.883443
0.883443
0.883443
0.883443
0.883443
0.883443
0.883443
0.883443
0.883443
0.883443
0.883443
0.883443
0.883443
0.883443
0.883443
0.883443
