1e-06
0.0045554
0.009913
0.0156318
0.0214992
0.0274122
0.0333212
0.0392021
0.0450435
0.0508405
0.0565912
0.0622957
0.0679545
0.0735686
0.0791392
0.0846675
0.0901545
0.0956013
0.101009
0.106378
0.111709
0.117004
0.122262
0.127484
0.13267
0.137822
0.142939
0.148022
0.153071
0.158087
0.163069
0.168018
0.172934
0.177818
0.18267
0.18749
0.192278
0.197035
0.20176
0.206454
0.211117
0.21575
0.220352
0.224924
0.229466
0.233978
0.23846
0.242913
0.247336
0.25173
0.256096
0.260433
0.264741
0.269021
0.273273
0.277496
0.281692
0.285861
0.290002
0.294115
0.298202
0.302262
0.306295
0.310301
0.314281
0.318235
0.322163
0.326064
0.329941
0.333791
0.337616
0.341416
0.345191
0.348941
0.352667
0.356368
0.360044
0.363696
0.367324
0.370928
0.374509
0.378065
0.381599
0.385109
0.388595
0.392059
0.3955
0.398918
0.402314
0.405687
0.409038
0.412367
0.415673
0.418958
0.422222
0.425463
0.428684
0.431883
0.43506
0.438217
0.441353
0.444468
0.447563
0.450637
0.453691
0.456725
0.459738
0.462732
0.465706
0.46866
0.471595
0.47451
0.477406
0.480283
0.48314
0.485979
0.488799
0.491601
0.494383
0.497148
0.499894
0.502622
0.505332
0.508024
0.510698
0.513354
0.515993
0.518614
0.521218
0.523805
0.526374
0.528926
0.531462
0.533981
0.536483
0.538968
0.541437
0.54389
0.546326
0.548746
0.551151
0.553539
0.555911
0.558268
0.560609
0.562934
0.565244
0.567539
0.569818
0.572083
0.574332
0.576566
0.578786
0.580991
0.583181
0.585356
0.587518
0.589664
0.591797
0.593915
0.59602
0.59811
0.600186
0.602249
0.604298
0.606333
0.608355
0.610364
0.612359
0.614341
0.616309
0.618265
0.620207
0.622137
0.624054
0.625958
0.627849
0.629728
0.631594
0.633448
0.63529
0.637119
0.638936
0.640741
0.642534
0.644315
0.646085
0.647842
0.649588
0.651322
0.653045
0.654756
0.656456
0.658144
0.659822
0.661488
0.663143
0.664787
0.66642
0.668042
0.669653
0.671254
0.672844
0.674423
0.675992
0.67755
0.679098
0.680636
0.682164
0.683681
0.685188
0.686685
0.688172
0.68965
0.691117
0.692575
0.694022
0.695461
0.696889
0.698309
0.699718
0.701118
0.702509
0.703891
0.705264
0.706627
0.707981
0.709326
0.710663
0.71199
0.713308
0.714618
0.715919
0.717211
0.718495
0.71977
0.721036
0.722294
0.723544
0.724785
0.726019
0.727243
0.72846
0.729669
0.730869
0.732062
0.733246
0.734423
0.735592
0.736752
0.737906
0.739051
0.740189
0.741319
0.742442
0.743557
0.744665
0.745765
0.746858
0.747944
0.749023
0.750094
0.751158
0.752215
0.753265
0.754308
0.755344
0.756373
0.757395
0.75841
0.759419
0.760421
0.761416
0.762404
0.763386
0.764361
0.76533
0.766292
0.767248
0.768198
0.769141
0.770078
0.771008
0.771932
0.772851
0.773763
0.774668
0.775568
0.776462
0.77735
0.778232
0.779108
0.779978
0.780842
0.781701
0.782554
0.783401
0.784242
0.785078
0.785908
0.786733
0.787552
0.788366
0.789174
0.789977
0.790774
0.791567
0.792353
0.793135
0.793911
0.794682
0.795448
0.796209
0.796965
0.797716
0.798461
0.799202
0.799938
0.800668
0.801394
0.802115
0.802831
0.803543
0.804249
0.804951
0.805649
0.806341
0.807029
0.807712
0.808391
0.809065
0.809735
0.8104
0.811061
0.811717
0.812369
0.813016
0.81366
0.814298
0.814933
0.815563
0.81619
0.816811
0.817429
0.818043
0.818652
0.819258
0.819859
0.820457
0.82105
0.821639
0.822225
0.822806
0.823384
0.823957
0.824527
0.825093
0.825656
0.826214
0.826769
0.82732
0.827867
0.828411
0.828951
0.829487
0.83002
0.830549
0.831075
0.831597
0.832116
0.832631
0.833143
0.833651
0.834156
0.834657
0.835155
0.83565
0.836142
0.83663
0.837115
0.837596
0.838075
0.83855
0.839022
0.839491
0.839957
0.840419
0.840879
0.841335
0.841789
0.842239
0.842686
0.84313
0.843572
0.84401
0.844445
0.844878
0.845307
0.845734
0.846158
0.846579
0.846997
0.847412
0.847825
0.848235
0.848642
0.849046
0.849448
0.849847
0.850243
0.850636
0.851027
0.851416
0.851801
0.852184
0.852565
0.852943
0.853318
0.853691
0.854062
0.85443
0.854795
0.855158
0.855519
0.855877
0.856232
0.856586
0.856937
0.857285
0.857632
0.857976
0.858317
0.858657
0.858994
0.859329
0.859661
0.859991
0.86032
0.860645
0.860969
0.861291
0.86161
0.861927
0.862242
0.862555
0.862866
0.863175
0.863482
0.863786
0.864089
0.86439
0.864688
0.864985
0.865279
0.865572
0.865863
0.866151
0.866438
0.866723
0.867006
0.867287
0.867566
0.867843
0.868118
0.868392
0.868663
0.868933
0.869201
0.869468
0.869732
0.869995
0.870256
0.870515
0.870772
0.871028
0.871282
0.871534
0.871785
0.872033
0.872281
0.872526
0.87277
0.873012
0.873253
0.873492
0.873729
0.873965
0.874199
0.874432
0.874663
0.874893
0.875121
0.875347
0.875572
0.875795
0.876017
0.876238
0.876457
0.876674
0.87689
0.877105
0.877318
0.877529
0.87774
0.877948
0.878156
0.878362
0.878567
0.87877
0.878972
0.879172
0.879371
0.879569
0.879766
0.879961
0.880155
0.880348
0.880539
0.880729
0.880918
0.881105
0.881291
0.881476
0.88166
0.881842
0.882024
0.882204
0.882382
0.88256
0.882736
0.882912
0.883086
0.883259
0.88343
0.883601
0.88377
0.883939
0.884106
0.884272
0.884437
0.8846
0.884763
0.884925
0.885085
0.885245
0.885403
0.88556
0.885716
0.885872
0.886026
0.886179
0.886331
0.886482
0.886632
0.886781
0.886929
0.887076
0.887222
0.887367
0.887511
0.887654
0.887796
0.887938
0.888078
0.888217
0.888355
0.888493
0.888629
0.888765
0.8889
0.889033
0.889166
0.889298
0.889429
0.889559
0.889689
0.889817
0.889945
0.890072
0.890197
0.890322
0.890447
0.89057
0.890692
0.890814
0.890935
0.891055
0.891174
0.891293
0.89141
0.891527
0.891643
0.891759
0.891873
0.891987
0.8921
0.892212
0.892324
0.892434
0.892544
0.892653
0.892762
0.89287
0.892977
0.893083
0.893189
0.893293
0.893398
0.893501
0.893604
0.893706
0.893807
0.893908
0.894008
0.894108
0.894206
0.894304
0.894402
0.894498
0.894594
0.89469
0.894785
0.894879
0.894972
0.895065
0.895157
0.895249
0.89534
0.89543
0.89552
0.895609
0.895698
0.895786
0.895873
0.89596
0.896046
0.896132
0.896217
0.896302
0.896385
0.896469
0.896552
0.896634
0.896716
0.896797
0.896877
0.896957
0.897037
0.897116
0.897194
0.897272
0.89735
0.897426
0.897503
0.897579
0.897654
0.897729
0.897803
0.897877
0.89795
0.898023
0.898095
0.898167
0.898238
0.898309
0.89838
0.89845
0.898519
0.898588
0.898657
0.898725
0.898792
0.898859
0.898926
0.898992
0.899058
0.899124
0.899188
0.899253
0.899317
0.899381
0.899444
0.899507
0.899569
0.899631
0.899692
0.899753
0.899814
0.899874
0.899934
0.899994
0.900053
0.900111
0.90017
0.900227
0.900285
0.900342
0.900399
0.900455
0.900511
0.900566
0.900622
0.900677
0.900731
0.900785
0.900839
0.900892
0.900945
0.900998
0.90105
0.901102
0.901154
0.901205
0.901256
0.901306
0.901356
0.901406
0.901456
0.901505
0.901554
0.901602
0.901651
0.901699
0.901746
0.901793
0.90184
0.901887
0.901933
0.901979
0.902025
0.90207
0.902115
0.90216
0.902204
0.902249
0.902292
0.902336
0.902379
0.902422
0.902465
0.902507
0.902549
0.902591
0.902633
0.902674
0.902715
0.902756
0.902796
0.902836
0.902876
0.902916
0.902955
0.902994
0.903033
0.903072
0.90311
0.903148
0.903186
0.903223
0.903261
0.903298
0.903335
0.903371
0.903407
0.903443
0.903479
0.903515
0.90355
0.903585
0.90362
0.903655
0.903689
0.903723
0.903757
0.903791
0.903824
0.903857
0.90389
0.903923
0.903956
0.903988
0.90402
0.904052
0.904084
0.904115
0.904147
0.904178
0.904209
0.904239
0.90427
0.9043
0.90433
0.90436
0.904389
0.904419
0.904448
0.904477
0.904506
0.904535
0.904563
0.904591
0.904619
0.904647
0.904675
0.904702
0.90473
0.904757
0.904784
0.904811
0.904837
0.904864
0.90489
0.904916
0.904942
0.904967
0.904993
0.905018
0.905043
0.905068
0.905093
0.905118
0.905143
0.905167
0.905191
0.905215
0.905239
0.905263
0.905286
0.90531
0.905333
0.905356
0.905379
0.905401
0.905424
0.905447
0.905469
0.905491
0.905513
0.905535
0.905557
0.905578
0.9056
0.905621
0.905642
0.905663
0.905684
0.905704
0.905725
0.905745
0.905766
0.905786
0.905806
0.905826
0.905845
0.905865
0.905885
0.905904
0.905923
0.905942
0.905961
0.90598
0.905999
0.906017
0.906036
0.906054
0.906072
0.90609
0.906108
0.906126
0.906144
0.906161
0.906179
0.906196
0.906213
0.906231
0.906248
0.906265
0.906281
0.906298
0.906315
0.906331
0.906347
0.906364
0.90638
0.906396
0.906412
0.906427
0.906443
0.906459
0.906474
0.906489
0.906505
0.90652
0.906535
0.90655
0.906565
0.90658
0.906594
0.906609
0.906623
0.906638
0.906652
0.906666
0.90668
0.906694
0.906708
0.906722
0.906735
0.906749
0.906763
0.906776
0.906789
0.906803
0.906816
0.906829
0.906842
0.906855
0.906867
0.90688
0.906893
0.906905
0.906918
0.90693
0.906942
0.906955
0.906967
0.906979
0.906991
0.907003
0.907014
0.907026
0.907038
0.907049
0.907061
0.907072
0.907084
0.907095
0.907106
0.907117
0.907128
0.907139
0.90715
0.907161
0.907172
0.907182
0.907193
0.907203
0.907214
0.907224
0.907235
0.907245
0.907255
0.907265
0.907275
0.907285
0.907295
0.907305
0.907315
0.907324
0.907334
0.907343
0.907353
0.907362
0.907372
0.907381
0.90739
0.9074
0.907409
0.907418
0.907427
0.907436
0.907445
0.907453
0.907462
0.907471
0.90748
0.907488
0.907497
0.907505
0.907514
0.907522
0.90753
0.907538
0.907547
0.907555
0.907563
0.907571
0.907579
0.907587
0.907595
0.907602
0.90761
0.907618
0.907626
0.907633
0.907641
0.907648
0.907656
0.907663
0.90767
0.907678
0.907685
0.907692
0.907699
0.907706
0.907713
0.90772
0.907727
0.907734
0.907741
0.907748
0.907755
0.907762
0.907768
0.907775
0.907781
0.907788
0.907795
0.907801
0.907807
0.907814
0.90782
0.907826
0.907833
0.907839
0.907845
0.907851
0.907857
0.907863
0.907869
0.907875
0.907881
0.907887
0.907893
0.907899
0.907904
0.90791
0.907916
0.907921
0.907927
0.907933
0.907938
0.907944
0.907949
0.907955
0.90796
0.907965
0.907971
0.907976
0.907981
0.907986
0.907991
0.907997
0.908002
0.908007
0.908012
0.908017
0.908022
0.908027
0.908032
0.908036
0.908041
0.908046
0.908051
0.908056
0.90806
0.908065
0.90807
0.908074
0.908079
0.908083
0.908088
0.908092
0.908097
0.908101
0.908106
0.90811
0.908114
0.908119
0.908123
0.908127
0.908131
0.908136
0.90814
0.908144
0.908148
0.908152
0.908156
0.90816
0.908164
0.908168
0.908172
0.908176
0.90818
0.908184
0.908188
0.908191
0.908195
0.908199
0.908203
0.908206
0.90821
0.908214
0.908217
0.908221
0.908224
0.908228
0.908232
0.908235
0.908239
0.908242
0.908245
0.908249
0.908252
0.908256
0.908259
0.908262
0.908266
0.908269
0.908272
0.908275
0.908279
0.908282
0.908285
0.908288
0.908291
0.908294
0.908298
0.908301
0.908304
0.908307
0.90831
0.908313
0.908316
0.908319
0.908322
0.908324
0.908327
0.90833
0.908333
0.908336
0.908339
0.908341
0.908344
0.908347
0.90835
0.908352
0.908355
0.908358
0.90836
0.908363
0.908366
0.908368
0.908371
0.908374
0.908376
0.908379
0.908381
0.908384
0.908386
0.908389
0.908391
0.908394
0.908396
0.908398
0.908401
0.908403
0.908405
0.908408
0.90841
0.908412
0.908415
0.908417
0.908419
0.908422
0.908424
0.908426
0.908428
0.90843
0.908433
0.908435
0.908437
0.908439
0.908441
0.908443
0.908445
0.908447
0.908449
0.908451
0.908453
0.908455
0.908457
0.908459
0.908461
0.908463
0.908465
0.908467
0.908469
0.908471
0.908473
0.908475
0.908477
0.908479
0.908481
0.908482
0.908484
0.908486
0.908488
0.90849
0.908491
0.908493
0.908495
0.908497
0.908498
0.9085
0.908502
0.908503
0.908505
0.908507
0.908508
0.90851
0.908512
0.908513
0.908515
0.908517
0.908518
0.90852
0.908521
0.908523
0.908524
0.908526
0.908527
0.908529
0.90853
0.908532
0.908533
0.908535
0.908536
0.908538
0.908539
0.908541
0.908542
0.908544
0.908545
0.908546
0.908548
0.908549
0.908551
0.908552
0.908553
0.908555
0.908556
0.908557
0.908559
0.90856
0.908561
0.908562
0.908564
0.908565
0.908566
0.908568
0.908569
0.90857
0.908571
0.908573
0.908574
0.908575
0.908576
0.908577
0.908579
0.90858
0.908581
0.908582
0.908583
0.908584
0.908585
0.908587
0.908588
0.908589
0.90859
0.908591
0.908592
0.908593
0.908594
0.908595
0.908596
0.908597
0.908598
0.908599
0.908601
0.908602
0.908603
0.908604
0.908605
0.908606
0.908607
0.908608
0.908609
0.90861
0.90861
0.908611
0.908612
0.908613
0.908614
0.908615
0.908616
0.908617
0.908618
0.908619
0.90862
0.908621
0.908622
0.908622
0.908623
0.908624
0.908625
0.908626
0.908627
0.908628
0.908628
0.908629
0.90863
0.908631
0.908632
0.908633
0.908633
0.908634
0.908635
0.908636
0.908637
0.908637
0.908638
0.908639
0.90864
0.90864
0.908641
0.908642
0.908643
0.908643
0.908644
0.908645
0.908646
0.908646
0.908647
0.908648
0.908648
0.908649
0.90865
0.908651
0.908651
0.908652
0.908653
0.908653
0.908654
0.908655
0.908655
0.908656
0.908657
0.908657
0.908658
0.908659
0.908659
0.90866
0.90866
0.908661
0.908662
0.908662
0.908663
0.908663
0.908664
0.908665
0.908665
0.908666
0.908666
0.908667
0.908668
0.908668
0.908669
0.908669
0.90867
0.90867
0.908671
0.908672
0.908672
0.908673
0.908673
0.908674
0.908674
0.908675
0.908675
0.908676
0.908676
0.908677
0.908677
0.908678
0.908678
0.908679
0.908679
0.90868
0.90868
0.908681
0.908681
0.908682
0.908682
0.908683
0.908683
0.908684
0.908684
0.908685
0.908685
0.908685
0.908686
0.908686
0.908687
0.908687
0.908688
0.908688
0.908689
0.908689
0.908689
0.90869
0.90869
0.908691
0.908691
0.908692
0.908692
0.908692
0.908693
0.908693
0.908694
0.908694
0.908694
0.908695
0.908695
0.908696
0.908696
0.908696
0.908697
0.908697
0.908697
0.908698
0.908698
0.908699
0.908699
0.908699
0.9087
0.9087
0.9087
0.908701
0.908701
0.908701
0.908702
0.908702
0.908702
0.908703
0.908703
0.908703
0.908704
0.908704
0.908704
0.908705
0.908705
0.908705
0.908706
0.908706
0.908706
0.908707
0.908707
0.908707
0.908708
0.908708
0.908708
0.908708
0.908709
0.908709
0.908709
0.90871
0.90871
0.90871
0.90871
0.908711
0.908711
0.908711
0.908712
0.908712
0.908712
0.908712
0.908713
0.908713
0.908713
0.908713
0.908714
0.908714
0.908714
0.908715
0.908715
0.908715
0.908715
0.908716
0.908716
0.908716
0.908716
0.908717
0.908717
0.908717
0.908717
0.908717
0.908718
0.908718
0.908718
0.908718
0.908719
0.908719
0.908719
0.908719
0.90872
0.90872
0.90872
0.90872
0.90872
0.908721
0.908721
0.908721
0.908721
0.908721
0.908722
0.908722
0.908722
0.908722
0.908723
0.908723
0.908723
0.908723
0.908723
0.908724
0.908724
0.908724
0.908724
0.908724
0.908724
0.908725
0.908725
0.908725
0.908725
0.908725
0.908726
0.908726
0.908726
0.908726
0.908726
0.908726
0.908727
0.908727
0.908727
0.908727
0.908727
0.908728
0.908728
0.908728
0.908728
0.908728
0.908728
0.908729
0.908729
0.908729
0.908729
0.908729
0.908729
0.908729
0.90873
0.90873
0.90873
0.90873
0.90873
0.90873
0.908731
0.908731
0.908731
0.908731
0.908731
0.908731
0.908731
0.908732
0.908732
0.908732
0.908732
0.908732
0.908732
0.908732
0.908732
0.908733
0.908733
0.908733
0.908733
0.908733
0.908733
0.908733
0.908734
0.908734
0.908734
0.908734
0.908734
0.908734
0.908734
0.908734
0.908735
0.908735
0.908735
0.908735
0.908735
0.908735
0.908735
0.908735
0.908735
0.908736
0.908736
0.908736
0.908736
0.908736
0.908736
0.908736
0.908736
0.908736
0.908737
0.908737
0.908737
0.908737
0.908737
0.908737
0.908737
0.908737
0.908737
0.908738
0.908738
0.908738
0.908738
0.908738
0.908738
0.908738
0.908738
0.908738
0.908738
0.908739
0.908739
0.908739
0.908739
0.908739
0.908739
0.908739
0.908739
0.908739
0.908739
0.908739
0.90874
0.90874
0.90874
0.90874
0.90874
0.90874
0.90874
0.90874
0.90874
0.90874
0.90874
0.90874
0.908741
0.908741
0.908741
0.908741
0.908741
0.908741
0.908741
0.908741
0.908741
0.908741
0.908741
0.908741
0.908741
0.908742
0.908742
0.908742
0.908742
0.908742
0.908742
0.908742
0.908742
0.908742
0.908742
0.908742
0.908742
0.908742
0.908742
0.908743
0.908743
0.908743
0.908743
0.908743
0.908743
0.908743
0.908743
0.908743
0.908743
0.908743
0.908743
0.908743
0.908743
0.908743
0.908743
0.908744
0.908744
0.908744
0.908744
0.908744
0.908744
0.908744
0.908744
0.908744
0.908744
0.908744
0.908744
0.908744
0.908744
0.908744
0.908744
0.908744
0.908744
0.908745
0.908745
0.908745
0.908745
0.908745
0.908745
0.908745
0.908745
0.908745
0.908745
0.908745
0.908745
0.908745
0.908745
0.908745
0.908745
0.908745
0.908745
0.908745
0.908745
0.908746
0.908746
0.908746
0.908746
0.908746
0.908746
0.908746
0.908746
0.908746
0.908746
0.908746
0.908746
0.908746
0.908746
0.908746
0.908746
0.908746
0.908746
0.908746
0.908746
0.908746
0.908746
0.908746
0.908747
0.908747
0.908747
0.908747
0.908747
0.908747
0.908747
0.908747
0.908747
0.908747
0.908747
0.908747
0.908747
0.908747
0.908747
0.908747
0.908747
0.908747
0.908747
0.908747
0.908747
0.908747
0.908747
0.908747
0.908747
0.908747
0.908747
0.908748
0.908748
0.908748
0.908748
0.908748
0.908748
0.908748
0.908748
0.908748
0.908748
0.908748
0.908748
0.908748
0.908748
0.908748
0.908748
0.908748
0.908748
0.908748
0.908748
0.908748
0.908748
0.908748
0.908748
0.908748
0.908748
0.908748
0.908748
0.908748
0.908748
0.908748
0.908748
0.908748
0.908748
0.908749
0.908749
0.908749
0.908749
0.908749
0.908749
0.908749
0.908749
0.908749
0.908749
0.908749
0.908749
0.908749
0.908749
0.908749
0.908749
0.908749
0.908749
0.908749
0.908749
0.908749
0.908749
0.908749
0.908749
0.908749
0.908749
0.908749
0.908749
0.908749
0.908749
0.908749
0.908749
0.908749
0.908749
0.908749
0.908749
0.908749
0.908749
0.908749
0.908749
0.908749
0.908749
0.908749
0.90875
0.90875
0.90875
0.90875
0.90875
0.90875
0.90875
0.90875
0.90875
0.90875
0.90875
0.90875
0.90875
0.90875
0.90875
0.90875
0.90875
0.90875
0.90875
0.90875
0.90875
0.90875
0.90875
0.90875
0.90875
0.90875
0.90875
0.90875
0.90875
0.90875
0.90875
0.90875
0.90875
0.90875
0.90875
0.90875
0.90875
0.90875
0.90875
0.90875
0.90875
0.90875
0.90875
0.90875
0.90875
0.90875
0.90875
0.90875
0.90875
0.90875
0.90875
0.90875
0.90875
0.90875
0.90875
0.90875
0.90875
0.90875
0.90875
0.90875
0.90875
0.90875
0.908751
0.908751
0.908751
0.908751
0.908751
0.908751
0.908751
0.908751
0.908751
0.908751
0.908751
0.908751
0.908751
0.908751
0.908751
0.908751
0.908751
0.908751
0.908751
0.908751
0.908751
0.908751
0.908751
0.908751
0.908751
0.908751
0.908751
0.908751
0.908751
0.908751
0.908751
0.908751
0.908751
0.908751
0.908751
0.908751
0.908751
0.908751
0.908751
0.908751
0.908751
0.908751
0.908751
0.908751
0.908751
0.908751
0.908751
0.908751
0.908751
0.908751
0.908751
0.908751
0.908751
0.908751
0.908751
0.908751
0.908751
0.908751
0.908751
0.908751
0.908751
0.908751
0.908751
0.908751
0.908751
0.908751
0.908751
0.908751
0.908751
0.908751
0.908751
0.908751
0.908751
0.908751
0.908751
0.908751
0.908751
0.908751
0.908751
0.908751
0.908751
0.908751
0.908751
0.908751
0.908751
0.908751
0.908751
0.908751
0.908751
0.908751
0.908751
0.908751
0.908751
0.908751
0.908751
0.908751
0.908751
0.908751
0.908751
0.908751
0.908751
0.908751
0.908751
0.908751
0.908751
0.908751
0.908751
0.908751
0.908752
0.908752
0.908752
0.908752
0.908752
0.908752
0.908752
0.908752
0.908752
0.908752
0.908752
0.908752
0.908752
0.908752
0.908752
0.908752
0.908752
0.908752
0.908752
0.908752
0.908752
0.908752
0.908752
0.908752
0.908752
0.908752
0.908752
0.908752
0.908752
0.908752
0.908752
0.908752
0.908752
0.908752
0.908752
0.908752
0.908752
0.908752
0.908752
0.908752
0.908752
0.908752
0.908752
0.908752
0.908752
0.908752
0.908752
0.908752
0.908752
0.908752
0.908752
0.908752
0.908752
0.908752
0.908752
0.908752
0.908752
0.908752
0.908752
0.908752
0.908752
0.908752
0.908752
0.908752
0.908752
0.908752
0.908752
0.908752
0.908752
0.908752
0.908752
0.908752
0.908752
0.908752
0.908752
0.908752
0.908752
0.908752
0.908752
0.908752
0.908752
0.908752
0.908752
0.908752
0.908752
0.908752
0.908752
0.908752
0.908752
0.908752
0.908752
0.908752
0.908752
0.908752
0.908752
0.908752
0.908752
0.908752
0.908752
0.908752
0.908752
0.908752
0.908752
0.908752
0.908752
0.908752
0.908752
0.908752
0.908752
0.908752
0.908752
0.908752
0.908752
0.908752
0.908752
0.908752
0.908752
0.908752
0.908752
0.908752
0.908752
0.908752
0.908752
0.908752
0.908752
0.908752
0.908752
0.908752
0.908752
0.908752
0.908752
0.908752
0.908752
0.908752
0.908752
0.908752
0.908752
0.908752
0.908752
0.908752
0.908752
0.908752
0.908752
0.908752
0.908752
0.908752
0.908752
0.908752
0.908752
0.908752
0.908752
0.908752
0.908752
0.908752
0.908752
0.908752
0.908752
0.908752
0.908752
0.908752
0.908752
0.908752
0.908752
0.908752
0.908752
0.908752
0.908752
0.908752
0.908752
0.908752
0.908752
0.908752
0.908752
0.908752
0.908752
0.908752
0.908752
0.908752
0.908752
0.908752
0.908752
0.908752
0.908752
0.908752
0.908752
0.908752
0.908752
0.908752
0.908752
0.908752
0.908752
0.908752
0.908752
0.908752
0.908752
0.908752
0.908752
0.908752
0.908752
0.908752
0.908752
0.908752
0.908752
0.908752
0.908752
0.908752
0.908752
0.908752
0.908752
0.908752
0.908752
0.908752
0.908752
0.908752
0.908752
0.908752
0.908752
0.908752
0.908752
0.908752
0.908752
0.908752
0.908752
0.908752
0.908752
0.908752
0.908752
0.908752
0.908752
0.908752
0.908752
0.908752
0.908752
0.908752
0.908752
0.908752
0.908752
0.908752
0.908752
0.908752
0.908752
0.908752
0.908752
0.908752
0.908752
0.908752
0.908752
0.908752
0.908752
0.908752
0.908752
0.908752
0.908752
0.908752
0.908752
0.908752
0.908752
0.908752
0.908752
0.908752
0.908752
0.908752
0.908752
0.908752
0.908752
0.908752
0.908752
0.908752
0.908752
0.908752
0.908752
0.908752
0.908752
0.908752
0.908752
0.908752
0.908752
0.908752
0.908752
0.908752
0.908752
0.908752
0.908752
0.908752
0.908752
0.908752
0.908752
0.908752
0.908752
0.908752
0.908752
0.908752
0.908752
0.908752
0.908752
0.908752
0.908752
0.908752
0.908752
0.908752
0.908752
0.908752
0.908752
0.908752
0.908752
0.908752
0.908752
0.908752
0.908752
0.908752
0.908752
0.908752
0.908752
0.908752
0.908752
0.908752
0.908752
0.908752
0.908752
0.908752
0.908752
0.908752
0.908752
0.908752
0.908752
0.908752
0.908752
0.908752
0.908752
0.908752
0.908752
0.908752
0.908752
0.908752
0.908752
0.908752
0.908752
0.908752
0.908752
0.908752
0.908752
0.908752
0.908752
0.908752
0.908752
0.908752
0.908752
0.908752
0.908752
0.908752
0.908752
0.908752
0.908752
0.908752
0.908752
0.908752
0.908752
0.908752
0.908752
0.908752
0.908752
0.908752
0.908752
0.908752
0.908752
0.908752
0.908752
0.908752
0.908752
0.908752
0.908752
0.908752
0.908752
0.908752
0.908752
0.908752
0.908752
0.908752
0.908752
0.908752
0.908752
0.908752
0.908752
0.908752
0.908752
0.908752
0.908752
0.908752
0.908752
0.908752
0.908752
0.908752
0.908752
0.908752
0.908752
0.908752
0.908752
0.908752
0.908752
0.908752
0.908752
0.908752
0.908752
0.908752
0.908752
0.908752
0.908752
0.908752
0.908752
0.908752
0.908752
0.908752
0.908752
0.908752
0.908752
0.908752
0.908752
0.908752
0.908752
0.908752
0.908752
0.908752
0.908752
0.908752
0.908752
0.908752
0.908752
0.908752
0.908752
0.908752
0.908752
0.908752
0.908752
0.908752
0.908752
0.908752
0.908752
0.908752
0.908752
0.908752
0.908752
0.908752
0.908752
0.908752
0.908752
0.908752
0.908752
0.908752
0.908752
0.908752
0.908752
0.908752
0.908752
0.908752
0.908752
0.908752
0.908752
0.908752
0.908752
0.908752
0.908752
0.908752
0.908752
0.908752
0.908752
0.908752
0.908752
0.908752
0.908752
0.908752
0.908752
0.908752
0.908752
0.908752
0.908752
0.908752
0.908752
0.908752
0.908752
0.908752
0.908752
0.908752
0.908752
0.908752
0.908752
0.908752
0.908752
0.908752
0.908752
0.908752
0.908752
0.908752
0.908752
0.908752
0.908752
0.908752
0.908752
0.908752
0.908752
0.908752
0.908752
0.908752
0.908752
0.908752
0.908752
0.908752
0.908752
0.908752
0.908752
0.908752
0.908752
0.908752
0.908752
0.908752
0.908752
0.908752
0.908752
0.908752
0.908752
0.908752
0.908752
0.908752
0.908752
0.908752
0.908752
0.908752
0.908752
0.908752
0.908752
0.908752
0.908752
0.908752
0.908752
0.908752
0.908752
0.908752
0.908752
0.908752
0.908752
0.908752
0.908752
0.908752
0.908752
0.908752
0.908752
0.908752
0.908752
0.908752
0.908752
0.908752
0.908752
0.908752
0.908752
0.908752
0.908752
0.908752
0.908752
0.908752
0.908752
0.908752
0.908752
0.908752
0.908752
0.908752
0.908752
0.908752
0.908752
0.908752
0.908752
0.908752
0.908752
0.908752
0.908752
0.908752
0.908752
0.908752
0.908752
0.908752
0.908752
0.908752
0.908752
0.908752
0.908752
0.908752
0.908752
0.908752
0.908752
0.908752
0.908752
0.908752
0.908752
0.908752
0.908752
0.908752
0.908752
0.908752
0.908752
0.908752
0.908752
0.908752
0.908752
0.908752
0.908752
0.908752
0.908752
0.908752
0.908752
0.908752
0.908752
0.908752
0.908752
0.908752
0.908752
0.908752
0.908752
0.908752
0.908752
0.908752
0.908752
0.908752
0.908752
0.908752
0.908752
0.908752
0.908752
0.908752
0.908752
0.908752
0.908752
0.908752
0.908752
0.908752
0.908752
0.908752
0.908752
0.908752
0.908752
0.908752
0.908752
0.908752
0.908752
0.908752
0.908752
0.908752
0.908752
0.908752
0.908752
0.908752
0.908752
0.908752
0.908752
0.908752
0.908752
0.908752
0.908752
0.908752
0.908752
0.908752
0.908752
0.908752
0.908752
0.908752
0.908752
0.908752
0.908752
0.908752
0.908752
0.908752
0.908752
0.908752
0.908752
0.908752
0.908752
0.908752
0.908752
0.908752
0.908752
0.908752
0.908752
0.908752
0.908752
0.908752
0.908752
0.908752
0.908752
0.908752
0.908752
0.908752
0.908752
0.908752
0.908752
0.908752
0.908752
0.908752
0.908752
0.908752
0.908752
0.908752
0.908752
0.908752
0.908752
0.908752
0.908752
0.908752
0.908752
0.908752
0.908752
0.908752
0.908752
0.908752
0.908752
0.908752
0.908752
0.908752
0.908752
0.908752
0.908752
0.908752
0.908752
0.908752
0.908752
0.908752
0.908752
0.908752
0.908752
0.908752
0.908752
0.908752
0.908752
0.908752
0.908752
0.908752
0.908752
0.908752
0.908752
0.908752
0.908752
0.908752
0.908752
0.908752
0.908752
0.908752
0.908752
0.908752
0.908752
0.908752
0.908752
0.908752
0.908752
0.908752
0.908752
0.908752
0.908752
0.908752
0.908752
0.908752
0.908752
0.908752
0.908752
0.908752
0.908752
0.908752
0.908752
0.908752
0.908752
0.908752
0.908752
0.908752
0.908752
0.908752
0.908752
0.908752
0.908752
0.908752
0.908752
0.908752
0.908752
0.908752
0.908752
0.908752
0.908752
0.908752
0.908752
0.908752
0.908752
0.908752
0.908752
0.908752
0.908752
0.908752
0.908752
0.908752
0.908752
0.908752
0.908752
0.908752
0.908752
0.908752
0.908752
0.908752
0.908752
0.908752
0.908752
0.908752
0.908752
0.908752
0.908752
0.908752
0.908752
0.908752
0.908752
0.908752
0.908752
0.908752
0.908752
0.908752
0.908752
0.908752
0.908752
0.908752
0.908752
0.908752
0.908752
0.908752
0.908752
0.908752
0.908752
0.908752
0.908752
0.908752
0.908752
0.908752
0.908752
0.908752
0.908752
0.908752
0.908752
0.908752
0.908752
0.908752
0.908752
0.908752
0.908752
0.908752
0.908752
0.908752
0.908752
0.908752
0.908752
0.908752
0.908752
0.908752
0.908752
0.908752
0.908752
0.908752
0.908752
0.908752
0.908752
0.908752
0.908752
0.908752
0.908752
0.908752
0.908752
0.908752
0.908752
0.908752
0.908752
0.908752
0.908752
0.908752
0.908752
0.908752
0.908752
0.908752
0.908752
0.908752
0.908752
0.908752
0.908752
0.908752
0.908752
0.908752
0.908752
0.908752
0.908752
0.908752
0.908752
0.908752
0.908752
0.908752
0.908752
0.908752
0.908752
0.908752
0.908752
0.908752
0.908752
0.908752
0.908752
0.908752
0.908752
0.908752
0.908752
0.908752
0.908752
0.908752
0.908752
0.908752
0.908752
0.908752
0.908752
0.908752
0.908752
0.908752
0.908752
0.908752
0.908752
0.908752
0.908752
0.908752
0.908752
0.908752
0.908752
0.908752
0.908752
0.908752
0.908752
0.908752
0.908752
0.908752
0.908752
0.908752
0.908752
0.908752
0.908752
0.908752
0.908752
0.908752
0.908752
0.908752
0.908752
0.908752
0.908752
0.908752
0.908752
0.908752
0.908752
0.908752
0.908752
0.908752
0.908752
0.908752
0.908752
0.908752
0.908752
0.908752
0.908752
0.908752
0.908752
0.908752
0.908752
0.908752
0.908752
0.908752
0.908752
0.908752
0.908752
0.908752
0.908752
0.908752
0.908752
0.908752
0.908752
0.908752
0.908752
0.908752
0.908752
0.908752
0.908752
0.908752
0.908752
0.908752
0.908752
0.908752
0.908752
0.908752
0.908752
0.908752
0.908752
0.908752
0.908752
0.908752
0.908752
0.908752
0.908752
0.908752
0.908752
0.908752
0.908752
0.908752
0.908752
0.908752
0.908752
0.908752
0.908752
0.908752
0.908752
0.908752
0.908752
0.908752
0.908752
0.908752
0.908752
0.908752
0.908752
0.908752
0.908752
0.908752
0.908752
0.908752
0.908752
0.908752
0.908752
0.908752
0.908752
0.908752
0.908752
0.908752
0.908752
0.908752
0.908752
0.908752
0.908752
0.908752
0.908752
0.908752
0.908752
0.908752
0.908752
0.908752
0.908752
0.908752
0.908752
0.908752
0.908752
0.908752
0.908752
0.908752
0.908752
0.908752
0.908752
0.908752
0.908752
0.908752
0.908752
0.908752
0.908752
0.908752
0.908752
0.908752
0.908752
0.908752
0.908752
0.908752
0.908752
0.908752
0.908752
0.908752
0.908752
0.908752
0.908752
0.908752
0.908752
0.908752
0.908752
0.908752
0.908752
0.908752
0.908752
0.908752
0.908752
0.908752
0.908752
0.908752
0.908752
0.908752
0.908752
0.908752
0.908752
0.908752
0.908752
0.908752
0.908752
0.908752
0.908752
0.908752
0.908752
0.908752
0.908752
0.908752
0.908752
0.908752
0.908752
0.908752
0.908752
0.908752
0.908752
0.908752
0.908752
0.908752
0.908752
0.908752
0.908752
0.908752
0.908752
0.908752
0.908752
0.908752
0.908752
0.908752
0.908752
0.908752
0.908752
0.908752
0.908752
0.908752
0.908752
0.908752
0.908752
0.908752
0.908752
0.908752
0.908752
0.908752
0.908752
0.908752
0.908752
0.908752
0.908752
0.908752
0.908752
0.908752
0.908752
0.908752
0.908752
0.908752
0.908752
0.908752
0.908752
0.908752
0.908752
0.908752
0.908752
0.908752
0.908752
0.908752
0.908752
0.908752
0.908752
0.908752
0.908752
0.908752
0.908752
0.908752
0.908752
0.908752
0.908752
0.908752
0.908752
0.908752
0.908752
0.908752
0.908752
0.908752
0.908752
0.908752
0.908752
0.908752
0.908752
0.908752
0.908752
0.908752
0.908752
0.908752
0.908752
0.908752
0.908752
0.908752
0.908752
0.908752
0.908752
0.908752
0.908752
0.908752
0.908752
0.908752
0.908752
0.908752
0.908752
0.908752
0.908752
0.908752
0.908752
0.908752
0.908752
0.908752
0.908752
0.908752
0.908752
0.908752
0.908752
0.908752
0.908752
0.908752
0.908752
0.908752
0.908752
0.908752
0.908752
0.908752
0.908752
0.908752
0.908752
0.908752
0.908752
0.908752
0.908752
0.908752
0.908752
0.908752
0.908752
0.908752
0.908752
0.908752
0.908752
0.908752
0.908752
0.908752
0.908752
0.908752
0.908752
0.908752
0.908752
0.908752
0.908752
0.908752
0.908752
0.908752
0.908752
0.908752
0.908752
0.908752
0.908752
0.908752
0.908752
0.908752
0.908752
0.908752
0.908752
0.908752
0.908752
0.908752
0.908752
0.908752
0.908752
0.908752
0.908752
0.908752
0.908752
0.908752
0.908752
0.908752
0.908752
0.908752
0.908752
0.908752
0.908752
0.908752
0.908752
0.908752
0.908752
0.908752
0.908752
0.908752
0.908752
0.908752
0.908752
0.908752
0.908752
0.908752
0.908752
0.908752
0.908752
0.908752
0.908752
0.908752
0.908752
0.908752
0.908752
0.908752
0.908752
0.908752
0.908752
0.908752
0.908752
0.908752
0.908752
0.908752
0.908752
0.908752
0.908752
0.908752
0.908752
0.908752
0.908752
0.908752
0.908752
0.908752
0.908752
0.908752
0.908752
0.908752
0.908752
0.908752
0.908752
0.908752
0.908752
0.908752
0.908752
0.908752
0.908752
0.908752
0.908752
0.908752
0.908752
0.908752
0.908752
0.908752
0.908752
0.908752
0.908752
0.908752
0.908752
0.908752
0.908752
0.908752
0.908752
0.908752
0.908752
0.908752
0.908752
0.908752
0.908752
0.908752
0.908752
0.908752
0.908752
0.908752
0.908752
0.908752
0.908752
0.908752
0.908752
0.908752
0.908752
0.908752
0.908752
0.908752
0.908752
0.908752
0.908752
0.908752
0.908752
0.908752
0.908752
0.908752
0.908752
0.908752
0.908752
0.908752
0.908752
0.908752
0.908752
0.908752
0.908752
0.908752
0.908752
0.908752
0.908752
0.908752
0.908752
0.908752
0.908752
0.908752
0.908752
0.908752
0.908752
0.908752
0.908752
0.908752
0.908752
0.908752
0.908752
0.908752
0.908752
0.908752
0.908752
0.908752
0.908752
0.908752
0.908752
0.908752
0.908752
0.908752
0.908752
0.908752
0.908752
0.908752
0.908752
0.908752
0.908752
0.908752
0.908752
0.908752
0.908752
0.908752
0.908752
0.908752
0.908752
0.908752
0.908752
0.908752
0.908752
0.908752
0.908752
0.908752
0.908752
0.908752
0.908752
0.908752
0.908752
0.908752
0.908752
0.908752
0.908752
0.908752
0.908752
0.908752
0.908752
0.908752
0.908752
0.908752
0.908752
0.908752
0.908752
0.908752
0.908752
0.908752
0.908752
0.908752
0.908752
0.908752
0.908752
0.908752
0.908752
0.908752
0.908752
0.908752
0.908752
0.908752
0.908752
0.908752
0.908752
0.908752
0.908752
0.908752
0.908752
0.908752
0.908752
0.908752
0.908752
0.908752
0.908752
0.908752
0.908752
0.908752
0.908752
0.908752
0.908752
0.908752
0.908752
0.908752
0.908752
0.908752
0.908752
0.908752
0.908752
0.908752
0.908752
0.908752
0.908752
0.908752
0.908752
0.908752
0.908752
0.908752
0.908752
0.908752
0.908752
0.908752
0.908752
0.908752
0.908752
0.908752
0.908752
0.908752
0.908752
0.908752
0.908752
0.908752
0.908752
0.908752
0.908752
0.908752
0.908752
0.908752
0.908752
0.908752
0.908752
0.908752
0.908752
0.908752
0.908752
0.908752
0.908752
0.908752
0.908752
0.908752
0.908752
0.908752
0.908752
0.908752
0.908752
0.908752
0.908752
0.908752
0.908752
0.908752
0.908752
0.908752
0.908752
0.908752
0.908752
0.908752
0.908752
0.908752
0.908752
0.908752
0.908752
0.908752
0.908752
0.908752
0.908752
0.908752
0.908752
0.908752
0.908752
0.908752
0.908752
0.908752
0.908752
0.908752
0.908752
0.908752
0.908752
0.908752
0.908752
0.908752
0.908752
0.908752
0.908752
0.908752
0.908752
0.908752
0.908752
0.908752
0.908752
0.908752
0.908752
0.908752
0.908752
0.908752
0.908752
0.908752
0.908752
0.908752
0.908752
0.908752
0.908752
0.908752
0.908752
0.908752
0.908752
0.908752
0.908752
0.908752
0.908752
0.908752
0.908752
0.908752
0.908752
0.908752
0.908752
0.908752
0.908752
0.908752
0.908752
0.908752
0.908752
0.908752
0.908752
0.908752
0.908752
0.908752
0.908752
0.908752
0.908752
0.908752
0.908752
0.908752
0.908752
0.908752
0.908752
0.908752
0.908752
0.908752
0.908752
0.908752
0.908752
0.908752
0.908752
0.908752
0.908752
0.908752
0.908752
0.908752
0.908752
0.908752
0.908752
0.908752
0.908752
0.908752
0.908752
0.908752
0.908752
0.908752
0.908752
0.908752
0.908752
0.908752
0.908752
0.908752
0.908752
0.908752
0.908752
0.908752
0.908752
0.908752
0.908752
0.908752
0.908752
0.908752
0.908752
0.908752
0.908752
0.908752
0.908752
0.908752
0.908752
0.908752
0.908752
0.908752
0.908752
0.908752
0.908752
0.908752
0.908752
0.908752
0.908752
0.908752
0.908752
0.908752
0.908752
0.908752
0.908752
0.908752
0.908752
0.908752
0.908752
0.908752
0.908752
0.908752
0.908752
0.908752
0.908752
0.908752
0.908752
0.908752
0.908752
0.908752
0.908752
0.908752
0.908752
0.908752
0.908752
0.908752
0.908752
0.908752
0.908752
0.908752
0.908752
0.908752
0.908752
0.908752
0.908752
0.908752
0.908752
0.908752
0.908752
0.908752
0.908752
0.908752
0.908752
0.908752
0.908752
0.908752
0.908752
0.908752
0.908752
0.908752
0.908752
0.908752
0.908752
0.908752
0.908752
0.908752
0.908752
0.908752
0.908752
0.908752
0.908752
0.908752
0.908752
0.908752
0.908752
0.908752
0.908752
0.908752
0.908752
0.908752
0.908752
0.908752
0.908752
0.908752
0.908752
0.908752
0.908752
0.908752
0.908752
0.908752
0.908752
0.908752
0.908752
0.908752
0.908752
0.908752
0.908752
0.908752
0.908752
0.908752
0.908752
0.908752
0.908752
0.908752
0.908752
0.908752
0.908752
0.908752
0.908752
0.908752
0.908752
0.908752
0.908752
0.908752
0.908752
0.908752
0.908752
0.908752
0.908752
0.908752
0.908752
0.908752
0.908752
0.908752
0.908752
0.908752
0.908752
0.908752
0.908752
0.908752
0.908752
0.908752
0.908752
0.908752
0.908752
0.908752
0.908752
0.908752
0.908752
0.908752
0.908752
0.908752
0.908752
0.908752
0.908752
0.908752
0.908752
0.908752
0.908752
0.908752
0.908752
0.908752
0.908752
0.908752
0.908752
0.908752
0.908752
0.908752
0.908752
0.908752
0.908752
0.908752
0.908752
0.908752
0.908752
0.908752
0.908752
0.908752
0.908752
0.908752
0.908752
0.908752
0.908752
0.908752
0.908752
0.908752
0.908752
0.908752
0.908752
0.908752
0.908752
0.908752
0.908752
0.908752
0.908752
0.908752
0.908752
0.908752
0.908752
0.908752
0.908752
0.908752
0.908752
0.908752
0.908752
0.908752
0.908752
0.908752
0.908752
0.908752
0.908752
0.908752
0.908752
0.908752
0.908752
0.908752
0.908752
0.908752
0.908752
0.908752
0.908752
0.908752
0.908752
0.908752
0.908752
0.908752
0.908752
0.908752
0.908752
0.908752
0.908752
0.908752
0.908752
0.908752
0.908752
0.908752
0.908752
0.908752
0.908752
0.908752
0.908752
0.908752
0.908752
0.908752
0.908752
0.908752
0.908752
0.908752
0.908752
0.908752
0.908752
0.908752
0.908752
0.908752
0.908752
0.908752
0.908752
0.908752
0.908752
0.908752
0.908752
0.908752
0.908752
0.908752
0.908752
0.908752
0.908752
0.908752
0.908752
0.908752
0.908752
0.908752
0.908752
0.908752
0.908752
0.908752
0.908752
0.908752
0.908752
0.908752
0.908752
0.908752
0.908752
0.908752
0.908752
0.908752
0.908752
0.908752
0.908752
0.908752
0.908752
0.908752
0.908752
0.908752
0.908752
0.908752
0.908752
0.908752
0.908752
0.908752
0.908752
0.908752
0.908752
0.908752
0.908752
0.908752
0.908752
0.908752
0.908752
0.908752
0.908752
0.908752
0.908752
0.908752
0.908752
0.908752
0.908752
0.908752
0.908752
0.908752
0.908752
0.908752
0.908752
0.908752
0.908752
0.908752
0.908752
0.908752
0.908752
0.908752
0.908752
0.908752
0.908752
0.908752
0.908752
0.908752
0.908752
0.908752
0.908752
0.908752
0.908752
0.908752
0.908752
0.908752
0.908752
0.908752
0.908752
0.908752
0.908752
0.908752
0.908752
0.908752
0.908752
0.908752
0.908752
0.908752
0.908752
0.908752
0.908752
0.908752
0.908752
0.908752
0.908752
0.908752
0.908752
0.908752
0.908752
0.908752
0.908752
0.908752
0.908752
0.908752
0.908752
0.908752
0.908752
0.908752
0.908752
0.908752
0.908752
0.908752
0.908752
0.908752
0.908752
0.908752
0.908752
0.908752
0.908752
0.908752
0.908752
0.908752
0.908752
0.908752
0.908752
0.908752
0.908752
0.908752
0.908752
0.908752
0.908752
0.908752
0.908752
0.908752
0.908752
0.908752
0.908752
0.908752
0.908752
0.908752
0.908752
0.908752
0.908752
0.908752
0.908752
0.908752
0.908752
0.908752
0.908752
0.908752
0.908752
0.908752
0.908752
0.908752
0.908752
0.908752
0.908752
0.908752
0.908752
0.908752
0.908752
0.908752
0.908752
0.908752
0.908752
0.908752
0.908752
0.908752
0.908752
0.908752
0.908752
0.908752
0.908752
0.908752
0.908752
0.908752
0.908752
0.908752
0.908752
0.908752
0.908752
0.908752
0.908752
0.908752
0.908752
0.908752
0.908752
0.908752
0.908752
0.908752
0.908752
0.908752
0.908752
0.908752
0.908752
0.908752
0.908752
0.908752
0.908752
0.908752
0.908752
0.908752
0.908752
0.908752
0.908752
0.908752
0.908752
0.908752
0.908752
0.908752
0.908752
0.908752
0.908752
0.908752
0.908752
0.908752
0.908752
0.908752
0.908752
0.908752
0.908752
0.908752
0.908752
0.908752
0.908752
0.908752
0.908752
0.908752
0.908752
0.908752
0.908752
0.908752
0.908752
0.908752
0.908752
0.908752
0.908752
0.908752
0.908752
0.908752
0.908752
0.908752
0.908752
0.908752
0.908752
0.908752
0.908752
0.908752
0.908752
0.908752
0.908752
0.908752
0.908752
0.908752
0.908752
0.908752
0.908752
0.908752
0.908752
0.908752
0.908752
0.908752
0.908752
0.908752
0.908752
0.908752
0.908752
0.908752
0.908752
0.908752
0.908752
0.908752
0.908752
0.908752
0.908752
0.908752
0.908752
0.908752
0.908752
0.908752
0.908752
0.908752
0.908752
0.908752
0.908752
0.908752
0.908752
0.908752
0.908752
0.908752
0.908752
0.908752
0.908752
0.908752
0.908752
0.908752
0.908752
0.908752
0.908752
0.908752
0.908752
0.908752
0.908752
0.908752
0.908752
0.908752
0.908752
0.908752
0.908752
0.908752
0.908752
0.908752
0.908752
0.908752
0.908752
0.908752
0.908752
0.908752
0.908752
0.908752
0.908752
0.908752
0.908752
0.908752
0.908752
0.908752
0.908752
0.908752
0.908752
0.908752
0.908752
0.908752
0.908752
0.908752
0.908752
0.908752
0.908752
0.908752
0.908752
0.908752
0.908752
0.908752
0.908752
0.908752
0.908752
0.908752
0.908752
0.908752
0.908752
0.908752
0.908752
0.908752
0.908752
0.908752
0.908752
0.908752
0.908752
0.908752
0.908752
0.908752
0.908752
0.908752
0.908752
0.908752
0.908752
0.908752
0.908752
0.908752
0.908752
0.908752
0.908752
0.908752
0.908752
0.908752
0.908752
0.908752
0.908752
0.908752
0.908752
0.908752
0.908752
0.908752
0.908752
0.908752
0.908752
0.908752
0.908752
0.908752
0.908752
0.908752
0.908752
0.908752
0.908752
0.908752
0.908752
0.908752
0.908752
0.908752
0.908752
0.908752
0.908752
0.908752
0.908752
0.908752
0.908752
0.908752
0.908752
0.908752
0.908752
0.908752
0.908752
0.908752
0.908752
0.908752
0.908752
0.908752
0.908752
0.908752
0.908752
0.908752
0.908752
0.908752
0.908752
0.908752
0.908752
0.908752
0.908752
0.908752
0.908752
0.908752
0.908752
0.908752
0.908752
0.908752
0.908752
0.908752
0.908752
0.908752
0.908752
0.908752
0.908752
0.908752
0.908752
0.908752
0.908752
0.908752
0.908752
0.908752
0.908752
0.908752
0.908752
0.908752
0.908752
0.908752
0.908752
0.908752
0.908752
0.908752
0.908752
0.908752
0.908752
0.908752
0.908752
0.908752
0.908752
0.908752
0.908752
0.908752
0.908752
0.908752
0.908752
0.908752
0.908752
0.908752
0.908752
0.908752
0.908752
0.908752
0.908752
0.908752
0.908752
0.908752
0.908752
0.908752
0.908752
0.908752
0.908752
0.908752
0.908752
0.908752
0.908752
0.908752
0.908752
0.908752
0.908752
0.908752
0.908752
0.908752
0.908752
0.908752
0.908752
0.908752
0.908752
0.908752
0.908752
0.908752
0.908752
0.908752
0.908752
0.908752
0.908752
0.908752
0.908752
0.908752
0.908752
0.908752
0.908752
0.908752
0.908752
0.908752
0.908752
0.908752
0.908752
0.908752
0.908752
0.908752
0.908752
0.908752
0.908752
0.908752
0.908752
0.908752
0.908752
0.908752
0.908752
0.908752
0.908752
0.908752
0.908752
0.908752
0.908752
0.908752
0.908752
0.908752
0.908752
0.908752
0.908752
0.908752
0.908752
0.908752
0.908752
0.908752
0.908752
0.908752
0.908752
0.908752
0.908752
0.908752
0.908752
0.908752
0.908752
0.908752
0.908752
0.908752
0.908752
0.908752
0.908752
0.908752
0.908752
0.908752
0.908752
0.908752
0.908752
0.908752
0.908752
0.908752
0.908752
0.908752
0.908752
0.908752
0.908752
0.908752
0.908752
0.908752
0.908752
0.908752
0.908752
0.908752
0.908752
0.908752
0.908752
0.908752
0.908752
0.908752
0.908752
0.908752
0.908752
0.908752
0.908752
0.908752
0.908752
0.908752
0.908752
0.908752
0.908752
0.908752
0.908752
0.908752
0.908752
0.908752
0.908752
0.908752
0.908752
0.908752
0.908752
0.908752
0.908752
0.908752
0.908752
0.908752
0.908752
0.908752
0.908752
0.908752
0.908752
0.908752
0.908752
0.908752
0.908752
0.908752
0.908752
0.908752
0.908752
0.908752
0.908752
0.908752
0.908752
0.908752
0.908752
0.908752
0.908752
0.908752
0.908752
0.908752
0.908752
0.908752
0.908752
0.908752
0.908752
0.908752
0.908752
0.908752
0.908752
0.908752
0.908752
0.908752
0.908752
0.908752
0.908752
0.908752
0.908752
0.908752
0.908752
0.908752
0.908752
0.908752
0.908752
0.908752
0.908752
0.908752
0.908752
0.908752
0.908752
0.908752
0.908752
0.908752
0.908752
0.908752
0.908752
0.908752
0.908752
0.908752
0.908752
0.908752
0.908752
0.908752
0.908752
0.908752
0.908752
0.908752
0.908752
0.908752
0.908752
0.908752
0.908752
0.908752
0.908752
0.908752
0.908752
0.908752
0.908752
0.908752
0.908752
0.908752
0.908752
0.908752
0.908752
0.908752
0.908752
0.908752
0.908752
0.908752
0.908752
0.908752
0.908752
0.908752
0.908752
0.908752
0.908752
0.908752
0.908752
0.908752
0.908752
0.908752
0.908752
0.908752
0.908752
0.908752
0.908752
0.908752
0.908752
0.908752
0.908752
0.908752
0.908752
0.908752
0.908752
0.908752
0.908752
0.908752
0.908752
0.908752
0.908752
0.908752
0.908752
0.908752
0.908752
0.908752
0.908752
0.908752
0.908752
0.908752
0.908752
0.908752
0.908752
0.908752
0.908752
0.908752
0.908752
0.908752
0.908752
0.908752
0.908752
0.908752
0.908752
0.908752
0.908752
0.908752
0.908752
0.908752
0.908752
0.908752
0.908752
0.908752
0.908752
0.908752
0.908752
0.908752
0.908752
0.908752
0.908752
0.908752
0.908752
0.908752
0.908752
0.908752
0.908752
0.908752
0.908752
0.908752
0.908752
0.908752
0.908752
0.908752
0.908752
0.908752
0.908752
0.908752
0.908752
0.908752
0.908752
0.908752
0.908752
0.908752
0.908752
0.908752
0.908752
0.908752
0.908752
0.908752
0.908752
0.908752
0.908752
0.908752
0.908752
0.908752
0.908752
0.908752
0.908752
0.908752
0.908752
0.908752
0.908752
0.908752
0.908752
0.908752
0.908752
0.908752
0.908752
0.908752
0.908752
0.908752
0.908752
0.908752
0.908752
0.908752
0.908752
0.908752
0.908752
0.908752
0.908752
0.908752
0.908752
0.908752
0.908752
0.908752
0.908752
0.908752
0.908752
0.908752
0.908752
0.908752
0.908752
0.908752
0.908752
0.908752
0.908752
0.908752
0.908752
0.908752
0.908752
0.908752
0.908752
0.908752
0.908752
0.908752
0.908752
0.908752
0.908752
0.908752
0.908752
0.908752
0.908752
0.908752
0.908752
0.908752
0.908752
0.908752
0.908752
0.908752
0.908752
0.908752
0.908752
0.908752
0.908752
0.908752
0.908752
0.908752
0.908752
0.908752
0.908752
0.908752
0.908752
0.908752
0.908752
0.908752
0.908752
0.908752
0.908752
0.908752
0.908752
0.908752
0.908752
0.908752
0.908752
0.908752
0.908752
0.908752
0.908752
0.908752
0.908752
0.908752
0.908752
0.908752
0.908752
0.908752
0.908752
0.908752
0.908752
0.908752
0.908752
0.908752
0.908752
0.908752
0.908752
0.908752
0.908752
0.908752
0.908752
0.908752
0.908752
0.908752
0.908752
0.908752
0.908752
0.908752
0.908752
0.908752
0.908752
0.908752
0.908752
0.908752
0.908752
0.908752
0.908752
0.908752
0.908752
0.908752
0.908752
0.908752
0.908752
0.908752
0.908752
0.908752
0.908752
0.908752
0.908752
0.908752
0.908752
0.908752
0.908752
0.908752
0.908752
0.908752
0.908752
0.908752
0.908752
0.908752
0.908752
0.908752
0.908752
0.908752
0.908752
0.908752
0.908752
0.908752
0.908752
0.908752
0.908752
0.908752
0.908752
0.908752
0.908752
0.908752
0.908752
0.908752
0.908752
0.908752
0.908752
0.908752
0.908752
0.908752
0.908752
0.908752
0.908752
0.908752
0.908752
0.908752
0.908752
0.908752
0.908752
0.908752
0.908752
0.908752
0.908752
0.908752
0.908752
0.908752
0.908752
0.908752
0.908752
0.908752
0.908752
0.908752
0.908752
0.908752
0.908752
