0.00199501
0.0199686
0.0405543
0.0617295
0.0825042
0.102429
0.121341
0.139223
0.156128
0.172137
0.18734
0.201823
0.215663
0.228928
0.241677
0.253959
0.265815
0.277281
0.288387
0.299159
0.309619
0.319784
0.329673
0.3393
0.348676
0.357815
0.366727
0.37542
0.383905
0.392189
0.40028
0.408185
0.415911
0.423465
0.430852
0.438078
0.445149
0.45207
0.458847
0.465483
0.471983
0.478352
0.484595
0.490715
0.496716
0.502602
0.508376
0.514043
0.519605
0.525065
0.530428
0.535694
0.540869
0.545953
0.55095
0.555863
0.560693
0.565444
0.570117
0.574715
0.579239
0.583692
0.588075
0.592391
0.596641
0.600827
0.60495
0.609013
0.613016
0.616961
0.62085
0.624684
0.628464
0.632191
0.635868
0.639494
0.64307
0.646599
0.650082
0.653518
0.656909
0.660257
0.663561
0.666823
0.670044
0.673224
0.676365
0.679467
0.68253
0.685556
0.688545
0.691498
0.694416
0.697299
0.700147
0.702962
0.705744
0.708493
0.711211
0.713897
0.716552
0.719176
0.721771
0.724336
0.726872
0.729379
0.731859
0.73431
0.736735
0.739132
0.741503
0.743848
0.746166
0.74846
0.750728
0.752972
0.755191
0.757386
0.759558
0.761706
0.763831
0.765933
0.768012
0.77007
0.772105
0.774119
0.776111
0.778082
0.780033
0.781962
0.783872
0.785761
0.78763
0.78948
0.79131
0.793121
0.794913
0.796687
0.798442
0.800178
0.801897
0.803598
0.805281
0.806946
0.808595
0.810226
0.81184
0.813438
0.815019
0.816584
0.818132
0.819665
0.821182
0.822683
0.824169
0.825639
0.827095
0.828535
0.829961
0.831372
0.832769
0.834151
0.835519
0.836873
0.838214
0.83954
0.840853
0.842153
0.843439
0.844712
0.845972
0.84722
0.848454
0.849676
0.850886
0.852083
0.853268
0.854441
0.855602
0.856751
0.857889
0.859015
0.860129
0.861232
0.862324
0.863405
0.864475
0.865533
0.866582
0.867619
0.868646
0.869663
0.870669
0.871665
0.872651
0.873626
0.874592
0.875549
0.876495
0.877432
0.878359
0.879277
0.880186
0.881085
0.881975
0.882857
0.883729
0.884592
0.885447
0.886293
0.88713
0.887959
0.88878
0.889592
0.890396
0.891192
0.89198
0.89276
0.893532
0.894296
0.895052
0.895801
0.896542
0.897275
0.898001
0.89872
0.899432
0.900136
0.900833
0.901523
0.902206
0.902883
0.903552
0.904214
0.90487
0.90552
0.906162
0.906798
0.907428
0.908051
0.908668
0.909279
0.909884
0.910482
0.911074
0.911661
0.912241
0.912816
0.913385
0.913948
0.914505
0.915057
0.915603
0.916143
0.916678
0.917208
0.917732
0.918251
0.918765
0.919273
0.919777
0.920275
0.920768
0.921257
0.92174
0.922218
0.922692
0.923161
0.923625
0.924084
0.924539
0.924989
0.925434
0.925875
0.926312
0.926744
0.927172
0.927595
0.928014
0.928429
0.92884
0.929246
0.929649
0.930047
0.930441
0.930832
0.931218
0.931601
0.931979
0.932354
0.932725
0.933092
0.933456
0.933815
0.934172
0.934524
0.934873
0.935219
0.935561
0.935899
0.936234
0.936566
0.936894
0.937219
0.937541
0.937859
0.938175
0.938487
0.938796
0.939101
0.939404
0.939704
0.94
0.940294
0.940584
0.940872
0.941157
0.941439
0.941718
0.941994
0.942267
0.942538
0.942806
0.943071
0.943333
0.943593
0.94385
0.944105
0.944357
0.944607
0.944854
0.945098
0.94534
0.945579
0.945817
0.946051
0.946284
0.946514
0.946741
0.946967
0.94719
0.94741
0.947629
0.947845
0.94806
0.948272
0.948481
0.948689
0.948895
0.949098
0.9493
0.949499
0.949697
0.949892
0.950086
0.950277
0.950467
0.950654
0.95084
0.951024
0.951206
0.951386
0.951564
0.951741
0.951916
0.952089
0.95226
0.952429
0.952597
0.952763
0.952928
0.95309
0.953251
0.953411
0.953569
0.953725
0.95388
0.954033
0.954184
0.954334
0.954483
0.95463
0.954775
0.954919
0.955062
0.955203
0.955343
0.955481
0.955618
0.955753
0.955887
0.95602
0.956152
0.956282
0.956411
0.956538
0.956664
0.956789
0.956913
0.957035
0.957156
0.957276
0.957395
0.957513
0.957629
0.957744
0.957858
0.957971
0.958082
0.958193
0.958302
0.958411
0.958518
0.958624
0.958729
0.958833
0.958936
0.959038
0.959139
0.959239
0.959338
0.959436
0.959532
0.959628
0.959723
0.959817
0.95991
0.960002
0.960093
0.960184
0.960273
0.960361
0.960449
0.960535
0.960621
0.960706
0.96079
0.960873
0.960955
0.961037
0.961118
0.961197
0.961276
0.961355
0.961432
0.961509
0.961585
0.96166
0.961734
0.961808
0.961881
0.961953
0.962024
0.962095
0.962165
0.962234
0.962302
0.96237
0.962437
0.962504
0.96257
0.962635
0.962699
0.962763
0.962826
0.962889
0.962951
0.963012
0.963073
0.963133
0.963192
0.963251
0.963309
0.963367
0.963424
0.963481
0.963537
0.963592
0.963647
0.963701
0.963755
0.963808
0.96386
0.963912
0.963964
0.964015
0.964066
0.964116
0.964165
0.964214
0.964263
0.964311
0.964358
0.964405
0.964452
0.964498
0.964543
0.964589
0.964633
0.964678
0.964721
0.964765
0.964808
0.96485
0.964892
0.964934
0.964975
0.965016
0.965056
0.965096
0.965136
0.965175
0.965214
0.965252
0.96529
0.965328
0.965365
0.965402
0.965438
0.965474
0.96551
0.965545
0.96558
0.965615
0.965649
0.965683
0.965717
0.96575
0.965783
0.965816
0.965848
0.96588
0.965912
0.965943
0.965974
0.966005
0.966035
0.966065
0.966095
0.966124
0.966154
0.966182
0.966211
0.966239
0.966267
0.966295
0.966323
0.96635
0.966377
0.966403
0.96643
0.966456
0.966481
0.966507
0.966532
0.966557
0.966582
0.966607
0.966631
0.966655
0.966679
0.966702
0.966726
0.966749
0.966771
0.966794
0.966816
0.966839
0.966861
0.966882
0.966904
0.966925
0.966946
0.966967
0.966988
0.967008
0.967028
0.967048
0.967068
0.967088
0.967107
0.967126
0.967145
0.967164
0.967183
0.967201
0.96722
0.967238
0.967256
0.967273
0.967291
0.967308
0.967325
0.967342
0.967359
0.967376
0.967392
0.967409
0.967425
0.967441
0.967457
0.967472
0.967488
0.967503
0.967518
0.967533
0.967548
0.967563
0.967578
0.967592
0.967606
0.967621
0.967635
0.967649
0.967662
0.967676
0.967689
0.967703
0.967716
0.967729
0.967742
0.967755
0.967767
0.96778
0.967792
0.967805
0.967817
0.967829
0.967841
0.967852
0.967864
0.967876
0.967887
0.967898
0.96791
0.967921
0.967932
0.967943
0.967953
0.967964
0.967975
0.967985
0.967995
0.968006
0.968016
0.968026
0.968036
0.968045
0.968055
0.968065
0.968074
0.968084
0.968093
0.968102
0.968111
0.96812
0.968129
0.968138
0.968147
0.968156
0.968164
0.968173
0.968181
0.96819
0.968198
0.968206
0.968214
0.968222
0.96823
0.968238
0.968246
0.968253
0.968261
0.968269
0.968276
0.968283
0.968291
0.968298
0.968305
0.968312
0.968319
0.968326
0.968333
0.96834
0.968347
0.968353
0.96836
0.968366
0.968373
0.968379
0.968386
0.968392
0.968398
0.968404
0.96841
0.968416
0.968422
0.968428
0.968434
0.96844
0.968446
0.968451
0.968457
0.968463
0.968468
0.968473
0.968479
0.968484
0.968489
0.968495
0.9685
0.968505
0.96851
0.968515
0.96852
0.968525
0.96853
0.968535
0.968539
0.968544
0.968549
0.968553
0.968558
0.968563
0.968567
0.968571
0.968576
0.96858
0.968585
0.968589
0.968593
0.968597
0.968601
0.968605
0.968609
0.968613
0.968617
0.968621
0.968625
0.968629
0.968633
0.968637
0.96864
0.968644
0.968648
0.968651
0.968655
0.968659
0.968662
0.968666
0.968669
0.968672
0.968676
0.968679
0.968682
0.968686
0.968689
0.968692
0.968695
0.968698
0.968702
0.968705
0.968708
0.968711
0.968714
0.968717
0.96872
0.968723
0.968725
0.968728
0.968731
0.968734
0.968737
0.968739
0.968742
0.968745
0.968747
0.96875
0.968752
0.968755
0.968758
0.96876
0.968763
0.968765
0.968768
0.96877
0.968772
0.968775
0.968777
0.968779
0.968782
0.968784
0.968786
0.968788
0.968791
0.968793
0.968795
0.968797
0.968799
0.968801
0.968803
0.968805
0.968807
0.968809
0.968811
0.968813
0.968815
0.968817
0.968819
0.968821
0.968823
0.968825
0.968827
0.968828
0.96883
0.968832
0.968834
0.968835
0.968837
0.968839
0.968841
0.968842
0.968844
0.968846
0.968847
0.968849
0.96885
0.968852
0.968854
0.968855
0.968857
0.968858
0.96886
0.968861
0.968863
0.968864
0.968865
0.968867
0.968868
0.96887
0.968871
0.968872
0.968874
0.968875
0.968876
0.968878
0.968879
0.96888
0.968882
0.968883
0.968884
0.968885
0.968887
0.968888
0.968889
0.96889
0.968891
0.968892
0.968894
0.968895
0.968896
0.968897
0.968898
0.968899
0.9689
0.968901
0.968902
0.968903
0.968904
0.968905
0.968906
0.968907
0.968908
0.968909
0.96891
0.968911
0.968912
0.968913
0.968914
0.968915
0.968916
0.968917
0.968918
0.968919
0.96892
0.968921
0.968921
0.968922
0.968923
0.968924
0.968925
0.968926
0.968926
0.968927
0.968928
0.968929
0.96893
0.96893
0.968931
0.968932
0.968933
0.968933
0.968934
0.968935
0.968936
0.968936
0.968937
0.968938
0.968938
0.968939
0.96894
0.96894
0.968941
0.968942
0.968942
0.968943
0.968944
0.968944
0.968945
0.968945
0.968946
0.968947
0.968947
0.968948
0.968948
0.968949
0.96895
0.96895
0.968951
0.968951
0.968952
0.968952
0.968953
0.968953
0.968954
0.968955
0.968955
0.968956
0.968956
0.968957
0.968957
0.968958
0.968958
0.968959
0.968959
0.96896
0.96896
0.96896
0.968961
0.968961
0.968962
0.968962
0.968963
0.968963
0.968964
0.968964
0.968964
0.968965
0.968965
0.968966
0.968966
0.968966
0.968967
0.968967
0.968968
0.968968
0.968968
0.968969
0.968969
0.96897
0.96897
0.96897
0.968971
0.968971
0.968971
0.968972
0.968972
0.968972
0.968973
0.968973
0.968973
0.968974
0.968974
0.968974
0.968975
0.968975
0.968975
0.968976
0.968976
0.968976
0.968977
0.968977
0.968977
0.968977
0.968978
0.968978
0.968978
0.968979
0.968979
0.968979
0.968979
0.96898
0.96898
0.96898
0.96898
0.968981
0.968981
0.968981
0.968981
0.968982
0.968982
0.968982
0.968982
0.968983
0.968983
0.968983
0.968983
0.968984
0.968984
0.968984
0.968984
0.968984
0.968985
0.968985
0.968985
0.968985
0.968986
0.968986
0.968986
0.968986
0.968986
0.968987
0.968987
0.968987
0.968987
0.968987
0.968987
0.968988
0.968988
0.968988
0.968988
0.968988
0.968989
0.968989
0.968989
0.968989
0.968989
0.968989
0.96899
0.96899
0.96899
0.96899
0.96899
0.96899
0.968991
0.968991
0.968991
0.968991
0.968991
0.968991
0.968991
0.968992
0.968992
0.968992
0.968992
0.968992
0.968992
0.968992
0.968993
0.968993
0.968993
0.968993
0.968993
0.968993
0.968993
0.968993
0.968994
0.968994
0.968994
0.968994
0.968994
0.968994
0.968994
0.968994
0.968995
0.968995
0.968995
0.968995
0.968995
0.968995
0.968995
0.968995
0.968995
0.968996
0.968996
0.968996
0.968996
0.968996
0.968996
0.968996
0.968996
0.968996
0.968996
0.968997
0.968997
0.968997
0.968997
0.968997
0.968997
0.968997
0.968997
0.968997
0.968997
0.968997
0.968998
0.968998
0.968998
0.968998
0.968998
0.968998
0.968998
0.968998
0.968998
0.968998
0.968998
0.968998
0.968998
0.968999
0.968999
0.968999
0.968999
0.968999
0.968999
0.968999
0.968999
0.968999
0.968999
0.968999
0.968999
0.968999
0.968999
0.969
0.969
0.969
0.969
0.969
0.969
0.969
0.969
0.969
0.969
0.969
0.969
0.969
0.969
0.969
0.969
0.969
0.969001
0.969001
0.969001
0.969001
0.969001
0.969001
0.969001
0.969001
0.969001
0.969001
0.969001
0.969001
0.969001
0.969001
0.969001
0.969001
0.969001
0.969001
0.969001
0.969001
0.969002
0.969002
0.969002
0.969002
0.969002
0.969002
0.969002
0.969002
0.969002
0.969002
0.969002
0.969002
0.969002
0.969002
0.969002
0.969002
0.969002
0.969002
0.969002
0.969002
0.969002
0.969002
0.969002
0.969002
0.969002
0.969002
0.969003
0.969003
0.969003
0.969003
0.969003
0.969003
0.969003
0.969003
0.969003
0.969003
0.969003
0.969003
0.969003
0.969003
0.969003
0.969003
0.969003
0.969003
0.969003
0.969003
0.969003
0.969003
0.969003
0.969003
0.969003
0.969003
0.969003
0.969003
0.969003
0.969003
0.969003
0.969003
0.969003
0.969003
0.969003
0.969004
0.969004
0.969004
0.969004
0.969004
0.969004
0.969004
0.969004
0.969004
0.969004
0.969004
0.969004
0.969004
0.969004
0.969004
0.969004
0.969004
0.969004
0.969004
0.969004
0.969004
0.969004
0.969004
0.969004
0.969004
0.969004
0.969004
0.969004
0.969004
0.969004
0.969004
0.969004
0.969004
0.969004
0.969004
0.969004
0.969004
0.969004
0.969004
0.969004
0.969004
0.969004
0.969004
0.969004
0.969004
0.969004
0.969004
0.969004
0.969004
0.969004
0.969004
0.969004
0.969004
0.969004
0.969004
0.969005
0.969005
0.969005
0.969005
0.969005
0.969005
0.969005
0.969005
0.969005
0.969005
0.969005
0.969005
0.969005
0.969005
0.969005
0.969005
0.969005
0.969005
0.969005
0.969005
0.969005
0.969005
0.969005
0.969005
0.969005
0.969005
0.969005
0.969005
0.969005
0.969005
0.969005
0.969005
0.969005
0.969005
0.969005
0.969005
0.969005
0.969005
0.969005
0.969005
0.969005
0.969005
0.969005
0.969005
0.969005
0.969005
0.969005
0.969005
0.969005
0.969005
0.969005
0.969005
0.969005
0.969005
0.969005
0.969005
0.969005
0.969005
0.969005
0.969005
0.969005
0.969005
0.969005
0.969005
0.969005
0.969005
0.969005
0.969005
0.969005
0.969005
0.969005
0.969005
0.969005
0.969005
0.969005
0.969005
0.969005
0.969005
0.969005
0.969005
0.969005
0.969005
0.969005
0.969005
0.969005
0.969005
0.969005
0.969005
0.969005
0.969005
0.969005
0.969005
0.969005
0.969005
0.969005
0.969005
0.969005
0.969005
0.969005
0.969005
0.969005
0.969005
0.969005
0.969005
0.969005
0.969005
0.969005
0.969005
0.969005
0.969005
0.969005
0.969005
0.969005
0.969005
0.969005
0.969005
0.969005
0.969005
0.969005
0.969005
0.969005
0.969005
0.969005
0.969005
0.969005
0.969005
0.969005
0.969005
0.969005
0.969005
0.969005
0.969005
0.969005
0.969005
0.969005
0.969006
0.969006
0.969006
0.969006
0.969006
0.969006
0.969006
0.969006
0.969006
0.969006
0.969006
0.969006
0.969006
0.969006
0.969006
0.969006
0.969006
0.969006
0.969006
0.969006
0.969006
0.969006
0.969006
0.969006
0.969006
0.969006
0.969006
0.969006
0.969006
0.969006
0.969006
0.969006
0.969006
0.969006
0.969006
0.969006
0.969006
0.969006
0.969006
0.969006
0.969006
0.969006
0.969006
0.969006
0.969006
0.969006
0.969006
0.969006
0.969006
0.969006
0.969006
0.969006
0.969006
0.969006
0.969006
0.969006
0.969006
0.969006
0.969006
0.969006
0.969006
0.969006
0.969006
0.969006
0.969006
0.969006
0.969006
0.969006
0.969006
0.969006
0.969006
0.969006
0.969006
0.969006
0.969006
0.969006
0.969006
0.969006
0.969006
0.969006
0.969006
0.969006
0.969006
0.969006
0.969006
0.969006
0.969006
0.969006
0.969006
0.969006
0.969006
0.969006
0.969006
0.969006
0.969006
0.969006
0.969006
0.969006
0.969006
0.969006
0.969006
0.969006
0.969006
0.969006
0.969006
0.969006
0.969006
0.969006
0.969006
0.969006
0.969006
0.969006
0.969006
0.969006
0.969006
0.969006
0.969006
0.969006
0.969006
0.969006
0.969006
0.969006
0.969006
0.969006
0.969006
0.969006
0.969006
0.969006
0.969006
0.969006
0.969006
0.969006
0.969006
0.969006
0.969006
0.969006
0.969006
0.969006
0.969006
0.969006
0.969006
0.969006
0.969006
0.969006
0.969006
0.969006
0.969006
0.969006
0.969006
0.969006
0.969006
0.969006
0.969006
0.969006
0.969006
0.969006
0.969006
0.969006
0.969006
0.969006
0.969006
0.969006
0.969006
0.969006
0.969006
0.969006
0.969006
0.969006
0.969006
0.969006
0.969006
0.969006
0.969006
0.969006
0.969006
0.969006
0.969006
0.969006
0.969006
0.969006
0.969006
0.969006
0.969006
0.969006
0.969006
0.969006
0.969006
0.969006
0.969006
0.969006
0.969006
0.969006
0.969006
0.969006
0.969006
0.969006
0.969006
0.969006
0.969006
0.969006
0.969006
0.969006
0.969006
0.969006
0.969006
0.969006
0.969006
0.969006
0.969006
0.969006
0.969006
0.969006
0.969006
0.969006
0.969006
0.969006
0.969006
0.969006
0.969006
0.969006
0.969006
0.969006
0.969006
0.969006
0.969006
0.969006
0.969006
0.969006
0.969006
0.969006
0.969006
0.969006
0.969006
0.969006
0.969006
0.969006
0.969006
0.969006
0.969006
0.969006
0.969006
0.969006
0.969006
0.969006
0.969006
0.969006
0.969006
0.969006
0.969006
0.969006
0.969006
0.969006
0.969006
0.969006
0.969006
0.969006
0.969006
0.969006
0.969006
0.969006
0.969006
0.969006
0.969006
0.969006
0.969006
0.969006
0.969006
0.969006
0.969006
0.969006
0.969006
0.969006
0.969006
0.969006
0.969006
0.969006
0.969006
0.969006
0.969006
0.969006
0.969006
0.969006
0.969006
0.969006
0.969006
0.969006
0.969006
0.969006
0.969006
0.969006
0.969006
0.969006
0.969006
0.969006
0.969006
0.969006
0.969006
0.969006
0.969006
0.969006
0.969006
0.969006
0.969006
0.969006
0.969006
0.969006
0.969006
0.969006
0.969006
0.969006
0.969006
0.969006
0.969006
0.969006
0.969006
0.969006
0.969006
0.969006
0.969006
0.969006
0.969006
0.969006
0.969006
0.969006
0.969006
0.969006
0.969006
0.969006
0.969006
0.969006
0.969006
0.969006
0.969006
0.969006
0.969006
0.969006
0.969006
0.969006
0.969006
0.969006
0.969006
0.969006
0.969006
0.969006
0.969006
0.969006
0.969006
0.969006
0.969006
0.969006
0.969006
0.969006
0.969006
0.969006
0.969006
0.969006
0.969006
0.969006
0.969006
0.969006
0.969006
0.969006
0.969006
0.969006
0.969006
0.969006
0.969006
0.969006
0.969006
0.969006
0.969006
0.969006
0.969006
0.969006
0.969006
0.969006
0.969006
0.969006
0.969006
0.969006
0.969006
0.969006
0.969006
0.969006
0.969006
0.969006
0.969006
0.969006
0.969006
0.969006
0.969006
0.969006
0.969006
0.969006
0.969006
0.969006
0.969006
0.969006
0.969006
0.969006
0.969006
0.969006
0.969006
0.969006
0.969006
0.969006
0.969006
0.969006
0.969006
0.969006
0.969006
0.969006
0.969006
0.969006
0.969006
0.969006
0.969006
0.969006
0.969006
0.969006
0.969006
0.969006
0.969006
0.969006
0.969006
0.969006
0.969006
0.969006
0.969006
0.969006
0.969006
0.969006
0.969006
0.969006
0.969006
0.969006
0.969006
0.969006
0.969006
0.969006
0.969006
0.969006
0.969006
0.969006
0.969006
0.969006
0.969006
0.969006
0.969006
0.969006
0.969006
0.969006
0.969006
0.969006
0.969006
0.969006
0.969006
0.969006
0.969006
0.969006
0.969006
0.969006
0.969006
0.969006
0.969006
0.969006
0.969006
0.969006
0.969006
0.969006
0.969006
0.969006
0.969006
0.969006
0.969006
0.969006
0.969006
0.969006
0.969006
0.969006
0.969006
0.969006
0.969006
0.969006
0.969006
0.969006
0.969006
0.969006
0.969006
0.969006
0.969006
0.969006
0.969006
0.969006
0.969006
0.969006
0.969006
0.969006
0.969006
0.969006
0.969006
0.969006
0.969006
0.969006
0.969006
0.969006
0.969006
0.969006
0.969006
0.969006
0.969006
0.969006
0.969006
0.969006
0.969006
0.969006
0.969006
0.969006
0.969006
0.969006
0.969006
0.969006
0.969006
0.969006
0.969006
0.969006
0.969006
0.969006
0.969006
0.969006
0.969006
0.969006
0.969006
0.969006
0.969006
0.969006
0.969006
0.969006
0.969006
0.969006
0.969006
0.969006
0.969006
0.969006
0.969006
0.969006
0.969006
0.969006
0.969006
0.969006
0.969006
0.969006
0.969006
0.969006
0.969006
0.969006
0.969006
0.969006
0.969006
0.969006
0.969006
0.969006
0.969006
0.969006
0.969006
0.969006
0.969006
0.969006
0.969006
0.969006
0.969006
0.969006
0.969006
0.969006
0.969006
0.969006
0.969006
0.969006
0.969006
0.969006
0.969006
0.969006
0.969006
0.969006
0.969006
0.969006
0.969006
0.969006
0.969006
0.969006
0.969006
0.969006
0.969006
0.969006
0.969006
0.969006
0.969006
0.969006
0.969006
0.969006
0.969006
0.969006
0.969006
0.969006
0.969006
0.969006
0.969006
0.969006
0.969006
0.969006
0.969006
0.969006
0.969006
0.969006
0.969006
0.969006
0.969006
0.969006
0.969006
0.969006
0.969006
0.969006
0.969006
0.969006
0.969006
0.969006
0.969006
0.969006
0.969006
0.969006
0.969006
0.969006
0.969006
0.969006
0.969006
0.969006
0.969006
0.969006
0.969006
0.969006
0.969006
0.969006
0.969006
0.969006
0.969006
0.969006
0.969006
0.969006
0.969006
0.969006
0.969006
0.969006
0.969006
0.969006
0.969006
0.969006
0.969006
0.969006
0.969006
0.969006
0.969006
0.969006
0.969006
0.969006
0.969006
0.969006
0.969006
0.969006
0.969006
0.969006
0.969006
0.969006
0.969006
0.969006
0.969006
0.969006
0.969006
0.969006
0.969006
0.969006
0.969006
0.969006
0.969006
0.969006
0.969006
0.969006
0.969006
0.969006
0.969006
0.969006
0.969006
0.969006
0.969006
0.969006
0.969006
0.969006
0.969006
0.969006
0.969006
0.969006
0.969006
0.969006
0.969006
0.969006
0.969006
0.969006
0.969006
0.969006
0.969006
0.969006
0.969006
0.969006
0.969006
0.969006
0.969006
0.969006
0.969006
0.969006
0.969006
0.969006
0.969006
0.969006
0.969006
0.969006
0.969006
0.969006
0.969006
0.969006
0.969006
0.969006
0.969006
0.969006
0.969006
0.969006
0.969006
0.969006
0.969006
0.969006
0.969006
0.969006
0.969006
0.969006
0.969006
0.969006
0.969006
0.969006
0.969006
0.969006
0.969006
0.969006
0.969006
0.969006
0.969006
0.969006
0.969006
0.969006
0.969006
0.969006
0.969006
0.969006
0.969006
0.969006
0.969006
0.969006
0.969006
0.969006
0.969006
0.969006
0.969006
0.969006
0.969006
0.969006
0.969006
0.969006
0.969006
0.969006
0.969006
0.969006
0.969006
0.969006
0.969006
0.969006
0.969006
0.969006
0.969006
0.969006
0.969006
0.969006
0.969006
0.969006
0.969006
0.969006
0.969006
0.969006
0.969006
0.969006
0.969006
0.969006
0.969006
0.969006
0.969006
0.969006
0.969006
0.969006
0.969006
0.969006
0.969006
0.969006
0.969006
0.969006
0.969006
0.969006
0.969006
0.969006
0.969006
0.969006
0.969006
0.969006
0.969006
0.969006
0.969006
0.969006
0.969006
0.969006
0.969006
0.969006
0.969006
0.969006
0.969006
0.969006
0.969006
0.969006
0.969006
0.969006
0.969006
0.969006
0.969006
0.969006
0.969006
0.969006
0.969006
0.969006
0.969006
0.969006
0.969006
0.969006
0.969006
0.969006
0.969006
0.969006
0.969006
0.969006
0.969006
0.969006
0.969006
0.969006
0.969006
0.969006
0.969006
0.969006
0.969006
0.969006
0.969006
0.969006
0.969006
0.969006
0.969006
0.969006
0.969006
0.969006
0.969006
0.969006
0.969006
0.969006
0.969006
0.969006
0.969006
0.969006
0.969006
0.969006
0.969006
0.969006
0.969006
0.969006
0.969006
0.969006
0.969006
0.969006
0.969006
0.969006
0.969006
0.969006
0.969006
0.969006
0.969006
0.969006
0.969006
0.969006
0.969006
0.969006
0.969006
0.969006
0.969006
0.969006
0.969006
0.969006
0.969006
0.969006
0.969006
0.969006
0.969006
0.969006
0.969006
0.969006
0.969006
0.969006
0.969006
0.969006
0.969006
0.969006
0.969006
0.969006
0.969006
0.969006
0.969006
0.969006
0.969006
0.969006
0.969006
0.969006
0.969006
0.969006
0.969006
0.969006
0.969006
0.969006
0.969006
0.969006
0.969006
0.969006
0.969006
0.969006
0.969006
0.969006
0.969006
0.969006
0.969006
0.969006
0.969006
0.969006
0.969006
0.969006
0.969006
0.969006
0.969006
0.969006
0.969006
0.969006
0.969006
0.969006
0.969006
0.969006
0.969006
0.969006
0.969006
0.969006
0.969006
0.969006
0.969006
0.969006
0.969006
0.969006
0.969006
0.969006
0.969006
0.969006
0.969006
0.969006
0.969006
0.969006
0.969006
0.969006
0.969006
0.969006
0.969006
0.969006
0.969006
0.969006
0.969006
0.969006
0.969006
0.969006
0.969006
0.969006
0.969006
0.969006
0.969006
0.969006
0.969006
0.969006
0.969006
0.969006
0.969006
0.969006
0.969006
0.969006
0.969006
0.969006
0.969006
0.969006
0.969006
0.969006
0.969006
0.969006
0.969006
0.969006
0.969006
0.969006
0.969006
0.969006
0.969006
0.969006
0.969006
0.969006
0.969006
0.969006
0.969006
0.969006
0.969006
0.969006
0.969006
0.969006
0.969006
0.969006
0.969006
0.969006
0.969006
0.969006
0.969006
0.969006
0.969006
0.969006
0.969006
0.969006
0.969006
0.969006
0.969006
0.969006
0.969006
0.969006
0.969006
0.969006
0.969006
0.969006
0.969006
0.969006
0.969006
0.969006
0.969006
0.969006
0.969006
0.969006
0.969006
0.969006
0.969006
0.969006
0.969006
0.969006
0.969006
0.969006
0.969006
0.969006
0.969006
0.969006
0.969006
0.969006
0.969006
0.969006
0.969006
0.969006
0.969006
0.969006
0.969006
0.969006
0.969006
0.969006
0.969006
0.969006
0.969006
0.969006
0.969006
0.969006
0.969006
0.969006
0.969006
0.969006
0.969006
0.969006
0.969006
0.969006
0.969006
0.969006
0.969006
0.969006
0.969006
0.969006
0.969006
0.969006
0.969006
0.969006
0.969006
0.969006
0.969006
0.969006
0.969006
0.969006
0.969006
0.969006
0.969006
0.969006
0.969006
0.969006
0.969006
0.969006
0.969006
0.969006
0.969006
0.969006
0.969006
0.969006
0.969006
0.969006
0.969006
0.969006
0.969006
0.969006
0.969006
0.969006
0.969006
0.969006
0.969006
0.969006
0.969006
0.969006
0.969006
0.969006
0.969006
0.969006
0.969006
0.969006
0.969006
0.969006
0.969006
0.969006
0.969006
0.969006
0.969006
0.969006
0.969006
0.969006
0.969006
0.969006
0.969006
0.969006
0.969006
0.969006
0.969006
0.969006
0.969006
0.969006
0.969006
0.969006
0.969006
0.969006
0.969006
0.969006
0.969006
0.969006
0.969006
0.969006
0.969006
0.969006
0.969006
0.969006
0.969006
0.969006
0.969006
0.969006
0.969006
0.969006
0.969006
0.969006
0.969006
0.969006
0.969006
0.969006
0.969006
0.969006
0.969006
0.969006
0.969006
0.969006
0.969006
0.969006
0.969006
0.969006
0.969006
0.969006
0.969006
0.969006
0.969006
0.969006
0.969006
0.969006
0.969006
0.969006
0.969006
0.969006
0.969006
0.969006
0.969006
0.969006
0.969006
0.969006
0.969006
0.969006
0.969006
0.969006
0.969006
0.969006
0.969006
0.969006
0.969006
0.969006
0.969006
0.969006
0.969006
0.969006
0.969006
0.969006
0.969006
0.969006
0.969006
0.969006
0.969006
0.969006
0.969006
0.969006
0.969006
0.969006
0.969006
0.969006
0.969006
0.969006
0.969006
0.969006
0.969006
0.969006
0.969006
0.969006
0.969006
0.969006
0.969006
0.969006
0.969006
0.969006
0.969006
0.969006
0.969006
0.969006
0.969006
0.969006
0.969006
0.969006
0.969006
0.969006
0.969006
0.969006
0.969006
0.969006
0.969006
0.969006
0.969006
0.969006
0.969006
0.969006
0.969006
0.969006
0.969006
0.969006
0.969006
0.969006
0.969006
0.969006
0.969006
0.969006
0.969006
0.969006
0.969006
0.969006
0.969006
0.969006
0.969006
0.969006
0.969006
0.969006
0.969006
0.969006
0.969006
0.969006
0.969006
0.969006
0.969006
0.969006
0.969006
0.969006
0.969006
0.969006
0.969006
0.969006
0.969006
0.969006
0.969006
0.969006
0.969006
0.969006
0.969006
0.969006
0.969006
0.969006
0.969006
0.969006
0.969006
0.969006
0.969006
0.969006
0.969006
0.969006
0.969006
0.969006
0.969006
0.969006
0.969006
0.969006
0.969006
0.969006
0.969006
0.969006
0.969006
0.969006
0.969006
0.969006
0.969006
0.969006
0.969006
0.969006
0.969006
0.969006
0.969006
0.969006
0.969006
0.969006
0.969006
0.969006
0.969006
0.969006
0.969006
0.969006
0.969006
0.969006
0.969006
0.969006
0.969006
0.969006
0.969006
0.969006
0.969006
0.969006
0.969006
0.969006
0.969006
0.969006
0.969006
0.969006
0.969006
0.969006
0.969006
0.969006
0.969006
0.969006
0.969006
0.969006
0.969006
0.969006
0.969006
0.969006
0.969006
0.969006
0.969006
0.969006
0.969006
0.969006
0.969006
0.969006
0.969006
0.969006
0.969006
0.969006
0.969006
0.969006
0.969006
0.969006
0.969006
0.969006
0.969006
0.969006
0.969006
0.969006
0.969006
0.969006
0.969006
0.969006
0.969006
0.969006
0.969006
0.969006
0.969006
0.969006
0.969006
0.969006
0.969006
0.969006
0.969006
0.969006
0.969006
0.969006
0.969006
0.969006
0.969006
0.969006
0.969006
0.969006
0.969006
0.969006
0.969006
0.969006
0.969006
0.969006
0.969006
0.969006
0.969006
0.969006
0.969006
0.969006
0.969006
0.969006
0.969006
0.969006
0.969006
0.969006
0.969006
0.969006
0.969006
0.969006
0.969006
0.969006
0.969006
0.969006
0.969006
0.969006
0.969006
0.969006
0.969006
0.969006
0.969006
0.969006
0.969006
0.969006
0.969006
0.969006
0.969006
0.969006
0.969006
0.969006
0.969006
0.969006
0.969006
0.969006
0.969006
0.969006
0.969006
0.969006
0.969006
0.969006
0.969006
0.969006
0.969006
0.969006
0.969006
0.969006
0.969006
0.969006
0.969006
0.969006
0.969006
0.969006
0.969006
0.969006
0.969006
0.969006
0.969006
0.969006
0.969006
0.969006
0.969006
0.969006
0.969006
0.969006
0.969006
0.969006
0.969006
0.969006
0.969006
0.969006
0.969006
0.969006
0.969006
0.969006
0.969006
0.969006
0.969006
0.969006
0.969006
0.969006
0.969006
0.969006
0.969006
0.969006
0.969006
0.969006
0.969006
0.969006
0.969006
0.969006
0.969006
0.969006
0.969006
0.969006
0.969006
0.969006
0.969006
0.969006
0.969006
0.969006
0.969006
0.969006
0.969006
0.969006
0.969006
0.969006
0.969006
0.969006
0.969006
0.969006
0.969006
0.969006
0.969006
0.969006
0.969006
0.969006
0.969006
0.969006
0.969006
0.969006
0.969006
0.969006
0.969006
0.969006
0.969006
0.969006
0.969006
0.969006
0.969006
0.969006
0.969006
0.969006
0.969006
0.969006
0.969006
0.969006
0.969006
0.969006
0.969006
0.969006
0.969006
0.969006
0.969006
0.969006
0.969006
0.969006
0.969006
0.969006
0.969006
0.969006
0.969006
0.969006
0.969006
0.969006
0.969006
0.969006
0.969006
0.969006
0.969006
0.969006
0.969006
0.969006
0.969006
0.969006
0.969006
0.969006
0.969006
0.969006
0.969006
0.969006
0.969006
0.969006
0.969006
0.969006
0.969006
0.969006
0.969006
0.969006
0.969006
0.969006
0.969006
0.969006
0.969006
0.969006
0.969006
0.969006
0.969006
0.969006
0.969006
0.969006
0.969006
0.969006
0.969006
0.969006
0.969006
0.969006
0.969006
0.969006
0.969006
0.969006
0.969006
0.969006
0.969006
0.969006
0.969006
0.969006
0.969006
0.969006
0.969006
0.969006
0.969006
0.969006
0.969006
0.969006
0.969006
0.969006
0.969006
0.969006
0.969006
0.969006
0.969006
0.969006
0.969006
0.969006
0.969006
0.969006
0.969006
0.969006
0.969006
0.969006
0.969006
0.969006
0.969006
0.969006
0.969006
0.969006
0.969006
0.969006
0.969006
0.969006
0.969006
0.969006
0.969006
0.969006
0.969006
0.969006
0.969006
0.969006
0.969006
0.969006
0.969006
0.969006
0.969006
0.969006
0.969006
0.969006
0.969006
0.969006
0.969006
0.969006
0.969006
0.969006
0.969006
0.969006
0.969006
0.969006
0.969006
0.969006
0.969006
0.969006
0.969006
0.969006
0.969006
0.969006
0.969006
0.969006
0.969006
0.969006
0.969006
0.969006
0.969006
0.969006
0.969006
0.969006
0.969006
0.969006
0.969006
0.969006
0.969006
0.969006
0.969006
0.969006
0.969006
0.969006
0.969006
0.969006
0.969006
0.969006
0.969006
0.969006
0.969006
0.969006
0.969006
0.969006
0.969006
0.969006
0.969006
0.969006
0.969006
0.969006
0.969006
0.969006
0.969006
0.969006
0.969006
0.969006
0.969006
0.969006
0.969006
0.969006
0.969006
0.969006
0.969006
0.969006
0.969006
0.969006
0.969006
0.969006
0.969006
0.969006
0.969006
0.969006
0.969006
0.969006
0.969006
0.969006
0.969006
0.969006
0.969006
0.969006
0.969006
0.969006
0.969006
0.969006
0.969006
0.969006
0.969006
0.969006
0.969006
0.969006
0.969006
0.969006
0.969006
0.969006
0.969006
0.969006
0.969006
0.969006
0.969006
0.969006
0.969006
0.969006
0.969006
0.969006
0.969006
0.969006
0.969006
0.969006
0.969006
0.969006
0.969006
0.969006
0.969006
0.969006
0.969006
0.969006
0.969006
0.969006
0.969006
0.969006
0.969006
0.969006
0.969006
0.969006
0.969006
0.969006
0.969006
0.969006
0.969006
0.969006
0.969006
0.969006
0.969006
0.969006
0.969006
0.969006
0.969006
0.969006
0.969006
0.969006
0.969006
0.969006
0.969006
0.969006
0.969006
0.969006
0.969006
0.969006
0.969006
0.969006
0.969006
0.969006
0.969006
0.969006
0.969006
0.969006
0.969006
0.969006
0.969006
0.969006
0.969006
0.969006
0.969006
0.969006
0.969006
0.969006
0.969006
0.969006
0.969006
0.969006
0.969006
0.969006
0.969006
0.969006
0.969006
0.969006
0.969006
0.969006
0.969006
0.969006
0.969006
0.969006
0.969006
0.969006
0.969006
0.969006
0.969006
0.969006
0.969006
0.969006
0.969006
0.969006
0.969006
0.969006
0.969006
0.969006
0.969006
0.969006
0.969006
0.969006
0.969006
0.969006
0.969006
0.969006
0.969006
0.969006
0.969006
0.969006
0.969006
0.969006
0.969006
0.969006
0.969006
0.969006
0.969006
0.969006
0.969006
0.969006
0.969006
0.969006
0.969006
0.969006
0.969006
0.969006
0.969006
0.969006
0.969006
0.969006
0.969006
0.969006
0.969006
0.969006
0.969006
0.969006
0.969006
0.969006
0.969006
0.969006
0.969006
0.969006
0.969006
0.969006
0.969006
0.969006
0.969006
0.969006
0.969006
0.969006
0.969006
0.969006
0.969006
0.969006
0.969006
0.969006
0.969006
0.969006
0.969006
0.969006
0.969006
0.969006
0.969006
0.969006
0.969006
0.969006
0.969006
0.969006
0.969006
0.969006
0.969006
0.969006
0.969006
0.969006
0.969006
0.969006
0.969006
0.969006
0.969006
0.969006
0.969006
0.969006
0.969006
0.969006
0.969006
0.969006
0.969006
0.969006
0.969006
0.969006
0.969006
0.969006
0.969006
0.969006
0.969006
0.969006
0.969006
0.969006
0.969006
0.969006
0.969006
0.969006
0.969006
0.969006
0.969006
0.969006
0.969006
0.969006
0.969006
0.969006
0.969006
0.969006
0.969006
0.969006
0.969006
0.969006
0.969006
0.969006
0.969006
0.969006
0.969006
0.969006
0.969006
0.969006
0.969006
0.969006
0.969006
0.969006
0.969006
0.969006
0.969006
0.969006
0.969006
0.969006
0.969006
0.969006
0.969006
0.969006
0.969006
0.969006
0.969006
0.969006
0.969006
0.969006
0.969006
0.969006
0.969006
0.969006
0.969006
0.969006
0.969006
0.969006
0.969006
0.969006
0.969006
0.969006
0.969006
0.969006
0.969006
0.969006
0.969006
0.969006
0.969006
0.969006
0.969006
0.969006
0.969006
0.969006
0.969006
0.969006
0.969006
0.969006
0.969006
0.969006
0.969006
0.969006
0.969006
0.969006
0.969006
0.969006
0.969006
0.969006
0.969006
0.969006
0.969006
0.969006
0.969006
0.969006
0.969006
0.969006
0.969006
0.969006
0.969006
0.969006
0.969006
0.969006
0.969006
0.969006
0.969006
0.969006
0.969006
0.969006
0.969006
0.969006
0.969006
0.969006
0.969006
0.969006
0.969006
0.969006
0.969006
0.969006
0.969006
0.969006
0.969006
0.969006
0.969006
0.969006
0.969006
0.969006
0.969006
0.969006
0.969006
0.969006
0.969006
0.969006
0.969006
0.969006
0.969006
0.969006
0.969006
0.969006
0.969006
0.969006
0.969006
0.969006
0.969006
0.969006
0.969006
0.969006
0.969006
0.969006
0.969006
0.969006
0.969006
0.969006
0.969006
0.969006
0.969006
0.969006
0.969006
0.969006
0.969006
0.969006
0.969006
0.969006
0.969006
0.969006
0.969006
0.969006
0.969006
0.969006
0.969006
0.969006
0.969006
0.969006
0.969006
0.969006
0.969006
0.969006
0.969006
0.969006
0.969006
0.969006
0.969006
0.969006
0.969006
0.969006
0.969006
0.969006
0.969006
0.969006
0.969006
0.969006
0.969006
0.969006
0.969006
0.969006
0.969006
0.969006
0.969006
0.969006
0.969006
0.969006
0.969006
0.969006
0.969006
0.969006
0.969006
0.969006
0.969006
0.969006
0.969006
0.969006
0.969006
0.969006
0.969006
0.969006
0.969006
0.969006
0.969006
0.969006
0.969006
0.969006
0.969006
0.969006
0.969006
0.969006
0.969006
0.969006
0.969006
0.969006
0.969006
0.969006
0.969006
0.969006
0.969006
0.969006
0.969006
0.969006
0.969006
0.969006
0.969006
0.969006
0.969006
0.969006
0.969006
0.969006
0.969006
0.969006
0.969006
0.969006
0.969006
0.969006
0.969006
0.969006
0.969006
0.969006
0.969006
0.969006
0.969006
0.969006
0.969006
0.969006
0.969006
0.969006
0.969006
0.969006
0.969006
0.969006
0.969006
0.969006
0.969006
0.969006
0.969006
0.969006
0.969006
0.969006
0.969006
0.969006
0.969006
0.969006
0.969006
0.969006
0.969006
0.969006
0.969006
0.969006
0.969006
0.969006
0.969006
0.969006
0.969006
0.969006
0.969006
0.969006
0.969006
0.969006
0.969006
0.969006
0.969006
0.969006
0.969006
0.969006
0.969006
0.969006
0.969006
0.969006
0.969006
0.969006
0.969006
0.969006
0.969006
0.969006
0.969006
0.969006
0.969006
0.969006
0.969006
0.969006
0.969006
0.969006
0.969006
0.969006
0.969006
0.969006
0.969006
0.969006
0.969006
0.969006
0.969006
0.969006
0.969006
0.969006
0.969006
0.969006
0.969006
0.969006
0.969006
0.969006
0.969006
0.969006
0.969006
0.969006
0.969006
0.969006
0.969006
0.969006
0.969006
0.969006
0.969006
0.969006
0.969006
0.969006
0.969006
0.969006
0.969006
0.969006
0.969006
0.969006
0.969006
0.969006
0.969006
0.969006
0.969006
0.969006
0.969006
0.969006
0.969006
0.969006
0.969006
0.969006
0.969006
0.969006
0.969006
0.969006
0.969006
0.969006
0.969006
0.969006
0.969006
0.969006
0.969006
0.969006
0.969006
0.969006
0.969006
0.969006
0.969006
0.969006
0.969006
0.969006
0.969006
0.969006
0.969006
0.969006
0.969006
0.969006
0.969006
0.969006
0.969006
0.969006
0.969006
0.969006
0.969006
0.969006
0.969006
0.969006
0.969006
0.969006
0.969006
0.969006
0.969006
0.969006
0.969006
0.969006
0.969006
0.969006
0.969006
0.969006
0.969006
0.969006
0.969006
0.969006
0.969006
0.969006
0.969006
0.969006
0.969006
0.969006
0.969006
0.969006
0.969006
0.969006
0.969006
0.969006
0.969006
0.969006
0.969006
0.969006
0.969006
0.969006
0.969006
0.969006
0.969006
0.969006
0.969006
0.969006
0.969006
0.969006
0.969006
0.969006
0.969006
0.969006
0.969006
0.969006
0.969006
0.969006
0.969006
0.969006
0.969006
0.969006
0.969006
0.969006
0.969006
0.969006
0.969006
0.969006
0.969006
0.969006
0.969006
0.969006
0.969006
0.969006
0.969006
0.969006
0.969006
0.969006
0.969006
0.969006
0.969006
0.969006
0.969006
0.969006
0.969006
0.969006
0.969006
0.969006
0.969006
0.969006
0.969006
0.969006
0.969006
0.969006
0.969006
0.969006
0.969006
0.969006
0.969006
0.969006
0.969006
0.969006
0.969006
0.969006
0.969006
0.969006
0.969006
0.969006
0.969006
0.969006
0.969006
0.969006
0.969006
0.969006
0.969006
0.969006
0.969006
0.969006
0.969006
0.969006
0.969006
0.969006
0.969006
0.969006
0.969006
0.969006
0.969006
0.969006
0.969006
0.969006
0.969006
0.969006
0.969006
0.969006
0.969006
0.969006
0.969006
0.969006
0.969006
0.969006
0.969006
0.969006
0.969006
0.969006
0.969006
0.969006
0.969006
0.969006
0.969006
0.969006
0.969006
0.969006
0.969006
0.969006
0.969006
0.969006
0.969006
0.969006
0.969006
0.969006
0.969006
0.969006
0.969006
0.969006
0.969006
0.969006
0.969006
0.969006
0.969006
0.969006
0.969006
0.969006
0.969006
0.969006
0.969006
0.969006
0.969006
0.969006
0.969006
0.969006
0.969006
0.969006
0.969006
0.969006
0.969006
0.969006
0.969006
0.969006
0.969006
0.969006
0.969006
0.969006
0.969006
0.969006
0.969006
0.969006
0.969006
0.969006
0.969006
0.969006
0.969006
0.969006
0.969006
0.969006
0.969006
0.969006
0.969006
0.969006
0.969006
0.969006
0.969006
0.969006
0.969006
0.969006
0.969006
0.969006
0.969006
0.969006
0.969006
0.969006
0.969006
0.969006
0.969006
0.969006
0.969006
0.969006
0.969006
0.969006
0.969006
0.969006
0.969006
0.969006
0.969006
0.969006
0.969006
0.969006
0.969006
0.969006
0.969006
0.969006
0.969006
0.969006
0.969006
0.969006
0.969006
0.969006
0.969006
0.969006
0.969006
0.969006
0.969006
0.969006
0.969006
0.969006
0.969006
0.969006
0.969006
0.969006
0.969006
0.969006
0.969006
0.969006
0.969006
0.969006
0.969006
0.969006
0.969006
0.969006
0.969006
0.969006
0.969006
0.969006
0.969006
0.969006
0.969006
0.969006
0.969006
0.969006
0.969006
0.969006
0.969006
0.969006
0.969006
0.969006
0.969006
0.969006
0.969006
0.969006
0.969006
0.969006
0.969006
0.969006
0.969006
0.969006
0.969006
0.969006
0.969006
0.969006
0.969006
0.969006
0.969006
0.969006
0.969006
0.969006
0.969006
0.969006
0.969006
0.969006
0.969006
0.969006
0.969006
0.969006
0.969006
0.969006
0.969006
0.969006
0.969006
0.969006
0.969006
0.969006
0.969006
0.969006
0.969006
0.969006
0.969006
0.969006
0.969006
0.969006
0.969006
0.969006
0.969006
0.969006
0.969006
0.969006
0.969006
0.969006
0.969006
0.969006
0.969006
0.969006
0.969006
0.969006
0.969006
0.969006
0.969006
0.969006
0.969006
0.969006
0.969006
0.969006
0.969006
0.969006
0.969006
0.969006
0.969006
0.969006
0.969006
0.969006
0.969006
0.969006
0.969006
0.969006
0.969006
0.969006
0.969006
0.969006
0.969006
0.969006
0.969006
0.969006
0.969006
0.969006
0.969006
0.969006
0.969006
0.969006
0.969006
0.969006
0.969006
0.969006
0.969006
0.969006
0.969006
0.969006
0.969006
0.969006
0.969006
0.969006
0.969006
0.969006
0.969006
0.969006
0.969006
0.969006
0.969006
0.969006
0.969006
0.969006
0.969006
0.969006
0.969006
0.969006
0.969006
0.969006
0.969006
0.969006
0.969006
0.969006
0.969006
0.969006
0.969006
0.969006
0.969006
0.969006
0.969006
0.969006
0.969006
0.969006
0.969006
0.969006
0.969006
0.969006
0.969006
0.969006
0.969006
0.969006
0.969006
0.969006
0.969006
0.969006
0.969006
0.969006
0.969006
0.969006
0.969006
0.969006
0.969006
0.969006
0.969006
0.969006
0.969006
0.969006
0.969006
0.969006
0.969006
0.969006
0.969006
0.969006
0.969006
0.969006
0.969006
0.969006
0.969006
0.969006
0.969006
0.969006
0.969006
0.969006
0.969006
0.969006
0.969006
0.969006
0.969006
0.969006
0.969006
0.969006
0.969006
0.969006
0.969006
0.969006
0.969006
0.969006
0.969006
0.969006
0.969006
0.969006
0.969006
0.969006
0.969006
0.969006
0.969006
0.969006
0.969006
0.969006
0.969006
0.969006
0.969006
0.969006
0.969006
0.969006
0.969006
0.969006
0.969006
0.969006
0.969006
0.969006
0.969006
0.969006
0.969006
0.969006
0.969006
0.969006
0.969006
0.969006
0.969006
0.969006
0.969006
0.969006
0.969006
0.969006
0.969006
0.969006
0.969006
0.969006
0.969006
0.969006
0.969006
0.969006
0.969006
0.969006
0.969006
0.969006
0.969006
0.969006
0.969006
0.969006
0.969006
0.969006
0.969006
0.969006
0.969006
0.969006
0.969006
0.969006
0.969006
0.969006
0.969006
0.969006
0.969006
0.969006
0.969006
0.969006
0.969006
0.969006
0.969006
0.969006
0.969006
0.969006
0.969006
0.969006
0.969006
0.969006
0.969006
0.969006
0.969006
0.969006
0.969006
0.969006
0.969006
0.969006
0.969006
0.969006
0.969006
0.969006
0.969006
0.969006
0.969006
0.969006
0.969006
0.969006
0.969006
0.969006
0.969006
0.969006
0.969006
0.969006
0.969006
0.969006
0.969006
0.969006
0.969006
0.969006
0.969006
0.969006
0.969006
0.969006
0.969006
0.969006
0.969006
0.969006
0.969006
0.969006
0.969006
0.969006
0.969006
0.969006
0.969006
0.969006
0.969006
0.969006
0.969006
0.969006
0.969006
0.969006
0.969006
0.969006
0.969006
0.969006
0.969006
0.969006
0.969006
0.969006
0.969006
0.969006
0.969006
0.969006
0.969006
0.969006
0.969006
0.969006
0.969006
0.969006
0.969006
0.969006
0.969006
0.969006
0.969006
0.969006
0.969006
0.969006
0.969006
0.969006
0.969006
0.969006
0.969006
0.969006
0.969006
0.969006
0.969006
0.969006
0.969006
0.969006
0.969006
0.969006
0.969006
0.969006
0.969006
0.969006
0.969006
0.969006
0.969006
0.969006
0.969006
0.969006
0.969006
0.969006
0.969006
0.969006
0.969006
0.969006
0.969006
0.969006
0.969006
0.969006
0.969006
0.969006
0.969006
0.969006
0.969006
0.969006
0.969006
0.969006
0.969006
0.969006
0.969006
0.969006
0.969006
0.969006
0.969006
0.969006
0.969006
0.969006
0.969006
0.969006
0.969006
0.969006
0.969006
0.969006
0.969006
0.969006
0.969006
0.969006
0.969006
0.969006
0.969006
0.969006
0.969006
0.969006
0.969006
0.969006
0.969006
0.969006
0.969006
0.969006
0.969006
0.969006
0.969006
0.969006
0.969006
0.969006
0.969006
0.969006
0.969006
0.969006
0.969006
0.969006
0.969006
0.969006
0.969006
0.969006
0.969006
0.969006
0.969006
0.969006
0.969006
0.969006
0.969006
0.969006
0.969006
0.969006
0.969006
0.969006
0.969006
0.969006
0.969006
0.969006
0.969006
0.969006
0.969006
0.969006
0.969006
0.969006
0.969006
0.969006
0.969006
0.969006
0.969006
0.969006
0.969006
0.969006
0.969006
0.969006
0.969006
0.969006
0.969006
0.969006
0.969006
0.969006
0.969006
0.969006
0.969006
0.969006
0.969006
0.969006
0.969006
0.969006
0.969006
0.969006
0.969006
0.969006
0.969006
0.969006
0.969006
0.969006
0.969006
0.969006
0.969006
0.969006
0.969006
0.969006
0.969006
0.969006
0.969006
0.969006
0.969006
0.969006
0.969006
0.969006
0.969006
0.969006
0.969006
0.969006
0.969006
0.969006
0.969006
0.969006
0.969006
0.969006
0.969006
0.969006
0.969006
0.969006
0.969006
0.969006
0.969006
0.969006
0.969006
0.969006
0.969006
0.969006
0.969006
0.969006
0.969006
0.969006
0.969006
0.969006
0.969006
0.969006
0.969006
0.969006
0.969006
0.969006
0.969006
0.969006
0.969006
0.969006
0.969006
0.969006
0.969006
0.969006
0.969006
0.969006
0.969006
0.969006
0.969006
0.969006
0.969006
0.969006
0.969006
0.969006
0.969006
0.969006
0.969006
0.969006
0.969006
0.969006
0.969006
0.969006
0.969006
0.969006
0.969006
0.969006
0.969006
0.969006
0.969006
0.969006
0.969006
0.969006
0.969006
0.969006
0.969006
0.969006
0.969006
0.969006
0.969006
0.969006
0.969006
0.969006
0.969006
0.969006
0.969006
0.969006
0.969006
0.969006
0.969006
0.969006
0.969006
0.969006
0.969006
0.969006
0.969006
0.969006
0.969006
0.969006
0.969006
0.969006
0.969006
0.969006
0.969006
0.969006
0.969006
0.969006
0.969006
0.969006
0.969006
0.969006
0.969006
0.969006
0.969006
0.969006
0.969006
0.969006
0.969006
0.969006
0.969006
0.969006
0.969006
0.969006
0.969006
0.969006
0.969006
0.969006
0.969006
0.969006
0.969006
0.969006
0.969006
0.969006
0.969006
0.969006
0.969006
0.969006
0.969006
0.969006
0.969006
0.969006
0.969006
0.969006
0.969006
0.969006
0.969006
0.969006
0.969006
0.969006
0.969006
0.969006
0.969006
0.969006
0.969006
0.969006
0.969006
0.969006
0.969006
0.969006
0.969006
0.969006
0.969006
0.969006
0.969006
0.969006
0.969006
0.969006
0.969006
0.969006
0.969006
0.969006
0.969006
0.969006
0.969006
0.969006
0.969006
0.969006
0.969006
0.969006
0.969006
0.969006
0.969006
0.969006
0.969006
0.969006
0.969006
0.969006
0.969006
0.969006
0.969006
0.969006
0.969006
0.969006
0.969006
0.969006
0.969006
0.969006
0.969006
0.969006
0.969006
0.969006
0.969006
0.969006
0.969006
0.969006
0.969006
0.969006
0.969006
0.969006
0.969006
0.969006
0.969006
0.969006
0.969006
0.969006
0.969006
0.969006
0.969006
0.969006
0.969006
0.969006
0.969006
0.969006
0.969006
0.969006
0.969006
0.969006
0.969006
0.969006
0.969006
0.969006
0.969006
0.969006
0.969006
0.969006
0.969006
0.969006
0.969006
0.969006
0.969006
0.969006
0.969006
0.969006
0.969006
0.969006
0.969006
0.969006
0.969006
0.969006
0.969006
0.969006
0.969006
0.969006
0.969006
0.969006
0.969006
0.969006
0.969006
0.969006
0.969006
0.969006
0.969006
0.969006
0.969006
0.969006
0.969006
0.969006
0.969006
0.969006
0.969006
0.969006
0.969006
0.969006
0.969006
0.969006
0.969006
0.969006
0.969006
0.969006
0.969006
0.969006
0.969006
0.969006
0.969006
0.969006
0.969006
0.969006
0.969006
0.969006
0.969006
0.969006
0.969006
0.969006
0.969006
0.969006
0.969006
0.969006
0.969006
0.969006
0.969006
0.969006
0.969006
0.969006
0.969006
0.969006
0.969006
0.969006
0.969006
0.969006
0.969006
0.969006
0.969006
0.969006
0.969006
0.969006
0.969006
0.969006
0.969006
0.969006
0.969006
0.969006
0.969006
0.969006
0.969006
0.969006
0.969006
0.969006
0.969006
0.969006
0.969006
0.969006
0.969006
0.969006
0.969006
0.969006
0.969006
0.969006
0.969006
0.969006
0.969006
0.969006
0.969006
0.969006
0.969006
0.969006
0.969006
0.969006
0.969006
0.969006
0.969006
0.969006
0.969006
0.969006
0.969006
0.969006
0.969006
0.969006
0.969006
0.969006
0.969006
0.969006
0.969006
0.969006
0.969006
0.969006
0.969006
0.969006
0.969006
0.969006
0.969006
0.969006
0.969006
0.969006
0.969006
0.969006
0.969006
0.969006
0.969006
0.969006
0.969006
0.969006
0.969006
0.969006
0.969006
