0.001
0.0121924
0.0242161
0.0355409
0.0456465
0.0544356
0.0619912
0.0684649
0.0740229
0.078822
0.0829993
0.0866699
0.0899278
0.0928484
0.0954914
0.0979037
0.100122
0.102175
0.104085
0.105869
0.107542
0.109116
0.110598
0.111998
0.11332
0.114572
0.115756
0.116879
0.117943
0.118952
0.119909
0.120818
0.12168
0.122498
0.123275
0.124013
0.124714
0.12538
0.126013
0.126614
0.127185
0.127729
0.128245
0.128736
0.129203
0.129647
0.13007
0.130472
0.130854
0.131218
0.131564
0.131893
0.132207
0.132505
0.132789
0.133059
0.133317
0.133562
0.133795
0.134017
0.134229
0.134431
0.134622
0.134805
0.134979
0.135145
0.135303
0.135454
0.135597
0.135734
0.135864
0.135988
0.136106
0.136218
0.136326
0.136428
0.136525
0.136618
0.136706
0.136791
0.136871
0.136947
0.13702
0.13709
0.137156
0.137219
0.137279
0.137337
0.137391
0.137443
0.137493
0.13754
0.137586
0.137629
0.13767
0.137709
0.137746
0.137781
0.137815
0.137847
0.137878
0.137907
0.137935
0.137962
0.137987
0.138012
0.138035
0.138057
0.138078
0.138098
0.138117
0.138135
0.138152
0.138169
0.138184
0.138199
0.138214
0.138227
0.13824
0.138253
0.138265
0.138276
0.138287
0.138297
0.138307
0.138316
0.138325
0.138333
0.138341
0.138349
0.138356
0.138363
0.13837
0.138376
0.138382
0.138388
0.138394
0.138399
0.138404
0.138409
0.138413
0.138417
0.138422
0.138426
0.138429
0.138433
0.138436
0.13844
0.138443
0.138446
0.138448
0.138451
0.138454
0.138456
0.138458
0.138461
0.138463
0.138465
0.138467
0.138469
0.13847
0.138472
0.138474
0.138475
0.138477
0.138478
0.138479
0.13848
0.138482
0.138483
0.138484
0.138485
0.138486
0.138487
0.138488
0.138489
0.138489
0.13849
0.138491
0.138492
0.138492
0.138493
0.138494
0.138494
0.138495
0.138495
0.138496
0.138496
0.138497
0.138497
0.138498
0.138498
0.138498
0.138499
0.138499
0.138499
0.1385
0.1385
0.1385
0.138501
0.138501
0.138501
0.138501
0.138502
0.138502
0.138502
0.138502
0.138502
0.138503
0.138503
0.138503
0.138503
0.138503
0.138503
0.138503
0.138504
0.138504
0.138504
0.138504
0.138504
0.138504
0.138504
0.138504
0.138504
0.138504
0.138505
0.138505
0.138505
0.138505
0.138505
0.138505
0.138505
0.138505
0.138505
0.138505
0.138505
0.138505
0.138505
0.138505
0.138505
0.138505
0.138505
0.138505
0.138505
0.138506
0.138506
0.138506
0.138506
0.138506
0.138506
0.138506
0.138506
0.138506
0.138506
0.138506
0.138506
0.138506
0.138506
0.138506
0.138506
0.138506
0.138506
0.138506
0.138506
0.138506
0.138506
0.138506
0.138506
0.138506
0.138506
0.138506
0.138506
0.138506
0.138506
0.138506
0.138506
0.138506
0.138506
0.138506
0.138506
0.138506
0.138506
0.138506
0.138506
0.138506
0.138506
0.138506
0.138506
0.138506
0.138506
0.138506
0.138506
0.138506
0.138506
0.138506
0.138506
0.138506
0.138506
0.138506
0.138506
0.138506
0.138506
0.138506
0.138506
0.138506
0.138506
0.138506
0.138506
0.138506
0.138506
0.138506
0.138506
0.138506
0.138506
0.138506
0.138506
0.138506
0.138506
0.138506
0.138506
0.138506
0.138506
0.138506
0.138506
0.138506
0.138506
0.138506
0.138506
0.138506
0.138506
0.138506
0.138506
0.138506
0.138506
0.138506
0.138506
0.138506
0.138506
0.138506
0.138506
0.138506
0.138506
0.138506
0.138506
0.138506
0.138506
0.138506
0.138506
0.138506
0.138506
0.138506
0.138506
0.138506
0.138506
0.138506
0.138506
0.138506
0.138506
0.138506
0.138506
0.138506
0.138506
0.138506
0.138506
0.138506
0.138506
0.138506
0.138506
0.138506
0.138506
0.138506
0.138506
0.138506
0.138506
0.138506
0.138506
0.138506
0.138506
0.138506
0.138506
0.138506
0.138506
0.138506
0.138506
0.138506
0.138506
0.138506
0.138506
0.138506
0.138506
0.138506
0.138506
0.138506
0.138506
0.138506
0.138506
0.138506
0.138506
0.138506
0.138506
0.138506
0.138506
0.138506
0.138506
0.138506
0.138506
0.138506
0.138506
0.138506
0.138506
0.138506
0.138506
0.138506
0.138506
0.138506
0.138506
0.138506
0.138506
0.138506
0.138506
0.138506
0.138506
0.138506
0.138506
0.138506
0.138506
0.138506
0.138506
0.138506
0.138506
0.138506
0.138506
0.138506
0.138506
0.138506
0.138506
0.138506
0.138506
0.138506
0.138506
0.138506
0.138506
0.138506
0.138506
0.138506
0.138506
0.138506
0.138506
0.138506
0.138506
0.138506
0.138506
0.138506
0.138506
0.138506
0.138506
0.138506
0.138506
0.138506
0.138506
0.138506
0.138506
0.138506
0.138506
0.138506
0.138506
0.138506
0.138506
0.138506
0.138506
0.138506
0.138506
0.138506
0.138506
0.138506
0.138506
0.138506
0.138506
0.138506
0.138506
0.138506
0.138506
0.138506
0.138506
0.138506
0.138506
0.138506
0.138506
0.138506
0.138506
0.138506
0.138506
0.138506
0.138506
0.138506
0.138506
0.138506
0.138506
0.138506
0.138506
0.138506
0.138506
0.138506
0.138506
0.138506
0.138506
0.138506
0.138506
0.138506
0.138506
0.138506
0.138506
0.138506
0.138506
0.138506
0.138506
0.138506
0.138506
0.138506
0.138506
0.138506
0.138506
0.138506
0.138506
0.138506
0.138506
0.138506
0.138506
0.138506
0.138506
0.138506
0.138506
0.138506
0.138506
0.138506
0.138506
0.138506
0.138506
0.138506
0.138506
0.138506
0.138506
0.138506
0.138506
0.138506
0.138506
0.138506
0.138506
0.138506
0.138506
0.138506
0.138506
0.138506
0.138506
0.138506
0.138506
0.138506
0.138506
0.138506
0.138506
0.138506
0.138506
0.138506
0.138506
0.138506
0.138506
0.138506
0.138506
0.138506
0.138506
0.138506
0.138506
0.138506
0.138506
0.138506
0.138506
0.138506
0.138506
0.138506
0.138506
0.138506
0.138506
0.138506
0.138506
0.138506
0.138506
0.138506
0.138506
0.138506
0.138506
0.138506
0.138506
0.138506
0.138506
0.138506
0.138506
0.138506
0.138506
0.138506
0.138506
0.138506
0.138506
0.138506
0.138506
0.138506
0.138506
0.138506
0.138506
0.138506
0.138506
0.138506
0.138506
0.138506
0.138506
0.138506
0.138506
0.138506
0.138506
0.138506
0.138506
0.138506
0.138506
0.138506
0.138506
0.138506
0.138506
0.138506
0.138506
0.138506
0.138506
0.138506
0.138506
0.138506
0.138506
0.138506
0.138506
0.138506
0.138506
0.138506
0.138506
0.138506
0.138506
0.138506
0.138506
0.138506
0.138506
0.138506
0.138506
0.138506
0.138506
0.138506
0.138506
0.138506
0.138506
0.138506
0.138506
0.138506
0.138506
0.138506
0.138506
0.138506
0.138506
0.138506
0.138506
0.138506
0.138506
0.138506
0.138506
0.138506
0.138506
0.138506
0.138506
0.138506
0.138506
0.138506
0.138506
0.138506
0.138506
0.138506
0.138506
0.138506
0.138506
0.138506
0.138506
0.138506
0.138506
0.138506
0.138506
0.138506
0.138506
0.138506
0.138506
0.138506
0.138506
0.138506
0.138506
0.138506
0.138506
0.138506
0.138506
0.138506
0.138506
0.138506
0.138506
0.138506
0.138506
0.138506
0.138506
0.138506
0.138506
0.138506
0.138506
0.138506
0.138506
0.138506
0.138506
0.138506
0.138506
0.138506
0.138506
0.138506
0.138506
0.138506
0.138506
0.138506
0.138506
0.138506
0.138506
0.138506
0.138506
0.138506
0.138506
0.138506
0.138506
0.138506
0.138506
0.138506
0.138506
0.138506
0.138506
0.138506
0.138506
0.138506
0.138506
0.138506
0.138506
0.138506
0.138506
0.138506
0.138506
0.138506
0.138506
0.138506
0.138506
0.138506
0.138506
0.138506
0.138506
0.138506
0.138506
0.138506
0.138506
0.138506
0.138506
0.138506
0.138506
0.138506
0.138506
0.138506
0.138506
0.138506
0.138506
0.138506
0.138506
0.138506
0.138506
0.138506
0.138506
0.138506
0.138506
0.138506
0.138506
0.138506
0.138506
0.138506
0.138506
0.138506
0.138506
0.138506
0.138506
0.138506
0.138506
0.138506
0.138506
0.138506
0.138506
0.138506
0.138506
0.138506
0.138506
0.138506
0.138506
0.138506
0.138506
0.138506
0.138506
0.138506
0.138506
0.138506
0.138506
0.138506
0.138506
0.138506
0.138506
0.138506
0.138506
0.138506
0.138506
0.138506
0.138506
0.138506
0.138506
0.138506
0.138506
0.138506
0.138506
0.138506
0.138506
0.138506
0.138506
0.138506
0.138506
0.138506
0.138506
0.138506
0.138506
0.138506
0.138506
0.138506
0.138506
0.138506
0.138506
0.138506
0.138506
0.138506
0.138506
0.138506
0.138506
0.138506
0.138506
0.138506
0.138506
0.138506
0.138506
0.138506
0.138506
0.138506
0.138506
0.138506
0.138506
0.138506
0.138506
0.138506
0.138506
0.138506
0.138506
0.138506
0.138506
0.138506
0.138506
0.138506
0.138506
0.138506
0.138506
0.138506
0.138506
0.138506
0.138506
0.138506
0.138506
0.138506
0.138506
0.138506
0.138506
0.138506
0.138506
0.138506
0.138506
0.138506
0.138506
0.138506
0.138506
0.138506
0.138506
0.138506
0.138506
0.138506
0.138506
0.138506
0.138506
0.138506
0.138506
0.138506
0.138506
0.138506
0.138506
0.138506
0.138506
0.138506
0.138506
0.138506
0.138506
0.138506
0.138506
0.138506
0.138506
0.138506
0.138506
0.138506
0.138506
0.138506
0.138506
0.138506
0.138506
0.138506
0.138506
0.138506
0.138506
0.138506
0.138506
0.138506
0.138506
0.138506
0.138506
0.138506
0.138506
0.138506
0.138506
0.138506
0.138506
0.138506
0.138506
0.138506
0.138506
0.138506
0.138506
0.138506
0.138506
0.138506
0.138506
0.138506
0.138506
0.138506
0.138506
0.138506
0.138506
0.138506
0.138506
0.138506
0.138506
0.138506
0.138506
0.138506
0.138506
0.138506
0.138506
0.138506
0.138506
0.138506
0.138506
0.138506
0.138506
0.138506
0.138506
0.138506
0.138506
0.138506
0.138506
0.138506
0.138506
0.138506
0.138506
0.138506
0.138506
0.138506
0.138506
0.138506
0.138506
0.138506
0.138506
0.138506
0.138506
0.138506
0.138506
0.138506
0.138506
0.138506
0.138506
0.138506
0.138506
0.138506
0.138506
0.138506
0.138506
0.138506
0.138506
0.138506
0.138506
0.138506
0.138506
0.138506
0.138506
0.138506
0.138506
0.138506
0.138506
0.138506
0.138506
0.138506
0.138506
0.138506
0.138506
0.138506
0.138506
0.138506
0.138506
0.138506
0.138506
0.138506
0.138506
0.138506
0.138506
0.138506
0.138506
0.138506
0.138506
0.138506
0.138506
0.138506
0.138506
0.138506
0.138506
0.138506
0.138506
0.138506
0.138506
0.138506
0.138506
0.138506
0.138506
0.138506
0.138506
0.138506
0.138506
0.138506
0.138506
0.138506
0.138506
0.138506
0.138506
0.138506
0.138506
0.138506
0.138506
0.138506
0.138506
0.138506
0.138506
0.138506
0.138506
0.138506
0.138506
0.138506
0.138506
0.138506
0.138506
0.138506
0.138506
0.138506
0.138506
0.138506
0.138506
0.138506
0.138506
0.138506
0.138506
0.138506
0.138506
0.138506
0.138506
0.138506
0.138506
0.138506
0.138506
0.138506
0.138506
0.138506
0.138506
0.138506
0.138506
0.138506
0.138506
0.138506
0.138506
0.138506
0.138506
0.138506
0.138506
0.138506
0.138506
0.138506
0.138506
0.138506
0.138506
0.138506
0.138506
0.138506
0.138506
0.138506
0.138506
0.138506
0.138506
0.138506
0.138506
0.138506
0.138506
0.138506
0.138506
0.138506
0.138506
0.138506
0.138506
0.138506
0.138506
0.138506
0.138506
0.138506
0.138506
0.138506
0.138506
0.138506
0.138506
0.138506
0.138506
0.138506
0.138506
0.138506
0.138506
0.138506
0.138506
0.138506
0.138506
0.138506
0.138506
0.138506
0.138506
0.138506
0.138506
0.138506
0.138506
0.138506
0.138506
0.138506
0.138506
0.138506
0.138506
0.138506
0.138506
0.138506
0.138506
0.138506
0.138506
0.138506
0.138506
0.138506
0.138506
0.138506
0.138506
0.138506
0.138506
0.138506
0.138506
0.138506
0.138506
0.138506
0.138506
0.138506
0.138506
0.138506
0.138506
0.138506
0.138506
0.138506
0.138506
0.138506
0.138506
0.138506
0.138506
0.138506
0.138506
0.138506
0.138506
0.138506
0.138506
0.138506
0.138506
0.138506
0.138506
0.138506
0.138506
0.138506
0.138506
0.138506
0.138506
0.138506
0.138506
0.138506
0.138506
0.138506
0.138506
0.138506
0.138506
0.138506
0.138506
0.138506
0.138506
0.138506
0.138506
0.138506
0.138506
0.138506
0.138506
0.138506
0.138506
0.138506
0.138506
0.138506
0.138506
0.138506
0.138506
0.138506
0.138506
0.138506
0.138506
0.138506
0.138506
0.138506
0.138506
0.138506
0.138506
0.138506
0.138506
0.138506
0.138506
0.138506
0.138506
0.138506
0.138506
0.138506
0.138506
0.138506
0.138506
0.138506
0.138506
0.138506
0.138506
0.138506
0.138506
0.138506
0.138506
0.138506
0.138506
0.138506
0.138506
0.138506
0.138506
0.138506
0.138506
0.138506
0.138506
0.138506
0.138506
0.138506
0.138506
0.138506
0.138506
0.138506
0.138506
0.138506
0.138506
0.138506
0.138506
0.138506
0.138506
0.138506
0.138506
0.138506
0.138506
0.138506
0.138506
0.138506
0.138506
0.138506
0.138506
0.138506
0.138506
0.138506
0.138506
0.138506
0.138506
0.138506
0.138506
0.138506
0.138506
0.138506
0.138506
0.138506
0.138506
0.138506
0.138506
0.138506
0.138506
0.138506
0.138506
0.138506
0.138506
0.138506
0.138506
0.138506
0.138506
0.138506
0.138506
0.138506
0.138506
0.138506
0.138506
0.138506
0.138506
0.138506
0.138506
0.138506
0.138506
0.138506
0.138506
0.138506
0.138506
0.138506
0.138506
0.138506
0.138506
0.138506
0.138506
0.138506
0.138506
0.138506
0.138506
0.138506
0.138506
0.138506
0.138506
0.138506
0.138506
0.138506
0.138506
0.138506
0.138506
0.138506
0.138506
0.138506
0.138506
0.138506
0.138506
0.138506
0.138506
0.138506
0.138506
0.138506
0.138506
0.138506
0.138506
0.138506
0.138506
0.138506
0.138506
0.138506
0.138506
0.138506
0.138506
0.138506
0.138506
0.138506
0.138506
0.138506
0.138506
0.138506
0.138506
0.138506
0.138506
0.138506
0.138506
0.138506
0.138506
0.138506
0.138506
0.138506
0.138506
0.138506
0.138506
0.138506
0.138506
0.138506
0.138506
0.138506
0.138506
0.138506
0.138506
0.138506
0.138506
0.138506
0.138506
0.138506
0.138506
0.138506
0.138506
0.138506
0.138506
0.138506
0.138506
0.138506
0.138506
0.138506
0.138506
0.138506
0.138506
0.138506
0.138506
0.138506
0.138506
0.138506
0.138506
0.138506
0.138506
0.138506
0.138506
0.138506
0.138506
0.138506
0.138506
0.138506
0.138506
0.138506
0.138506
0.138506
0.138506
0.138506
0.138506
0.138506
0.138506
0.138506
0.138506
0.138506
0.138506
0.138506
0.138506
0.138506
0.138506
0.138506
0.138506
0.138506
0.138506
0.138506
0.138506
0.138506
0.138506
0.138506
0.138506
0.138506
0.138506
0.138506
0.138506
0.138506
0.138506
0.138506
0.138506
0.138506
0.138506
0.138506
0.138506
0.138506
0.138506
0.138506
0.138506
0.138506
0.138506
0.138506
0.138506
0.138506
0.138506
0.138506
0.138506
0.138506
0.138506
0.138506
0.138506
0.138506
0.138506
0.138506
0.138506
0.138506
0.138506
0.138506
0.138506
0.138506
0.138506
0.138506
0.138506
0.138506
0.138506
0.138506
0.138506
0.138506
0.138506
0.138506
0.138506
0.138506
0.138506
0.138506
0.138506
0.138506
0.138506
0.138506
0.138506
0.138506
0.138506
0.138506
0.138506
0.138506
0.138506
0.138506
0.138506
0.138506
0.138506
0.138506
0.138506
0.138506
0.138506
0.138506
0.138506
0.138506
0.138506
0.138506
0.138506
0.138506
0.138506
0.138506
0.138506
0.138506
0.138506
0.138506
0.138506
0.138506
0.138506
0.138506
0.138506
0.138506
0.138506
0.138506
0.138506
0.138506
0.138506
0.138506
0.138506
0.138506
0.138506
0.138506
0.138506
0.138506
0.138506
0.138506
0.138506
0.138506
0.138506
0.138506
0.138506
0.138506
0.138506
0.138506
0.138506
0.138506
0.138506
0.138506
0.138506
0.138506
0.138506
0.138506
0.138506
0.138506
0.138506
0.138506
0.138506
0.138506
0.138506
0.138506
0.138506
0.138506
0.138506
0.138506
0.138506
0.138506
0.138506
0.138506
0.138506
0.138506
0.138506
0.138506
0.138506
0.138506
0.138506
0.138506
0.138506
0.138506
0.138506
0.138506
0.138506
0.138506
0.138506
0.138506
0.138506
0.138506
0.138506
0.138506
0.138506
0.138506
0.138506
0.138506
0.138506
0.138506
0.138506
0.138506
0.138506
0.138506
0.138506
0.138506
0.138506
0.138506
0.138506
0.138506
0.138506
0.138506
0.138506
0.138506
0.138506
0.138506
0.138506
0.138506
0.138506
0.138506
0.138506
0.138506
0.138506
0.138506
0.138506
0.138506
0.138506
0.138506
0.138506
0.138506
0.138506
0.138506
0.138506
0.138506
0.138506
0.138506
0.138506
0.138506
0.138506
0.138506
0.138506
0.138506
0.138506
0.138506
0.138506
0.138506
0.138506
0.138506
0.138506
0.138506
0.138506
0.138506
0.138506
0.138506
0.138506
0.138506
0.138506
0.138506
0.138506
0.138506
0.138506
0.138506
0.138506
0.138506
0.138506
0.138506
0.138506
0.138506
0.138506
0.138506
0.138506
0.138506
0.138506
0.138506
0.138506
0.138506
0.138506
0.138506
0.138506
0.138506
0.138506
0.138506
0.138506
0.138506
0.138506
0.138506
0.138506
0.138506
0.138506
0.138506
0.138506
0.138506
0.138506
0.138506
0.138506
0.138506
0.138506
0.138506
0.138506
0.138506
0.138506
0.138506
0.138506
0.138506
0.138506
0.138506
0.138506
0.138506
0.138506
0.138506
0.138506
0.138506
0.138506
0.138506
0.138506
0.138506
0.138506
0.138506
0.138506
0.138506
0.138506
0.138506
0.138506
0.138506
0.138506
0.138506
0.138506
0.138506
0.138506
0.138506
0.138506
0.138506
0.138506
0.138506
0.138506
0.138506
0.138506
0.138506
0.138506
0.138506
0.138506
0.138506
0.138506
0.138506
0.138506
0.138506
0.138506
0.138506
0.138506
0.138506
0.138506
0.138506
0.138506
0.138506
0.138506
0.138506
0.138506
0.138506
0.138506
0.138506
0.138506
0.138506
0.138506
0.138506
0.138506
0.138506
0.138506
0.138506
0.138506
0.138506
0.138506
0.138506
0.138506
0.138506
0.138506
0.138506
0.138506
0.138506
0.138506
0.138506
0.138506
0.138506
0.138506
0.138506
0.138506
0.138506
0.138506
0.138506
0.138506
0.138506
0.138506
0.138506
0.138506
0.138506
0.138506
0.138506
0.138506
0.138506
0.138506
0.138506
0.138506
0.138506
0.138506
0.138506
0.138506
0.138506
0.138506
0.138506
0.138506
0.138506
0.138506
0.138506
0.138506
0.138506
0.138506
0.138506
0.138506
0.138506
0.138506
0.138506
0.138506
0.138506
0.138506
0.138506
0.138506
0.138506
0.138506
0.138506
0.138506
0.138506
0.138506
0.138506
0.138506
0.138506
0.138506
0.138506
0.138506
0.138506
0.138506
0.138506
0.138506
0.138506
0.138506
0.138506
0.138506
0.138506
0.138506
0.138506
0.138506
0.138506
0.138506
0.138506
0.138506
0.138506
0.138506
0.138506
0.138506
0.138506
0.138506
0.138506
0.138506
0.138506
0.138506
0.138506
0.138506
0.138506
0.138506
0.138506
0.138506
0.138506
0.138506
0.138506
0.138506
0.138506
0.138506
0.138506
0.138506
0.138506
0.138506
0.138506
0.138506
0.138506
0.138506
0.138506
0.138506
0.138506
0.138506
0.138506
0.138506
0.138506
0.138506
0.138506
0.138506
0.138506
0.138506
0.138506
0.138506
0.138506
0.138506
0.138506
0.138506
0.138506
0.138506
0.138506
0.138506
0.138506
0.138506
0.138506
0.138506
0.138506
0.138506
0.138506
0.138506
0.138506
0.138506
0.138506
0.138506
0.138506
0.138506
0.138506
0.138506
0.138506
0.138506
0.138506
0.138506
0.138506
0.138506
0.138506
0.138506
0.138506
0.138506
0.138506
0.138506
0.138506
0.138506
0.138506
0.138506
0.138506
0.138506
0.138506
0.138506
0.138506
0.138506
0.138506
0.138506
0.138506
0.138506
0.138506
0.138506
0.138506
0.138506
0.138506
0.138506
0.138506
0.138506
0.138506
0.138506
0.138506
0.138506
0.138506
0.138506
0.138506
0.138506
0.138506
0.138506
0.138506
0.138506
0.138506
0.138506
0.138506
0.138506
0.138506
0.138506
0.138506
0.138506
0.138506
0.138506
0.138506
0.138506
0.138506
0.138506
0.138506
0.138506
0.138506
0.138506
0.138506
0.138506
0.138506
0.138506
0.138506
0.138506
0.138506
0.138506
0.138506
0.138506
0.138506
0.138506
0.138506
0.138506
0.138506
0.138506
0.138506
0.138506
0.138506
0.138506
0.138506
0.138506
0.138506
0.138506
0.138506
0.138506
0.138506
0.138506
0.138506
0.138506
0.138506
0.138506
0.138506
0.138506
0.138506
0.138506
0.138506
0.138506
0.138506
0.138506
0.138506
0.138506
0.138506
0.138506
0.138506
0.138506
0.138506
0.138506
0.138506
0.138506
0.138506
0.138506
0.138506
0.138506
0.138506
0.138506
0.138506
0.138506
0.138506
0.138506
0.138506
0.138506
0.138506
0.138506
0.138506
0.138506
0.138506
0.138506
0.138506
0.138506
0.138506
0.138506
0.138506
0.138506
0.138506
0.138506
0.138506
0.138506
0.138506
0.138506
0.138506
0.138506
0.138506
0.138506
0.138506
0.138506
0.138506
0.138506
0.138506
0.138506
0.138506
0.138506
0.138506
0.138506
0.138506
0.138506
0.138506
0.138506
0.138506
0.138506
0.138506
0.138506
0.138506
0.138506
0.138506
0.138506
0.138506
0.138506
0.138506
0.138506
0.138506
0.138506
0.138506
0.138506
0.138506
0.138506
0.138506
0.138506
0.138506
0.138506
0.138506
0.138506
0.138506
0.138506
0.138506
0.138506
0.138506
0.138506
0.138506
0.138506
0.138506
0.138506
0.138506
0.138506
0.138506
0.138506
0.138506
0.138506
0.138506
0.138506
0.138506
0.138506
0.138506
0.138506
0.138506
0.138506
0.138506
0.138506
0.138506
0.138506
0.138506
0.138506
0.138506
0.138506
0.138506
0.138506
0.138506
0.138506
0.138506
0.138506
0.138506
0.138506
0.138506
0.138506
0.138506
0.138506
0.138506
0.138506
0.138506
0.138506
0.138506
0.138506
0.138506
0.138506
0.138506
0.138506
0.138506
0.138506
0.138506
0.138506
0.138506
0.138506
0.138506
0.138506
0.138506
0.138506
0.138506
0.138506
0.138506
0.138506
0.138506
0.138506
0.138506
0.138506
0.138506
0.138506
0.138506
0.138506
0.138506
0.138506
0.138506
0.138506
0.138506
0.138506
0.138506
0.138506
0.138506
0.138506
0.138506
0.138506
0.138506
0.138506
0.138506
0.138506
0.138506
0.138506
0.138506
0.138506
0.138506
0.138506
0.138506
0.138506
0.138506
0.138506
0.138506
0.138506
0.138506
0.138506
0.138506
0.138506
0.138506
0.138506
0.138506
0.138506
0.138506
0.138506
0.138506
0.138506
0.138506
0.138506
0.138506
0.138506
0.138506
0.138506
0.138506
0.138506
0.138506
0.138506
0.138506
0.138506
0.138506
0.138506
0.138506
0.138506
0.138506
0.138506
0.138506
0.138506
0.138506
0.138506
0.138506
0.138506
0.138506
0.138506
0.138506
0.138506
0.138506
0.138506
0.138506
0.138506
0.138506
0.138506
0.138506
0.138506
0.138506
0.138506
0.138506
0.138506
0.138506
0.138506
0.138506
0.138506
0.138506
0.138506
0.138506
0.138506
0.138506
0.138506
0.138506
0.138506
0.138506
0.138506
0.138506
0.138506
0.138506
0.138506
0.138506
0.138506
0.138506
0.138506
0.138506
0.138506
0.138506
0.138506
0.138506
0.138506
0.138506
0.138506
0.138506
0.138506
0.138506
0.138506
0.138506
0.138506
0.138506
0.138506
0.138506
0.138506
0.138506
0.138506
0.138506
0.138506
0.138506
0.138506
0.138506
0.138506
0.138506
0.138506
0.138506
0.138506
0.138506
0.138506
0.138506
0.138506
0.138506
0.138506
0.138506
0.138506
0.138506
0.138506
0.138506
0.138506
0.138506
0.138506
0.138506
0.138506
0.138506
0.138506
0.138506
0.138506
0.138506
0.138506
0.138506
0.138506
0.138506
0.138506
0.138506
0.138506
0.138506
0.138506
0.138506
0.138506
0.138506
0.138506
0.138506
0.138506
0.138506
0.138506
0.138506
0.138506
0.138506
0.138506
0.138506
0.138506
0.138506
0.138506
0.138506
0.138506
0.138506
0.138506
0.138506
0.138506
0.138506
0.138506
0.138506
0.138506
0.138506
0.138506
0.138506
0.138506
0.138506
0.138506
0.138506
0.138506
0.138506
0.138506
0.138506
0.138506
0.138506
0.138506
0.138506
0.138506
0.138506
0.138506
0.138506
0.138506
0.138506
0.138506
0.138506
0.138506
0.138506
0.138506
0.138506
0.138506
0.138506
0.138506
0.138506
0.138506
0.138506
0.138506
0.138506
0.138506
0.138506
0.138506
0.138506
0.138506
0.138506
0.138506
0.138506
0.138506
0.138506
0.138506
0.138506
0.138506
0.138506
0.138506
0.138506
0.138506
0.138506
0.138506
0.138506
0.138506
0.138506
0.138506
0.138506
0.138506
0.138506
0.138506
0.138506
0.138506
0.138506
0.138506
0.138506
0.138506
0.138506
0.138506
0.138506
0.138506
0.138506
0.138506
0.138506
0.138506
0.138506
0.138506
0.138506
0.138506
0.138506
0.138506
0.138506
0.138506
0.138506
0.138506
0.138506
0.138506
0.138506
0.138506
0.138506
0.138506
0.138506
0.138506
0.138506
0.138506
0.138506
0.138506
0.138506
0.138506
0.138506
0.138506
0.138506
0.138506
0.138506
0.138506
0.138506
0.138506
0.138506
0.138506
0.138506
0.138506
0.138506
0.138506
0.138506
0.138506
0.138506
0.138506
0.138506
0.138506
0.138506
0.138506
0.138506
0.138506
0.138506
0.138506
0.138506
0.138506
0.138506
0.138506
0.138506
0.138506
0.138506
0.138506
0.138506
0.138506
0.138506
0.138506
0.138506
0.138506
0.138506
0.138506
0.138506
0.138506
0.138506
0.138506
0.138506
0.138506
0.138506
0.138506
0.138506
0.138506
0.138506
0.138506
0.138506
0.138506
0.138506
0.138506
0.138506
0.138506
0.138506
0.138506
0.138506
0.138506
0.138506
0.138506
0.138506
0.138506
0.138506
0.138506
0.138506
0.138506
0.138506
0.138506
0.138506
0.138506
0.138506
0.138506
0.138506
0.138506
0.138506
0.138506
0.138506
0.138506
0.138506
0.138506
0.138506
0.138506
0.138506
0.138506
0.138506
0.138506
0.138506
0.138506
0.138506
0.138506
0.138506
0.138506
0.138506
0.138506
0.138506
0.138506
0.138506
0.138506
0.138506
0.138506
0.138506
0.138506
0.138506
0.138506
0.138506
0.138506
0.138506
0.138506
0.138506
0.138506
0.138506
0.138506
0.138506
0.138506
0.138506
0.138506
0.138506
0.138506
0.138506
0.138506
0.138506
0.138506
0.138506
0.138506
0.138506
0.138506
0.138506
0.138506
0.138506
0.138506
0.138506
0.138506
0.138506
0.138506
0.138506
0.138506
0.138506
0.138506
0.138506
0.138506
0.138506
0.138506
0.138506
0.138506
0.138506
0.138506
0.138506
0.138506
0.138506
0.138506
0.138506
0.138506
0.138506
0.138506
0.138506
0.138506
0.138506
0.138506
0.138506
0.138506
0.138506
0.138506
0.138506
0.138506
0.138506
0.138506
0.138506
0.138506
0.138506
0.138506
0.138506
0.138506
0.138506
0.138506
0.138506
0.138506
0.138506
0.138506
0.138506
0.138506
0.138506
0.138506
0.138506
0.138506
0.138506
0.138506
0.138506
0.138506
0.138506
0.138506
0.138506
0.138506
0.138506
0.138506
0.138506
0.138506
0.138506
0.138506
0.138506
0.138506
0.138506
0.138506
0.138506
0.138506
0.138506
0.138506
0.138506
0.138506
0.138506
0.138506
0.138506
0.138506
0.138506
0.138506
0.138506
0.138506
0.138506
0.138506
0.138506
0.138506
0.138506
0.138506
0.138506
0.138506
0.138506
0.138506
0.138506
0.138506
0.138506
0.138506
0.138506
0.138506
0.138506
0.138506
0.138506
0.138506
0.138506
0.138506
0.138506
0.138506
0.138506
0.138506
0.138506
0.138506
0.138506
0.138506
0.138506
0.138506
0.138506
0.138506
0.138506
0.138506
0.138506
0.138506
0.138506
0.138506
0.138506
0.138506
0.138506
0.138506
0.138506
0.138506
0.138506
0.138506
0.138506
0.138506
0.138506
0.138506
0.138506
0.138506
0.138506
0.138506
0.138506
0.138506
0.138506
0.138506
0.138506
0.138506
0.138506
0.138506
0.138506
0.138506
0.138506
0.138506
0.138506
0.138506
0.138506
0.138506
0.138506
0.138506
0.138506
0.138506
0.138506
0.138506
0.138506
0.138506
0.138506
0.138506
0.138506
0.138506
0.138506
0.138506
0.138506
0.138506
0.138506
0.138506
0.138506
0.138506
0.138506
0.138506
0.138506
0.138506
0.138506
0.138506
0.138506
0.138506
0.138506
0.138506
0.138506
0.138506
0.138506
0.138506
0.138506
0.138506
0.138506
0.138506
0.138506
0.138506
0.138506
0.138506
0.138506
0.138506
0.138506
0.138506
0.138506
0.138506
0.138506
0.138506
0.138506
0.138506
0.138506
0.138506
0.138506
0.138506
0.138506
0.138506
0.138506
0.138506
0.138506
0.138506
0.138506
0.138506
0.138506
0.138506
0.138506
0.138506
0.138506
0.138506
0.138506
0.138506
0.138506
0.138506
0.138506
0.138506
0.138506
0.138506
0.138506
0.138506
0.138506
0.138506
0.138506
0.138506
0.138506
0.138506
0.138506
0.138506
0.138506
0.138506
0.138506
0.138506
0.138506
0.138506
0.138506
0.138506
0.138506
0.138506
0.138506
0.138506
0.138506
0.138506
0.138506
0.138506
0.138506
0.138506
0.138506
0.138506
0.138506
0.138506
0.138506
0.138506
0.138506
0.138506
0.138506
0.138506
0.138506
0.138506
0.138506
0.138506
0.138506
0.138506
0.138506
0.138506
0.138506
0.138506
0.138506
0.138506
0.138506
0.138506
0.138506
0.138506
0.138506
0.138506
0.138506
0.138506
0.138506
0.138506
0.138506
0.138506
0.138506
0.138506
0.138506
0.138506
0.138506
0.138506
0.138506
0.138506
0.138506
0.138506
0.138506
0.138506
0.138506
0.138506
0.138506
0.138506
0.138506
0.138506
0.138506
0.138506
0.138506
0.138506
0.138506
0.138506
0.138506
0.138506
0.138506
0.138506
0.138506
0.138506
0.138506
0.138506
0.138506
0.138506
0.138506
0.138506
0.138506
0.138506
0.138506
0.138506
0.138506
0.138506
0.138506
0.138506
0.138506
0.138506
0.138506
0.138506
0.138506
0.138506
0.138506
0.138506
0.138506
0.138506
0.138506
0.138506
0.138506
0.138506
0.138506
0.138506
0.138506
0.138506
0.138506
0.138506
0.138506
0.138506
0.138506
0.138506
0.138506
0.138506
0.138506
0.138506
0.138506
0.138506
0.138506
0.138506
0.138506
0.138506
0.138506
0.138506
0.138506
0.138506
0.138506
0.138506
0.138506
0.138506
0.138506
0.138506
0.138506
0.138506
0.138506
0.138506
0.138506
0.138506
0.138506
0.138506
0.138506
0.138506
0.138506
0.138506
0.138506
0.138506
0.138506
0.138506
0.138506
0.138506
0.138506
0.138506
0.138506
0.138506
0.138506
0.138506
0.138506
0.138506
0.138506
0.138506
0.138506
0.138506
0.138506
0.138506
0.138506
0.138506
0.138506
0.138506
0.138506
0.138506
0.138506
0.138506
0.138506
0.138506
0.138506
0.138506
0.138506
0.138506
0.138506
0.138506
0.138506
0.138506
0.138506
0.138506
0.138506
0.138506
0.138506
0.138506
0.138506
0.138506
0.138506
0.138506
0.138506
0.138506
0.138506
0.138506
0.138506
0.138506
0.138506
0.138506
0.138506
0.138506
0.138506
0.138506
0.138506
0.138506
0.138506
0.138506
0.138506
0.138506
0.138506
0.138506
0.138506
0.138506
0.138506
0.138506
0.138506
0.138506
0.138506
0.138506
0.138506
0.138506
0.138506
0.138506
0.138506
0.138506
0.138506
0.138506
0.138506
0.138506
0.138506
0.138506
0.138506
0.138506
0.138506
0.138506
0.138506
0.138506
0.138506
0.138506
0.138506
0.138506
0.138506
0.138506
0.138506
0.138506
0.138506
0.138506
0.138506
0.138506
0.138506
0.138506
0.138506
0.138506
0.138506
0.138506
0.138506
0.138506
0.138506
0.138506
0.138506
0.138506
0.138506
0.138506
0.138506
0.138506
0.138506
0.138506
0.138506
0.138506
0.138506
0.138506
0.138506
0.138506
0.138506
0.138506
0.138506
0.138506
0.138506
0.138506
0.138506
0.138506
0.138506
0.138506
0.138506
0.138506
0.138506
0.138506
0.138506
0.138506
0.138506
0.138506
0.138506
0.138506
0.138506
0.138506
0.138506
0.138506
0.138506
0.138506
0.138506
0.138506
0.138506
0.138506
0.138506
0.138506
0.138506
0.138506
0.138506
0.138506
0.138506
0.138506
0.138506
0.138506
0.138506
0.138506
0.138506
0.138506
0.138506
0.138506
0.138506
0.138506
0.138506
0.138506
0.138506
0.138506
0.138506
0.138506
0.138506
0.138506
0.138506
0.138506
0.138506
0.138506
0.138506
0.138506
0.138506
0.138506
0.138506
0.138506
0.138506
0.138506
0.138506
0.138506
0.138506
0.138506
0.138506
0.138506
0.138506
0.138506
0.138506
0.138506
0.138506
0.138506
0.138506
0.138506
0.138506
0.138506
0.138506
0.138506
0.138506
0.138506
0.138506
0.138506
0.138506
0.138506
0.138506
0.138506
0.138506
0.138506
0.138506
0.138506
0.138506
0.138506
0.138506
0.138506
0.138506
0.138506
0.138506
0.138506
0.138506
0.138506
0.138506
0.138506
0.138506
0.138506
0.138506
0.138506
0.138506
0.138506
0.138506
0.138506
0.138506
0.138506
0.138506
0.138506
0.138506
0.138506
0.138506
0.138506
0.138506
0.138506
0.138506
0.138506
0.138506
0.138506
0.138506
0.138506
0.138506
0.138506
0.138506
0.138506
0.138506
0.138506
0.138506
0.138506
0.138506
0.138506
0.138506
0.138506
0.138506
0.138506
0.138506
0.138506
0.138506
0.138506
0.138506
0.138506
0.138506
0.138506
0.138506
0.138506
0.138506
0.138506
0.138506
0.138506
0.138506
0.138506
0.138506
0.138506
0.138506
0.138506
0.138506
0.138506
0.138506
0.138506
0.138506
0.138506
0.138506
0.138506
0.138506
0.138506
0.138506
0.138506
0.138506
0.138506
0.138506
0.138506
0.138506
0.138506
0.138506
0.138506
0.138506
0.138506
0.138506
0.138506
0.138506
0.138506
0.138506
0.138506
0.138506
0.138506
0.138506
0.138506
0.138506
0.138506
0.138506
0.138506
0.138506
0.138506
0.138506
0.138506
0.138506
0.138506
0.138506
0.138506
0.138506
0.138506
0.138506
0.138506
0.138506
0.138506
0.138506
0.138506
0.138506
0.138506
0.138506
0.138506
0.138506
0.138506
0.138506
0.138506
0.138506
0.138506
0.138506
0.138506
0.138506
0.138506
0.138506
0.138506
0.138506
0.138506
0.138506
0.138506
0.138506
0.138506
0.138506
0.138506
0.138506
0.138506
0.138506
0.138506
0.138506
0.138506
0.138506
0.138506
0.138506
0.138506
0.138506
0.138506
0.138506
0.138506
0.138506
0.138506
0.138506
0.138506
0.138506
0.138506
0.138506
0.138506
0.138506
0.138506
0.138506
0.138506
0.138506
0.138506
0.138506
0.138506
0.138506
0.138506
0.138506
0.138506
0.138506
0.138506
0.138506
0.138506
0.138506
0.138506
0.138506
0.138506
0.138506
0.138506
0.138506
0.138506
0.138506
0.138506
0.138506
0.138506
0.138506
0.138506
0.138506
0.138506
0.138506
0.138506
0.138506
0.138506
0.138506
0.138506
0.138506
0.138506
0.138506
0.138506
0.138506
0.138506
0.138506
0.138506
0.138506
0.138506
0.138506
0.138506
0.138506
0.138506
0.138506
0.138506
0.138506
0.138506
0.138506
0.138506
0.138506
0.138506
0.138506
0.138506
0.138506
0.138506
0.138506
0.138506
0.138506
0.138506
0.138506
0.138506
0.138506
0.138506
0.138506
0.138506
0.138506
0.138506
0.138506
0.138506
0.138506
0.138506
0.138506
0.138506
0.138506
0.138506
0.138506
0.138506
0.138506
0.138506
0.138506
0.138506
0.138506
0.138506
0.138506
0.138506
0.138506
0.138506
0.138506
0.138506
0.138506
0.138506
0.138506
0.138506
0.138506
0.138506
0.138506
0.138506
0.138506
0.138506
0.138506
0.138506
0.138506
0.138506
0.138506
0.138506
0.138506
0.138506
0.138506
0.138506
0.138506
0.138506
0.138506
0.138506
0.138506
0.138506
0.138506
0.138506
0.138506
0.138506
0.138506
0.138506
0.138506
0.138506
0.138506
0.138506
0.138506
0.138506
0.138506
0.138506
0.138506
0.138506
0.138506
0.138506
0.138506
0.138506
0.138506
0.138506
0.138506
0.138506
0.138506
0.138506
0.138506
0.138506
0.138506
0.138506
0.138506
0.138506
0.138506
0.138506
0.138506
0.138506
0.138506
0.138506
0.138506
0.138506
0.138506
0.138506
0.138506
0.138506
0.138506
0.138506
0.138506
0.138506
0.138506
0.138506
0.138506
0.138506
0.138506
0.138506
0.138506
0.138506
0.138506
0.138506
0.138506
0.138506
0.138506
0.138506
0.138506
0.138506
0.138506
0.138506
0.138506
0.138506
0.138506
0.138506
0.138506
0.138506
0.138506
0.138506
0.138506
0.138506
0.138506
0.138506
0.138506
0.138506
0.138506
0.138506
0.138506
0.138506
0.138506
0.138506
0.138506
0.138506
0.138506
0.138506
0.138506
0.138506
0.138506
0.138506
0.138506
0.138506
0.138506
0.138506
0.138506
0.138506
0.138506
0.138506
0.138506
0.138506
0.138506
0.138506
0.138506
0.138506
0.138506
0.138506
0.138506
0.138506
0.138506
0.138506
0.138506
0.138506
0.138506
0.138506
0.138506
0.138506
0.138506
0.138506
0.138506
0.138506
0.138506
0.138506
0.138506
0.138506
0.138506
0.138506
0.138506
0.138506
0.138506
0.138506
0.138506
0.138506
0.138506
0.138506
0.138506
0.138506
0.138506
0.138506
0.138506
0.138506
0.138506
0.138506
0.138506
0.138506
0.138506
0.138506
0.138506
0.138506
0.138506
0.138506
0.138506
0.138506
0.138506
0.138506
0.138506
0.138506
0.138506
0.138506
0.138506
0.138506
0.138506
0.138506
0.138506
0.138506
0.138506
0.138506
0.138506
0.138506
0.138506
0.138506
0.138506
0.138506
0.138506
0.138506
0.138506
0.138506
0.138506
0.138506
0.138506
0.138506
0.138506
0.138506
0.138506
0.138506
0.138506
0.138506
0.138506
0.138506
0.138506
0.138506
0.138506
0.138506
0.138506
0.138506
0.138506
0.138506
0.138506
0.138506
0.138506
0.138506
0.138506
0.138506
0.138506
0.138506
0.138506
0.138506
0.138506
0.138506
0.138506
0.138506
0.138506
0.138506
0.138506
0.138506
0.138506
0.138506
0.138506
0.138506
0.138506
0.138506
0.138506
0.138506
0.138506
0.138506
0.138506
0.138506
0.138506
0.138506
0.138506
0.138506
0.138506
0.138506
0.138506
0.138506
0.138506
0.138506
0.138506
0.138506
0.138506
0.138506
0.138506
0.138506
0.138506
0.138506
0.138506
0.138506
0.138506
0.138506
0.138506
0.138506
0.138506
0.138506
0.138506
0.138506
0.138506
0.138506
0.138506
0.138506
0.138506
0.138506
0.138506
0.138506
0.138506
0.138506
0.138506
0.138506
0.138506
0.138506
0.138506
0.138506
0.138506
0.138506
0.138506
0.138506
0.138506
0.138506
0.138506
0.138506
0.138506
0.138506
0.138506
0.138506
0.138506
0.138506
0.138506
0.138506
0.138506
0.138506
0.138506
0.138506
0.138506
0.138506
0.138506
0.138506
0.138506
0.138506
0.138506
0.138506
0.138506
0.138506
0.138506
0.138506
0.138506
0.138506
0.138506
0.138506
0.138506
0.138506
0.138506
0.138506
0.138506
0.138506
0.138506
0.138506
0.138506
0.138506
0.138506
0.138506
0.138506
0.138506
0.138506
0.138506
0.138506
0.138506
0.138506
0.138506
0.138506
0.138506
0.138506
0.138506
0.138506
0.138506
0.138506
0.138506
0.138506
0.138506
0.138506
0.138506
0.138506
0.138506
0.138506
0.138506
0.138506
0.138506
0.138506
0.138506
0.138506
0.138506
0.138506
0.138506
0.138506
0.138506
0.138506
0.138506
0.138506
0.138506
0.138506
0.138506
0.138506
0.138506
0.138506
0.138506
0.138506
0.138506
0.138506
0.138506
0.138506
0.138506
0.138506
0.138506
0.138506
0.138506
0.138506
0.138506
0.138506
0.138506
0.138506
0.138506
0.138506
0.138506
0.138506
0.138506
0.138506
0.138506
0.138506
0.138506
0.138506
0.138506
0.138506
0.138506
0.138506
0.138506
0.138506
0.138506
0.138506
0.138506
0.138506
0.138506
0.138506
0.138506
0.138506
0.138506
0.138506
0.138506
0.138506
0.138506
0.138506
0.138506
0.138506
0.138506
0.138506
0.138506
0.138506
0.138506
0.138506
0.138506
0.138506
0.138506
0.138506
0.138506
0.138506
0.138506
0.138506
0.138506
0.138506
0.138506
0.138506
0.138506
0.138506
0.138506
0.138506
0.138506
0.138506
0.138506
0.138506
0.138506
0.138506
0.138506
0.138506
0.138506
0.138506
0.138506
0.138506
0.138506
0.138506
0.138506
0.138506
0.138506
0.138506
0.138506
0.138506
0.138506
0.138506
0.138506
0.138506
0.138506
0.138506
0.138506
0.138506
0.138506
0.138506
0.138506
0.138506
0.138506
0.138506
0.138506
0.138506
0.138506
0.138506
0.138506
0.138506
0.138506
0.138506
0.138506
0.138506
0.138506
0.138506
0.138506
0.138506
0.138506
0.138506
0.138506
0.138506
0.138506
0.138506
0.138506
0.138506
0.138506
0.138506
0.138506
0.138506
0.138506
0.138506
0.138506
0.138506
0.138506
0.138506
0.138506
0.138506
0.138506
0.138506
0.138506
0.138506
0.138506
0.138506
0.138506
0.138506
0.138506
0.138506
0.138506
0.138506
0.138506
0.138506
0.138506
0.138506
0.138506
0.138506
0.138506
0.138506
0.138506
0.138506
0.138506
0.138506
0.138506
0.138506
0.138506
0.138506
0.138506
0.138506
0.138506
0.138506
0.138506
0.138506
0.138506
0.138506
0.138506
0.138506
0.138506
0.138506
0.138506
0.138506
0.138506
0.138506
0.138506
0.138506
0.138506
0.138506
0.138506
0.138506
0.138506
0.138506
0.138506
0.138506
0.138506
0.138506
0.138506
0.138506
0.138506
0.138506
0.138506
0.138506
0.138506
0.138506
0.138506
0.138506
0.138506
0.138506
0.138506
0.138506
0.138506
0.138506
0.138506
0.138506
0.138506
0.138506
0.138506
0.138506
0.138506
0.138506
0.138506
0.138506
0.138506
0.138506
0.138506
0.138506
0.138506
0.138506
0.138506
0.138506
0.138506
0.138506
0.138506
0.138506
0.138506
0.138506
0.138506
0.138506
0.138506
0.138506
0.138506
0.138506
0.138506
0.138506
0.138506
0.138506
0.138506
0.138506
0.138506
0.138506
0.138506
0.138506
0.138506
0.138506
0.138506
0.138506
0.138506
0.138506
0.138506
0.138506
0.138506
0.138506
0.138506
0.138506
0.138506
0.138506
0.138506
0.138506
0.138506
0.138506
0.138506
0.138506
0.138506
0.138506
0.138506
0.138506
0.138506
0.138506
0.138506
0.138506
0.138506
0.138506
0.138506
0.138506
0.138506
0.138506
0.138506
0.138506
0.138506
0.138506
0.138506
0.138506
0.138506
0.138506
0.138506
0.138506
0.138506
0.138506
0.138506
0.138506
0.138506
0.138506
0.138506
0.138506
0.138506
0.138506
0.138506
0.138506
0.138506
0.138506
0.138506
0.138506
0.138506
0.138506
0.138506
0.138506
0.138506
0.138506
0.138506
0.138506
0.138506
0.138506
0.138506
0.138506
0.138506
0.138506
0.138506
0.138506
0.138506
0.138506
0.138506
0.138506
0.138506
0.138506
0.138506
0.138506
0.138506
0.138506
0.138506
0.138506
0.138506
0.138506
0.138506
0.138506
0.138506
0.138506
0.138506
0.138506
0.138506
0.138506
0.138506
0.138506
0.138506
0.138506
0.138506
0.138506
0.138506
0.138506
0.138506
0.138506
0.138506
0.138506
0.138506
0.138506
0.138506
0.138506
0.138506
0.138506
0.138506
0.138506
0.138506
0.138506
0.138506
0.138506
0.138506
0.138506
0.138506
0.138506
0.138506
0.138506
0.138506
0.138506
0.138506
0.138506
0.138506
0.138506
0.138506
0.138506
0.138506
0.138506
0.138506
0.138506
0.138506
0.138506
0.138506
0.138506
0.138506
0.138506
0.138506
0.138506
0.138506
0.138506
0.138506
0.138506
0.138506
0.138506
0.138506
0.138506
0.138506
0.138506
0.138506
0.138506
0.138506
0.138506
0.138506
0.138506
0.138506
0.138506
0.138506
0.138506
0.138506
0.138506
0.138506
0.138506
0.138506
0.138506
0.138506
0.138506
0.138506
0.138506
0.138506
0.138506
0.138506
0.138506
0.138506
0.138506
0.138506
0.138506
0.138506
0.138506
0.138506
0.138506
0.138506
0.138506
0.138506
0.138506
0.138506
0.138506
0.138506
0.138506
0.138506
0.138506
0.138506
0.138506
0.138506
0.138506
0.138506
0.138506
0.138506
0.138506
0.138506
0.138506
0.138506
0.138506
0.138506
0.138506
0.138506
0.138506
0.138506
0.138506
0.138506
0.138506
0.138506
0.138506
0.138506
0.138506
0.138506
0.138506
0.138506
0.138506
0.138506
0.138506
0.138506
0.138506
0.138506
0.138506
0.138506
0.138506
0.138506
0.138506
0.138506
0.138506
0.138506
0.138506
0.138506
0.138506
0.138506
0.138506
0.138506
0.138506
0.138506
0.138506
0.138506
0.138506
0.138506
0.138506
0.138506
0.138506
0.138506
0.138506
0.138506
0.138506
0.138506
0.138506
0.138506
0.138506
0.138506
0.138506
0.138506
0.138506
0.138506
0.138506
0.138506
0.138506
0.138506
0.138506
0.138506
0.138506
0.138506
0.138506
0.138506
0.138506
0.138506
0.138506
0.138506
0.138506
0.138506
0.138506
0.138506
0.138506
0.138506
0.138506
0.138506
0.138506
0.138506
0.138506
0.138506
0.138506
0.138506
0.138506
0.138506
0.138506
0.138506
0.138506
0.138506
0.138506
0.138506
0.138506
0.138506
0.138506
0.138506
0.138506
0.138506
0.138506
0.138506
0.138506
0.138506
0.138506
0.138506
0.138506
0.138506
0.138506
0.138506
0.138506
0.138506
0.138506
0.138506
0.138506
0.138506
0.138506
0.138506
0.138506
0.138506
0.138506
0.138506
0.138506
0.138506
0.138506
0.138506
0.138506
0.138506
0.138506
0.138506
0.138506
0.138506
0.138506
0.138506
0.138506
0.138506
0.138506
0.138506
0.138506
0.138506
0.138506
0.138506
0.138506
0.138506
0.138506
0.138506
0.138506
0.138506
0.138506
0.138506
0.138506
0.138506
0.138506
0.138506
0.138506
0.138506
0.138506
0.138506
0.138506
0.138506
0.138506
0.138506
0.138506
0.138506
0.138506
0.138506
0.138506
0.138506
0.138506
0.138506
0.138506
0.138506
0.138506
0.138506
0.138506
0.138506
0.138506
0.138506
0.138506
0.138506
0.138506
0.138506
0.138506
0.138506
0.138506
0.138506
0.138506
0.138506
0.138506
0.138506
0.138506
0.138506
0.138506
0.138506
0.138506
0.138506
0.138506
0.138506
0.138506
0.138506
0.138506
0.138506
0.138506
0.138506
0.138506
0.138506
0.138506
0.138506
0.138506
0.138506
0.138506
0.138506
0.138506
0.138506
0.138506
0.138506
0.138506
0.138506
0.138506
0.138506
0.138506
0.138506
0.138506
0.138506
0.138506
0.138506
0.138506
0.138506
0.138506
0.138506
0.138506
0.138506
0.138506
0.138506
0.138506
0.138506
0.138506
0.138506
0.138506
0.138506
0.138506
0.138506
0.138506
0.138506
0.138506
0.138506
0.138506
0.138506
0.138506
0.138506
0.138506
0.138506
0.138506
0.138506
0.138506
0.138506
0.138506
0.138506
0.138506
0.138506
0.138506
0.138506
0.138506
0.138506
0.138506
0.138506
0.138506
0.138506
0.138506
0.138506
0.138506
0.138506
0.138506
0.138506
0.138506
0.138506
0.138506
0.138506
0.138506
0.138506
0.138506
0.138506
0.138506
0.138506
0.138506
0.138506
0.138506
0.138506
0.138506
0.138506
0.138506
0.138506
0.138506
0.138506
0.138506
0.138506
0.138506
0.138506
0.138506
0.138506
0.138506
0.138506
0.138506
0.138506
0.138506
0.138506
0.138506
0.138506
0.138506
0.138506
0.138506
0.138506
0.138506
0.138506
0.138506
0.138506
0.138506
0.138506
0.138506
0.138506
0.138506
0.138506
0.138506
0.138506
0.138506
0.138506
0.138506
0.138506
0.138506
0.138506
0.138506
0.138506
0.138506
0.138506
0.138506
0.138506
0.138506
0.138506
0.138506
0.138506
0.138506
0.138506
0.138506
0.138506
0.138506
0.138506
0.138506
0.138506
0.138506
0.138506
0.138506
0.138506
0.138506
0.138506
0.138506
0.138506
0.138506
0.138506
0.138506
0.138506
0.138506
0.138506
0.138506
0.138506
0.138506
0.138506
0.138506
0.138506
0.138506
0.138506
0.138506
0.138506
0.138506
0.138506
0.138506
0.138506
0.138506
0.138506
0.138506
0.138506
0.138506
0.138506
0.138506
0.138506
0.138506
0.138506
0.138506
0.138506
0.138506
0.138506
0.138506
0.138506
0.138506
0.138506
0.138506
0.138506
0.138506
0.138506
0.138506
0.138506
0.138506
0.138506
0.138506
0.138506
0.138506
0.138506
0.138506
0.138506
0.138506
0.138506
0.138506
0.138506
0.138506
0.138506
0.138506
0.138506
0.138506
0.138506
0.138506
0.138506
0.138506
0.138506
0.138506
0.138506
0.138506
0.138506
0.138506
0.138506
0.138506
0.138506
0.138506
0.138506
0.138506
0.138506
0.138506
0.138506
0.138506
0.138506
0.138506
0.138506
0.138506
0.138506
0.138506
0.138506
0.138506
0.138506
0.138506
0.138506
0.138506
0.138506
0.138506
0.138506
0.138506
0.138506
0.138506
0.138506
0.138506
0.138506
0.138506
0.138506
0.138506
0.138506
0.138506
0.138506
0.138506
0.138506
0.138506
0.138506
0.138506
0.138506
0.138506
0.138506
0.138506
0.138506
0.138506
0.138506
0.138506
0.138506
0.138506
0.138506
0.138506
0.138506
0.138506
0.138506
0.138506
0.138506
0.138506
0.138506
0.138506
0.138506
0.138506
0.138506
0.138506
0.138506
0.138506
0.138506
0.138506
0.138506
0.138506
0.138506
0.138506
0.138506
0.138506
0.138506
0.138506
0.138506
0.138506
0.138506
0.138506
0.138506
0.138506
0.138506
0.138506
0.138506
0.138506
0.138506
0.138506
0.138506
0.138506
0.138506
0.138506
0.138506
0.138506
0.138506
0.138506
0.138506
0.138506
0.138506
0.138506
0.138506
0.138506
0.138506
0.138506
0.138506
0.138506
0.138506
0.138506
0.138506
0.138506
0.138506
0.138506
0.138506
0.138506
0.138506
0.138506
0.138506
0.138506
0.138506
0.138506
0.138506
0.138506
0.138506
0.138506
0.138506
0.138506
0.138506
0.138506
0.138506
0.138506
0.138506
0.138506
0.138506
0.138506
0.138506
0.138506
0.138506
0.138506
0.138506
0.138506
0.138506
0.138506
0.138506
0.138506
0.138506
0.138506
0.138506
0.138506
0.138506
0.138506
0.138506
0.138506
0.138506
0.138506
0.138506
0.138506
0.138506
0.138506
0.138506
0.138506
0.138506
0.138506
0.138506
0.138506
0.138506
0.138506
0.138506
0.138506
0.138506
0.138506
0.138506
0.138506
0.138506
0.138506
0.138506
0.138506
0.138506
0.138506
0.138506
0.138506
0.138506
0.138506
0.138506
