1e-06
0.00251214
0.00536793
0.00840062
0.0115298
0.0147151
0.0179354
0.0211789
0.0244384
0.0277096
0.0309892
0.0342752
0.0375659
0.0408599
0.0441562
0.0474538
0.0507519
0.0540498
0.0573469
0.0606426
0.0639364
0.0672277
0.0705163
0.0738016
0.0770832
0.0803609
0.0836342
0.0869029
0.0901666
0.0934251
0.0966782
0.0999254
0.103167
0.106402
0.10963
0.112852
0.116068
0.119276
0.122477
0.12567
0.128856
0.132035
0.135205
0.138368
0.141522
0.144668
0.147806
0.150935
0.154056
0.157168
0.160272
0.163366
0.166451
0.169528
0.172595
0.175653
0.178702
0.181741
0.184771
0.187791
0.190802
0.193804
0.196795
0.199777
0.20275
0.205712
0.208665
0.211608
0.21454
0.217463
0.220377
0.22328
0.226173
0.229056
0.231929
0.234792
0.237645
0.240488
0.243321
0.246144
0.248956
0.251759
0.254551
0.257334
0.260106
0.262868
0.265621
0.268363
0.271095
0.273816
0.276528
0.27923
0.281922
0.284603
0.287275
0.289936
0.292588
0.295229
0.297861
0.300483
0.303094
0.305696
0.308288
0.31087
0.313442
0.316004
0.318556
0.321099
0.323632
0.326155
0.328668
0.331171
0.333665
0.336149
0.338624
0.341089
0.343544
0.345989
0.348426
0.350852
0.353269
0.355677
0.358075
0.360463
0.362843
0.365213
0.367573
0.369924
0.372266
0.374599
0.376923
0.379237
0.381542
0.383838
0.386125
0.388402
0.390671
0.392931
0.395181
0.397423
0.399656
0.401879
0.404094
0.4063
0.408497
0.410686
0.412865
0.415036
0.417198
0.419352
0.421497
0.423633
0.425761
0.42788
0.42999
0.432092
0.434186
0.436271
0.438348
0.440416
0.442476
0.444528
0.446571
0.448606
0.450633
0.452651
0.454662
0.456664
0.458658
0.460645
0.462623
0.464593
0.466555
0.468509
0.470455
0.472393
0.474323
0.476246
0.47816
0.480067
0.481966
0.483858
0.485741
0.487617
0.489486
0.491346
0.493199
0.495045
0.496883
0.498713
0.500536
0.502352
0.50416
0.505961
0.507754
0.50954
0.511319
0.51309
0.514855
0.516612
0.518361
0.520104
0.521839
0.523568
0.525289
0.527003
0.52871
0.53041
0.532103
0.533789
0.535469
0.537141
0.538807
0.540465
0.542117
0.543762
0.5454
0.547032
0.548656
0.550274
0.551886
0.553491
0.555089
0.55668
0.558265
0.559844
0.561416
0.562981
0.56454
0.566093
0.567639
0.569179
0.570712
0.572239
0.57376
0.575275
0.576783
0.578285
0.579781
0.58127
0.582754
0.584231
0.585702
0.587167
0.588626
0.590079
0.591526
0.592967
0.594402
0.595831
0.597254
0.598672
0.600083
0.601488
0.602888
0.604282
0.60567
0.607052
0.608429
0.6098
0.611165
0.612524
0.613878
0.615226
0.616569
0.617906
0.619238
0.620564
0.621884
0.623199
0.624508
0.625812
0.627111
0.628404
0.629692
0.630975
0.632252
0.633523
0.63479
0.636051
0.637307
0.638558
0.639803
0.641044
0.642279
0.643509
0.644734
0.645954
0.647168
0.648378
0.649582
0.650782
0.651976
0.653166
0.654351
0.65553
0.656705
0.657875
0.65904
0.6602
0.661355
0.662505
0.663651
0.664791
0.665927
0.667059
0.668185
0.669307
0.670424
0.671537
0.672644
0.673747
0.674846
0.67594
0.677029
0.678114
0.679194
0.68027
0.681341
0.682408
0.68347
0.684528
0.685581
0.68663
0.687675
0.688715
0.689751
0.690782
0.691809
0.692832
0.693851
0.694865
0.695875
0.696881
0.697882
0.69888
0.699873
0.700862
0.701847
0.702827
0.703804
0.704776
0.705745
0.706709
0.707669
0.708625
0.709578
0.710526
0.71147
0.71241
0.713347
0.714279
0.715207
0.716132
0.717052
0.717969
0.718882
0.719791
0.720696
0.721598
0.722495
0.723389
0.724279
0.725166
0.726048
0.726927
0.727802
0.728674
0.729542
0.730406
0.731266
0.732123
0.732976
0.733826
0.734672
0.735515
0.736354
0.737189
0.738021
0.738849
0.739674
0.740496
0.741314
0.742128
0.742939
0.743747
0.744551
0.745352
0.746149
0.746943
0.747734
0.748521
0.749305
0.750086
0.750864
0.751638
0.752409
0.753176
0.753941
0.754702
0.75546
0.756214
0.756966
0.757714
0.75846
0.759202
0.75994
0.760676
0.761409
0.762138
0.762865
0.763588
0.764309
0.765026
0.76574
0.766451
0.76716
0.767865
0.768567
0.769266
0.769963
0.770656
0.771346
0.772034
0.772719
0.7734
0.774079
0.774755
0.775428
0.776098
0.776765
0.77743
0.778092
0.778751
0.779407
0.78006
0.780711
0.781358
0.782003
0.782646
0.783285
0.783922
0.784556
0.785188
0.785817
0.786443
0.787066
0.787687
0.788305
0.788921
0.789534
0.790144
0.790752
0.791357
0.791959
0.79256
0.793157
0.793752
0.794344
0.794934
0.795522
0.796107
0.796689
0.797269
0.797846
0.798421
0.798994
0.799564
0.800132
0.800697
0.80126
0.801821
0.802379
0.802935
0.803488
0.804039
0.804588
0.805134
0.805678
0.80622
0.806759
0.807296
0.807831
0.808364
0.808894
0.809422
0.809948
0.810471
0.810993
0.811512
0.812029
0.812543
0.813056
0.813566
0.814074
0.81458
0.815084
0.815586
0.816085
0.816583
0.817078
0.817571
0.818062
0.818551
0.819038
0.819523
0.820006
0.820486
0.820965
0.821442
0.821916
0.822389
0.822859
0.823328
0.823794
0.824259
0.824721
0.825182
0.825641
0.826097
0.826552
0.827005
0.827456
0.827904
0.828351
0.828797
0.82924
0.829681
0.830121
0.830558
0.830994
0.831428
0.83186
0.83229
0.832718
0.833144
0.833569
0.833992
0.834413
0.834832
0.83525
0.835665
0.836079
0.836491
0.836902
0.83731
0.837717
0.838122
0.838525
0.838927
0.839327
0.839725
0.840122
0.840517
0.84091
0.841301
0.841691
0.842079
0.842466
0.84285
0.843234
0.843615
0.843995
0.844373
0.84475
0.845125
0.845498
0.84587
0.84624
0.846609
0.846976
0.847342
0.847706
0.848068
0.848429
0.848788
0.849146
0.849502
0.849857
0.85021
0.850562
0.850912
0.851261
0.851608
0.851954
0.852298
0.852641
0.852982
0.853322
0.85366
0.853997
0.854332
0.854666
0.854999
0.85533
0.85566
0.855988
0.856315
0.856641
0.856965
0.857288
0.857609
0.857929
0.858248
0.858565
0.858881
0.859195
0.859509
0.85982
0.860131
0.86044
0.860748
0.861055
0.86136
0.861664
0.861966
0.862268
0.862568
0.862866
0.863164
0.86346
0.863755
0.864049
0.864341
0.864632
0.864922
0.865211
0.865498
0.865784
0.866069
0.866353
0.866636
0.866917
0.867197
0.867476
0.867754
0.86803
0.868305
0.868579
0.868852
0.869124
0.869395
0.869664
0.869933
0.8702
0.870466
0.870731
0.870994
0.871257
0.871518
0.871779
0.872038
0.872296
0.872553
0.872809
0.873064
0.873318
0.87357
0.873822
0.874072
0.874322
0.87457
0.874817
0.875063
0.875308
0.875553
0.875796
0.876038
0.876278
0.876518
0.876757
0.876995
0.877232
0.877468
0.877703
0.877936
0.878169
0.878401
0.878632
0.878861
0.87909
0.879318
0.879545
0.879771
0.879996
0.88022
0.880443
0.880665
0.880886
0.881106
0.881325
0.881543
0.881761
0.881977
0.882192
0.882407
0.88262
0.882833
0.883045
0.883256
0.883465
0.883675
0.883883
0.88409
0.884296
0.884502
0.884706
0.88491
0.885113
0.885315
0.885516
0.885716
0.885915
0.886114
0.886311
0.886508
0.886704
0.886899
0.887093
0.887287
0.887479
0.887671
0.887862
0.888052
0.888241
0.88843
0.888618
0.888804
0.888991
0.889176
0.88936
0.889544
0.889727
0.889909
0.89009
0.890271
0.89045
0.890629
0.890808
0.890985
0.891162
0.891338
0.891513
0.891687
0.891861
0.892034
0.892206
0.892377
0.892548
0.892718
0.892887
0.893056
0.893223
0.89339
0.893557
0.893722
0.893887
0.894051
0.894215
0.894377
0.89454
0.894701
0.894862
0.895022
0.895181
0.895339
0.895497
0.895655
0.895811
0.895967
0.896122
0.896277
0.896431
0.896584
0.896736
0.896888
0.89704
0.89719
0.89734
0.897489
0.897638
0.897786
0.897933
0.89808
0.898226
0.898372
0.898517
0.898661
0.898804
0.898947
0.89909
0.899232
0.899373
0.899513
0.899653
0.899793
0.899931
0.900069
0.900207
0.900344
0.90048
0.900616
0.900751
0.900886
0.90102
0.901153
0.901286
0.901418
0.90155
0.901681
0.901812
0.901942
0.902071
0.9022
0.902329
0.902456
0.902584
0.90271
0.902836
0.902962
0.903087
0.903212
0.903336
0.903459
0.903582
0.903704
0.903826
0.903948
0.904068
0.904189
0.904308
0.904428
0.904546
0.904665
0.904782
0.9049
0.905016
0.905132
0.905248
0.905363
0.905478
0.905592
0.905706
0.905819
0.905932
0.906044
0.906156
0.906267
0.906378
0.906488
0.906598
0.906708
0.906817
0.906925
0.907033
0.90714
0.907247
0.907354
0.90746
0.907566
0.907671
0.907776
0.90788
0.907984
0.908087
0.90819
0.908293
0.908395
0.908496
0.908598
0.908698
0.908799
0.908899
0.908998
0.909097
0.909196
0.909294
0.909392
0.909489
0.909586
0.909682
0.909778
0.909874
0.909969
0.910064
0.910158
0.910252
0.910346
0.910439
0.910532
0.910624
0.910716
0.910808
0.910899
0.91099
0.91108
0.911171
0.91126
0.911349
0.911438
0.911527
0.911615
0.911703
0.91179
0.911877
0.911964
0.91205
0.912136
0.912221
0.912306
0.912391
0.912475
0.912559
0.912643
0.912726
0.912809
0.912892
0.912974
0.913056
0.913137
0.913218
0.913299
0.91338
0.91346
0.913539
0.913619
0.913698
0.913777
0.913855
0.913933
0.914011
0.914088
0.914165
0.914242
0.914318
0.914394
0.91447
0.914545
0.914621
0.914695
0.91477
0.914844
0.914918
0.914991
0.915064
0.915137
0.91521
0.915282
0.915354
0.915425
0.915496
0.915567
0.915638
0.915708
0.915778
0.915848
0.915918
0.915987
0.916056
0.916124
0.916192
0.91626
0.916328
0.916395
0.916462
0.916529
0.916596
0.916662
0.916728
0.916793
0.916859
0.916924
0.916989
0.917053
0.917117
0.917181
0.917245
0.917308
0.917372
0.917434
0.917497
0.917559
0.917621
0.917683
0.917745
0.917806
0.917867
0.917928
0.917988
0.918048
0.918108
0.918168
0.918227
0.918286
0.918345
0.918404
0.918462
0.918521
0.918578
0.918636
0.918693
0.918751
0.918808
0.918864
0.918921
0.918977
0.919033
0.919088
0.919144
0.919199
0.919254
0.919309
0.919363
0.919417
0.919471
0.919525
0.919579
0.919632
0.919685
0.919738
0.919791
0.919843
0.919895
0.919947
0.919999
0.92005
0.920102
0.920153
0.920204
0.920254
0.920305
0.920355
0.920405
0.920454
0.920504
0.920553
0.920602
0.920651
0.9207
0.920748
0.920797
0.920845
0.920893
0.92094
0.920988
0.921035
0.921082
0.921129
0.921175
0.921222
0.921268
0.921314
0.92136
0.921405
0.921451
0.921496
0.921541
0.921586
0.921631
0.921675
0.921719
0.921763
0.921807
0.921851
0.921894
0.921938
0.921981
0.922024
0.922067
0.922109
0.922152
0.922194
0.922236
0.922278
0.922319
0.922361
0.922402
0.922443
0.922484
0.922525
0.922565
0.922606
0.922646
0.922686
0.922726
0.922766
0.922805
0.922845
0.922884
0.922923
0.922962
0.923
0.923039
0.923077
0.923116
0.923154
0.923191
0.923229
0.923267
0.923304
0.923341
0.923378
0.923415
0.923452
0.923489
0.923525
0.923561
0.923597
0.923633
0.923669
0.923705
0.92374
0.923776
0.923811
0.923846
0.923881
0.923915
0.92395
0.923984
0.924019
0.924053
0.924087
0.924121
0.924154
0.924188
0.924221
0.924254
0.924288
0.924321
0.924353
0.924386
0.924419
0.924451
0.924483
0.924515
0.924547
0.924579
0.924611
0.924642
0.924674
0.924705
0.924736
0.924767
0.924798
0.924829
0.92486
0.92489
0.924921
0.924951
0.924981
0.925011
0.925041
0.92507
0.9251
0.925129
0.925159
0.925188
0.925217
0.925246
0.925275
0.925304
0.925332
0.925361
0.925389
0.925417
0.925445
0.925473
0.925501
0.925529
0.925556
0.925584
0.925611
0.925638
0.925666
0.925693
0.925719
0.925746
0.925773
0.925799
0.925826
0.925852
0.925878
0.925905
0.92593
0.925956
0.925982
0.926008
0.926033
0.926059
0.926084
0.926109
0.926134
0.926159
0.926184
0.926209
0.926234
0.926258
0.926283
0.926307
0.926331
0.926355
0.926379
0.926403
0.926427
0.926451
0.926475
0.926498
0.926521
0.926545
0.926568
0.926591
0.926614
0.926637
0.92666
0.926683
0.926705
0.926728
0.92675
0.926773
0.926795
0.926817
0.926839
0.926861
0.926883
0.926904
0.926926
0.926948
0.926969
0.926991
0.927012
0.927033
0.927054
0.927075
0.927096
0.927117
0.927138
0.927158
0.927179
0.927199
0.92722
0.92724
0.92726
0.92728
0.9273
0.92732
0.92734
0.92736
0.92738
0.927399
0.927419
0.927438
0.927458
0.927477
0.927496
0.927515
0.927534
0.927553
0.927572
0.927591
0.92761
0.927628
0.927647
0.927665
0.927684
0.927702
0.92772
0.927738
0.927756
0.927774
0.927792
0.92781
0.927828
0.927846
0.927863
0.927881
0.927898
0.927915
0.927933
0.92795
0.927967
0.927984
0.928001
0.928018
0.928035
0.928052
0.928069
0.928085
0.928102
0.928118
0.928135
0.928151
0.928167
0.928184
0.9282
0.928216
0.928232
0.928248
0.928264
0.928279
0.928295
0.928311
0.928326
0.928342
0.928357
0.928373
0.928388
0.928403
0.928419
0.928434
0.928449
0.928464
0.928479
0.928494
0.928508
0.928523
0.928538
0.928552
0.928567
0.928581
0.928596
0.92861
0.928625
0.928639
0.928653
0.928667
0.928681
0.928695
0.928709
0.928723
0.928737
0.928751
0.928764
0.928778
0.928791
0.928805
0.928818
0.928832
0.928845
0.928858
0.928872
0.928885
0.928898
0.928911
0.928924
0.928937
0.92895
0.928963
0.928976
0.928988
0.929001
0.929014
0.929026
0.929039
0.929051
0.929064
0.929076
0.929088
0.9291
0.929113
0.929125
0.929137
0.929149
0.929161
0.929173
0.929185
0.929197
0.929208
0.92922
0.929232
0.929243
0.929255
0.929266
0.929278
0.929289
0.929301
0.929312
0.929323
0.929335
0.929346
0.929357
0.929368
0.929379
0.92939
0.929401
0.929412
0.929423
0.929434
0.929444
0.929455
0.929466
0.929476
0.929487
0.929497
0.929508
0.929518
0.929529
0.929539
0.929549
0.92956
0.92957
0.92958
0.92959
0.9296
0.92961
0.92962
0.92963
0.92964
0.92965
0.92966
0.92967
0.929679
0.929689
0.929699
0.929708
0.929718
0.929728
0.929737
0.929747
0.929756
0.929765
0.929775
0.929784
0.929793
0.929802
0.929812
0.929821
0.92983
0.929839
0.929848
0.929857
0.929866
0.929875
0.929884
0.929892
0.929901
0.92991
0.929919
0.929927
0.929936
0.929945
0.929953
0.929962
0.92997
0.929979
0.929987
0.929995
0.930004
0.930012
0.93002
0.930029
0.930037
0.930045
0.930053
0.930061
0.930069
0.930077
0.930085
0.930093
0.930101
0.930109
0.930117
0.930125
0.930133
0.93014
0.930148
0.930156
0.930163
0.930171
0.930179
0.930186
0.930194
0.930201
0.930209
0.930216
0.930224
0.930231
0.930238
0.930246
0.930253
0.93026
0.930267
0.930274
0.930282
0.930289
0.930296
0.930303
0.93031
0.930317
0.930324
0.930331
0.930338
0.930345
0.930351
0.930358
0.930365
0.930372
0.930379
0.930385
0.930392
0.930399
0.930405
0.930412
0.930418
0.930425
0.930431
0.930438
0.930444
0.930451
0.930457
0.930464
0.93047
0.930476
0.930482
0.930489
0.930495
0.930501
0.930507
0.930514
0.93052
0.930526
0.930532
0.930538
0.930544
0.93055
0.930556
0.930562
0.930568
0.930574
0.93058
0.930585
0.930591
0.930597
0.930603
0.930608
0.930614
0.93062
0.930626
0.930631
0.930637
0.930642
0.930648
0.930654
0.930659
0.930665
0.93067
0.930676
0.930681
0.930686
0.930692
0.930697
0.930703
0.930708
0.930713
0.930718
0.930724
0.930729
0.930734
0.930739
0.930744
0.93075
0.930755
0.93076
0.930765
0.93077
0.930775
0.93078
0.930785
0.93079
0.930795
0.9308
0.930805
0.93081
0.930814
0.930819
0.930824
0.930829
0.930834
0.930838
0.930843
0.930848
0.930853
0.930857
0.930862
0.930867
0.930871
0.930876
0.93088
0.930885
0.93089
0.930894
0.930899
0.930903
0.930908
0.930912
0.930916
0.930921
0.930925
0.93093
0.930934
0.930938
0.930943
0.930947
0.930951
0.930955
0.93096
0.930964
0.930968
0.930972
0.930976
0.930981
0.930985
0.930989
0.930993
0.930997
0.931001
0.931005
0.931009
0.931013
0.931017
0.931021
0.931025
0.931029
0.931033
0.931037
0.931041
0.931045
0.931049
0.931052
0.931056
0.93106
0.931064
0.931068
0.931071
0.931075
0.931079
0.931083
0.931086
0.93109
0.931094
0.931097
0.931101
0.931105
0.931108
0.931112
0.931115
0.931119
0.931123
0.931126
0.93113
0.931133
0.931137
0.93114
0.931143
0.931147
0.93115
0.931154
0.931157
0.931161
0.931164
0.931167
0.931171
0.931174
0.931177
0.931181
0.931184
0.931187
0.93119
0.931194
0.931197
0.9312
0.931203
0.931207
0.93121
0.931213
0.931216
0.931219
0.931222
0.931225
0.931228
0.931232
0.931235
0.931238
0.931241
0.931244
0.931247
0.93125
0.931253
0.931256
0.931259
0.931262
0.931265
0.931268
0.931271
0.931273
0.931276
0.931279
0.931282
0.931285
0.931288
0.931291
0.931293
0.931296
0.931299
0.931302
0.931305
0.931307
0.93131
0.931313
0.931316
0.931318
0.931321
0.931324
0.931326
0.931329
0.931332
0.931334
0.931337
0.93134
0.931342
0.931345
0.931347
0.93135
0.931353
0.931355
0.931358
0.93136
0.931363
0.931365
0.931368
0.93137
0.931373
0.931375
0.931378
0.93138
0.931383
0.931385
0.931388
0.93139
0.931392
0.931395
0.931397
0.9314
0.931402
0.931404
0.931407
0.931409
0.931411
0.931414
0.931416
0.931418
0.93142
0.931423
0.931425
0.931427
0.93143
0.931432
0.931434
0.931436
0.931438
0.931441
0.931443
0.931445
0.931447
0.931449
0.931452
0.931454
0.931456
0.931458
0.93146
0.931462
0.931464
0.931466
0.931468
0.931471
0.931473
0.931475
0.931477
0.931479
0.931481
0.931483
0.931485
0.931487
0.931489
0.931491
0.931493
0.931495
0.931497
0.931499
0.931501
0.931503
0.931505
0.931506
0.931508
0.93151
0.931512
0.931514
0.931516
0.931518
0.93152
0.931522
0.931523
0.931525
0.931527
0.931529
0.931531
0.931533
0.931534
0.931536
0.931538
0.93154
0.931542
0.931543
0.931545
0.931547
0.931549
0.93155
0.931552
0.931554
0.931556
0.931557
0.931559
0.931561
0.931562
0.931564
0.931566
0.931567
0.931569
0.931571
0.931572
0.931574
0.931576
0.931577
0.931579
0.931581
0.931582
0.931584
0.931585
0.931587
0.931588
0.93159
0.931592
0.931593
0.931595
0.931596
0.931598
0.931599
0.931601
0.931602
0.931604
0.931605
0.931607
0.931608
0.93161
0.931611
0.931613
0.931614
0.931616
0.931617
0.931619
0.93162
0.931622
0.931623
0.931625
0.931626
0.931627
0.931629
0.93163
0.931632
0.931633
0.931634
0.931636
0.931637
0.931639
0.93164
0.931641
0.931643
0.931644
0.931645
0.931647
0.931648
0.931649
0.931651
0.931652
0.931653
0.931655
0.931656
0.931657
0.931659
0.93166
0.931661
0.931662
0.931664
0.931665
0.931666
0.931668
0.931669
0.93167
0.931671
0.931672
0.931674
0.931675
0.931676
0.931677
0.931679
0.93168
0.931681
0.931682
0.931683
0.931685
0.931686
0.931687
0.931688
0.931689
0.93169
0.931692
0.931693
0.931694
0.931695
0.931696
0.931697
0.931698
0.9317
0.931701
0.931702
0.931703
0.931704
0.931705
0.931706
0.931707
0.931708
0.931709
0.931711
0.931712
0.931713
0.931714
0.931715
0.931716
0.931717
0.931718
0.931719
0.93172
0.931721
0.931722
0.931723
0.931724
0.931725
0.931726
0.931727
0.931728
0.931729
0.93173
0.931731
0.931732
0.931733
0.931734
0.931735
0.931736
0.931737
0.931738
0.931739
0.93174
0.931741
0.931742
0.931743
0.931744
0.931745
0.931746
0.931747
0.931748
0.931749
0.931749
0.93175
0.931751
0.931752
0.931753
0.931754
0.931755
0.931756
0.931757
0.931758
0.931758
0.931759
0.93176
0.931761
0.931762
0.931763
0.931764
0.931765
0.931765
0.931766
0.931767
0.931768
0.931769
0.93177
0.93177
0.931771
0.931772
0.931773
0.931774
0.931775
0.931775
0.931776
0.931777
0.931778
0.931779
0.931779
0.93178
0.931781
0.931782
0.931783
0.931783
0.931784
0.931785
0.931786
0.931787
0.931787
0.931788
0.931789
0.93179
0.93179
0.931791
0.931792
0.931793
0.931793
0.931794
0.931795
0.931796
0.931796
0.931797
0.931798
0.931798
0.931799
0.9318
0.931801
0.931801
0.931802
0.931803
0.931803
0.931804
0.931805
0.931806
0.931806
0.931807
0.931808
0.931808
0.931809
0.93181
0.93181
0.931811
0.931812
0.931812
0.931813
0.931814
0.931814
0.931815
0.931816
0.931816
0.931817
0.931818
0.931818
0.931819
0.93182
0.93182
0.931821
0.931821
0.931822
0.931823
0.931823
0.931824
0.931825
0.931825
0.931826
0.931826
0.931827
0.931828
0.931828
0.931829
0.931829
0.93183
0.931831
0.931831
0.931832
0.931832
0.931833
0.931834
0.931834
0.931835
0.931835
0.931836
0.931837
0.931837
0.931838
0.931838
0.931839
0.931839
0.93184
0.93184
0.931841
0.931842
0.931842
0.931843
0.931843
0.931844
0.931844
0.931845
0.931845
0.931846
0.931846
0.931847
0.931848
0.931848
0.931849
0.931849
0.93185
0.93185
0.931851
0.931851
0.931852
0.931852
0.931853
0.931853
0.931854
0.931854
0.931855
0.931855
0.931856
0.931856
0.931857
0.931857
0.931858
0.931858
0.931859
0.931859
0.93186
0.93186
0.931861
0.931861
0.931862
0.931862
0.931863
0.931863
0.931863
0.931864
0.931864
0.931865
0.931865
0.931866
0.931866
0.931867
0.931867
0.931868
0.931868
0.931869
0.931869
0.931869
0.93187
0.93187
0.931871
0.931871
0.931872
0.931872
0.931872
0.931873
0.931873
0.931874
0.931874
0.931875
0.931875
0.931875
0.931876
0.931876
0.931877
0.931877
0.931878
0.931878
0.931878
0.931879
0.931879
0.93188
0.93188
0.93188
0.931881
0.931881
0.931882
0.931882
0.931882
0.931883
0.931883
0.931884
0.931884
0.931884
0.931885
0.931885
0.931886
0.931886
0.931886
0.931887
0.931887
0.931887
0.931888
0.931888
0.931889
0.931889
0.931889
0.93189
0.93189
0.93189
0.931891
0.931891
0.931892
0.931892
0.931892
0.931893
0.931893
0.931893
0.931894
0.931894
0.931894
0.931895
0.931895
0.931895
0.931896
0.931896
0.931896
0.931897
0.931897
0.931897
0.931898
0.931898
0.931898
0.931899
0.931899
0.931899
0.9319
0.9319
0.9319
0.931901
0.931901
0.931901
0.931902
0.931902
0.931902
0.931903
0.931903
0.931903
0.931904
0.931904
0.931904
0.931905
0.931905
0.931905
0.931906
0.931906
0.931906
0.931906
0.931907
0.931907
0.931907
0.931908
0.931908
0.931908
0.931909
0.931909
0.931909
0.931909
0.93191
0.93191
0.93191
0.931911
0.931911
0.931911
0.931912
0.931912
0.931912
0.931912
0.931913
0.931913
0.931913
0.931914
0.931914
0.931914
0.931914
0.931915
0.931915
0.931915
0.931915
0.931916
0.931916
0.931916
0.931917
0.931917
0.931917
0.931917
0.931918
0.931918
0.931918
0.931918
0.931919
0.931919
0.931919
0.931919
0.93192
0.93192
0.93192
0.93192
0.931921
0.931921
0.931921
0.931921
0.931922
0.931922
0.931922
0.931922
0.931923
0.931923
0.931923
0.931923
0.931924
0.931924
0.931924
0.931924
0.931925
0.931925
0.931925
0.931925
0.931926
0.931926
0.931926
0.931926
0.931927
0.931927
0.931927
0.931927
0.931928
0.931928
0.931928
0.931928
0.931928
0.931929
0.931929
0.931929
0.931929
0.93193
0.93193
0.93193
0.93193
0.93193
0.931931
0.931931
0.931931
0.931931
0.931932
0.931932
0.931932
0.931932
0.931932
0.931933
0.931933
0.931933
0.931933
0.931933
0.931934
0.931934
0.931934
0.931934
0.931934
0.931935
0.931935
0.931935
0.931935
0.931936
0.931936
0.931936
0.931936
0.931936
0.931937
0.931937
0.931937
0.931937
0.931937
0.931938
0.931938
0.931938
0.931938
0.931938
0.931938
0.931939
0.931939
0.931939
0.931939
0.931939
0.93194
0.93194
0.93194
0.93194
0.93194
0.931941
0.931941
0.931941
0.931941
0.931941
0.931941
0.931942
0.931942
0.931942
0.931942
0.931942
0.931943
0.931943
0.931943
0.931943
0.931943
0.931943
0.931944
0.931944
0.931944
0.931944
0.931944
0.931944
0.931945
0.931945
0.931945
0.931945
0.931945
0.931945
0.931946
0.931946
0.931946
0.931946
0.931946
0.931947
0.931947
0.931947
0.931947
0.931947
0.931947
0.931947
0.931948
0.931948
0.931948
0.931948
0.931948
0.931948
0.931949
0.931949
0.931949
0.931949
0.931949
0.931949
0.93195
0.93195
0.93195
0.93195
0.93195
0.93195
0.93195
0.931951
0.931951
0.931951
0.931951
0.931951
0.931951
0.931952
0.931952
0.931952
0.931952
0.931952
0.931952
0.931952
0.931953
0.931953
0.931953
0.931953
0.931953
0.931953
0.931953
0.931954
0.931954
0.931954
0.931954
0.931954
0.931954
0.931954
0.931955
0.931955
0.931955
0.931955
0.931955
0.931955
0.931955
0.931956
0.931956
0.931956
0.931956
0.931956
0.931956
0.931956
0.931956
0.931957
0.931957
0.931957
0.931957
0.931957
0.931957
0.931957
0.931958
0.931958
0.931958
0.931958
0.931958
0.931958
0.931958
0.931958
0.931959
0.931959
0.931959
0.931959
0.931959
0.931959
0.931959
0.931959
0.93196
0.93196
0.93196
0.93196
0.93196
0.93196
0.93196
0.93196
0.931961
0.931961
0.931961
0.931961
0.931961
0.931961
0.931961
0.931961
0.931961
0.931962
0.931962
0.931962
0.931962
0.931962
0.931962
0.931962
0.931962
0.931962
0.931963
0.931963
0.931963
0.931963
0.931963
0.931963
0.931963
0.931963
0.931964
0.931964
0.931964
0.931964
0.931964
0.931964
0.931964
0.931964
0.931964
0.931964
0.931965
0.931965
0.931965
0.931965
0.931965
0.931965
0.931965
0.931965
0.931965
0.931966
0.931966
0.931966
0.931966
0.931966
0.931966
0.931966
0.931966
0.931966
0.931966
0.931967
0.931967
0.931967
0.931967
0.931967
0.931967
0.931967
0.931967
0.931967
0.931968
0.931968
0.931968
0.931968
0.931968
0.931968
0.931968
0.931968
0.931968
0.931968
0.931968
0.931969
0.931969
0.931969
0.931969
0.931969
0.931969
0.931969
0.931969
0.931969
0.931969
0.93197
0.93197
0.93197
0.93197
0.93197
0.93197
0.93197
0.93197
0.93197
0.93197
0.93197
0.931971
0.931971
0.931971
0.931971
0.931971
0.931971
0.931971
0.931971
0.931971
0.931971
0.931971
0.931972
0.931972
0.931972
0.931972
0.931972
0.931972
0.931972
0.931972
0.931972
0.931972
0.931972
0.931972
0.931973
0.931973
0.931973
0.931973
0.931973
0.931973
0.931973
0.931973
0.931973
0.931973
0.931973
0.931973
0.931974
0.931974
0.931974
0.931974
0.931974
0.931974
0.931974
0.931974
0.931974
0.931974
0.931974
0.931974
0.931975
0.931975
0.931975
0.931975
0.931975
0.931975
0.931975
0.931975
0.931975
0.931975
0.931975
0.931975
0.931975
0.931976
0.931976
0.931976
0.931976
0.931976
0.931976
0.931976
0.931976
0.931976
0.931976
0.931976
0.931976
0.931976
0.931977
0.931977
0.931977
0.931977
0.931977
0.931977
0.931977
0.931977
0.931977
0.931977
0.931977
0.931977
0.931977
0.931977
0.931978
0.931978
0.931978
0.931978
0.931978
0.931978
0.931978
0.931978
0.931978
0.931978
0.931978
0.931978
0.931978
0.931978
0.931979
0.931979
0.931979
0.931979
0.931979
0.931979
0.931979
0.931979
0.931979
0.931979
0.931979
0.931979
0.931979
0.931979
0.931979
0.93198
0.93198
0.93198
0.93198
0.93198
0.93198
0.93198
0.93198
0.93198
0.93198
0.93198
0.93198
0.93198
0.93198
0.93198
0.931981
0.931981
0.931981
0.931981
0.931981
0.931981
0.931981
0.931981
0.931981
0.931981
0.931981
0.931981
0.931981
0.931981
0.931981
0.931981
0.931982
0.931982
0.931982
0.931982
0.931982
0.931982
0.931982
0.931982
0.931982
0.931982
0.931982
0.931982
0.931982
0.931982
0.931982
0.931982
0.931982
0.931983
0.931983
0.931983
0.931983
0.931983
0.931983
0.931983
0.931983
0.931983
0.931983
0.931983
0.931983
0.931983
0.931983
0.931983
0.931983
0.931983
0.931984
0.931984
0.931984
0.931984
0.931984
0.931984
0.931984
0.931984
0.931984
0.931984
0.931984
0.931984
0.931984
0.931984
0.931984
0.931984
0.931984
0.931984
0.931985
0.931985
0.931985
0.931985
0.931985
0.931985
0.931985
0.931985
0.931985
0.931985
0.931985
0.931985
0.931985
0.931985
0.931985
0.931985
0.931985
0.931985
0.931985
0.931986
0.931986
0.931986
0.931986
0.931986
0.931986
0.931986
0.931986
0.931986
0.931986
0.931986
0.931986
0.931986
0.931986
0.931986
0.931986
0.931986
0.931986
0.931986
0.931986
0.931987
0.931987
0.931987
0.931987
0.931987
0.931987
0.931987
0.931987
0.931987
0.931987
0.931987
0.931987
0.931987
0.931987
0.931987
0.931987
0.931987
0.931987
0.931987
0.931987
0.931987
0.931988
0.931988
0.931988
0.931988
0.931988
0.931988
0.931988
0.931988
0.931988
0.931988
0.931988
0.931988
0.931988
0.931988
0.931988
0.931988
0.931988
0.931988
0.931988
0.931988
0.931988
0.931989
0.931989
0.931989
0.931989
0.931989
0.931989
0.931989
0.931989
0.931989
0.931989
0.931989
0.931989
0.931989
0.931989
0.931989
0.931989
0.931989
0.931989
0.931989
0.931989
0.931989
0.931989
0.931989
0.93199
0.93199
0.93199
0.93199
0.93199
0.93199
0.93199
0.93199
0.93199
0.93199
0.93199
0.93199
0.93199
0.93199
0.93199
0.93199
0.93199
0.93199
0.93199
0.93199
0.93199
0.93199
0.93199
0.93199
0.931991
0.931991
0.931991
0.931991
0.931991
0.931991
0.931991
0.931991
0.931991
0.931991
0.931991
0.931991
0.931991
0.931991
0.931991
0.931991
0.931991
0.931991
0.931991
0.931991
0.931991
0.931991
0.931991
0.931991
0.931991
0.931992
0.931992
0.931992
0.931992
0.931992
0.931992
0.931992
0.931992
0.931992
0.931992
0.931992
0.931992
0.931992
0.931992
0.931992
0.931992
0.931992
0.931992
0.931992
0.931992
0.931992
0.931992
0.931992
0.931992
0.931992
0.931992
0.931992
0.931993
0.931993
0.931993
0.931993
0.931993
0.931993
0.931993
0.931993
0.931993
0.931993
0.931993
0.931993
0.931993
0.931993
0.931993
0.931993
0.931993
0.931993
0.931993
0.931993
0.931993
0.931993
0.931993
0.931993
0.931993
0.931993
0.931993
0.931993
0.931994
0.931994
0.931994
0.931994
0.931994
0.931994
0.931994
0.931994
0.931994
0.931994
0.931994
0.931994
0.931994
0.931994
0.931994
0.931994
0.931994
0.931994
0.931994
0.931994
0.931994
0.931994
0.931994
0.931994
0.931994
0.931994
0.931994
0.931994
0.931994
0.931995
0.931995
0.931995
0.931995
0.931995
0.931995
0.931995
0.931995
0.931995
0.931995
0.931995
0.931995
0.931995
0.931995
0.931995
0.931995
0.931995
0.931995
0.931995
0.931995
0.931995
0.931995
0.931995
0.931995
0.931995
0.931995
0.931995
0.931995
0.931995
0.931995
0.931995
0.931995
0.931996
0.931996
0.931996
0.931996
0.931996
0.931996
0.931996
0.931996
0.931996
0.931996
0.931996
0.931996
0.931996
0.931996
0.931996
0.931996
0.931996
0.931996
0.931996
0.931996
0.931996
0.931996
0.931996
0.931996
0.931996
0.931996
0.931996
0.931996
0.931996
0.931996
0.931996
0.931996
0.931996
0.931997
0.931997
0.931997
0.931997
0.931997
0.931997
0.931997
0.931997
0.931997
0.931997
0.931997
0.931997
0.931997
0.931997
0.931997
0.931997
0.931997
0.931997
0.931997
0.931997
0.931997
0.931997
0.931997
0.931997
0.931997
0.931997
0.931997
0.931997
0.931997
0.931997
0.931997
0.931997
0.931997
0.931997
0.931997
0.931998
0.931998
0.931998
0.931998
0.931998
0.931998
0.931998
0.931998
0.931998
0.931998
0.931998
0.931998
0.931998
0.931998
0.931998
0.931998
0.931998
0.931998
0.931998
0.931998
0.931998
0.931998
0.931998
0.931998
0.931998
0.931998
0.931998
0.931998
0.931998
0.931998
0.931998
0.931998
0.931998
0.931998
0.931998
0.931998
0.931998
0.931998
0.931999
0.931999
0.931999
0.931999
0.931999
0.931999
0.931999
0.931999
0.931999
0.931999
0.931999
0.931999
0.931999
0.931999
0.931999
0.931999
0.931999
0.931999
0.931999
0.931999
0.931999
0.931999
0.931999
0.931999
0.931999
0.931999
0.931999
0.931999
0.931999
0.931999
0.931999
0.931999
0.931999
0.931999
0.931999
0.931999
0.931999
0.931999
0.931999
0.931999
0.932
0.932
0.932
0.932
0.932
0.932
0.932
0.932
0.932
0.932
0.932
0.932
0.932
0.932
0.932
0.932
0.932
0.932
0.932
0.932
0.932
0.932
0.932
0.932
0.932
0.932
0.932
0.932
0.932
0.932
0.932
0.932
0.932
0.932
0.932
0.932
0.932
0.932
0.932
0.932
0.932
0.932
0.932
0.932001
0.932001
0.932001
0.932001
0.932001
0.932001
0.932001
0.932001
0.932001
0.932001
0.932001
0.932001
0.932001
0.932001
0.932001
0.932001
0.932001
0.932001
0.932001
0.932001
0.932001
0.932001
0.932001
0.932001
0.932001
0.932001
0.932001
0.932001
0.932001
0.932001
0.932001
0.932001
0.932001
0.932001
0.932001
0.932001
0.932001
0.932001
0.932001
0.932001
0.932001
0.932001
0.932001
0.932001
0.932001
0.932001
0.932002
0.932002
0.932002
0.932002
0.932002
0.932002
0.932002
0.932002
0.932002
0.932002
0.932002
0.932002
0.932002
0.932002
0.932002
0.932002
0.932002
0.932002
0.932002
0.932002
0.932002
0.932002
0.932002
0.932002
0.932002
0.932002
0.932002
0.932002
0.932002
0.932002
0.932002
0.932002
0.932002
0.932002
0.932002
0.932002
0.932002
0.932002
0.932002
0.932002
0.932002
0.932002
0.932002
0.932002
0.932002
0.932002
0.932002
0.932002
0.932002
0.932002
0.932003
0.932003
0.932003
0.932003
0.932003
0.932003
0.932003
0.932003
0.932003
0.932003
0.932003
0.932003
0.932003
0.932003
0.932003
0.932003
0.932003
0.932003
0.932003
0.932003
0.932003
0.932003
0.932003
0.932003
0.932003
0.932003
0.932003
0.932003
0.932003
0.932003
0.932003
0.932003
0.932003
0.932003
0.932003
0.932003
0.932003
0.932003
0.932003
0.932003
0.932003
0.932003
0.932003
0.932003
0.932003
0.932003
0.932003
0.932003
0.932003
0.932003
0.932003
0.932003
0.932003
0.932004
0.932004
0.932004
0.932004
0.932004
0.932004
0.932004
0.932004
0.932004
0.932004
0.932004
0.932004
0.932004
0.932004
0.932004
0.932004
0.932004
0.932004
0.932004
0.932004
0.932004
0.932004
0.932004
0.932004
0.932004
0.932004
0.932004
0.932004
0.932004
0.932004
0.932004
0.932004
0.932004
0.932004
0.932004
0.932004
0.932004
0.932004
0.932004
0.932004
0.932004
0.932004
0.932004
0.932004
0.932004
0.932004
0.932004
0.932004
0.932004
0.932004
0.932004
0.932004
0.932004
0.932004
0.932004
0.932004
0.932004
0.932004
0.932005
0.932005
0.932005
0.932005
0.932005
0.932005
0.932005
0.932005
0.932005
0.932005
0.932005
0.932005
0.932005
0.932005
0.932005
0.932005
0.932005
0.932005
0.932005
0.932005
0.932005
0.932005
0.932005
0.932005
0.932005
0.932005
0.932005
0.932005
0.932005
0.932005
0.932005
0.932005
0.932005
0.932005
0.932005
0.932005
0.932005
0.932005
0.932005
0.932005
0.932005
0.932005
0.932005
0.932005
0.932005
0.932005
0.932005
0.932005
0.932005
0.932005
0.932005
0.932005
0.932005
0.932005
0.932005
0.932005
0.932005
0.932005
0.932005
0.932005
0.932005
0.932005
0.932005
0.932006
0.932006
0.932006
0.932006
0.932006
0.932006
0.932006
0.932006
0.932006
0.932006
0.932006
0.932006
0.932006
0.932006
0.932006
0.932006
0.932006
0.932006
0.932006
0.932006
0.932006
0.932006
0.932006
0.932006
0.932006
0.932006
0.932006
0.932006
0.932006
0.932006
0.932006
0.932006
0.932006
0.932006
0.932006
0.932006
0.932006
0.932006
0.932006
0.932006
0.932006
0.932006
0.932006
0.932006
0.932006
0.932006
0.932006
0.932006
0.932006
0.932006
0.932006
0.932006
0.932006
0.932006
0.932006
0.932006
0.932006
0.932006
0.932006
0.932006
0.932006
0.932006
0.932006
0.932006
0.932006
0.932006
0.932006
0.932006
0.932006
0.932007
0.932007
0.932007
0.932007
0.932007
0.932007
0.932007
0.932007
0.932007
0.932007
0.932007
0.932007
0.932007
0.932007
0.932007
0.932007
0.932007
0.932007
0.932007
0.932007
0.932007
0.932007
0.932007
0.932007
0.932007
0.932007
0.932007
0.932007
0.932007
0.932007
0.932007
0.932007
0.932007
0.932007
0.932007
0.932007
0.932007
0.932007
0.932007
0.932007
0.932007
0.932007
0.932007
0.932007
0.932007
0.932007
0.932007
0.932007
0.932007
0.932007
0.932007
0.932007
0.932007
0.932007
0.932007
0.932007
0.932007
0.932007
0.932007
0.932007
0.932007
0.932007
0.932007
0.932007
0.932007
0.932007
0.932007
0.932007
0.932007
0.932007
0.932007
0.932007
0.932007
0.932007
0.932007
0.932007
0.932008
0.932008
0.932008
0.932008
0.932008
0.932008
0.932008
0.932008
0.932008
0.932008
0.932008
0.932008
0.932008
0.932008
0.932008
0.932008
0.932008
0.932008
0.932008
0.932008
0.932008
0.932008
0.932008
0.932008
0.932008
0.932008
0.932008
0.932008
0.932008
0.932008
0.932008
0.932008
0.932008
0.932008
0.932008
0.932008
0.932008
0.932008
0.932008
0.932008
0.932008
0.932008
0.932008
0.932008
0.932008
0.932008
0.932008
0.932008
0.932008
0.932008
0.932008
0.932008
0.932008
0.932008
0.932008
0.932008
0.932008
0.932008
0.932008
0.932008
0.932008
0.932008
0.932008
0.932008
0.932008
0.932008
0.932008
0.932008
0.932008
0.932008
0.932008
0.932008
0.932008
0.932008
0.932008
0.932008
0.932008
0.932008
0.932008
0.932008
0.932008
0.932008
0.932008
0.932008
0.932008
0.932009
0.932009
0.932009
0.932009
0.932009
0.932009
0.932009
0.932009
0.932009
0.932009
0.932009
0.932009
0.932009
0.932009
0.932009
0.932009
0.932009
0.932009
0.932009
0.932009
0.932009
0.932009
0.932009
0.932009
0.932009
0.932009
0.932009
0.932009
0.932009
0.932009
0.932009
0.932009
0.932009
0.932009
0.932009
0.932009
0.932009
0.932009
0.932009
0.932009
0.932009
0.932009
0.932009
0.932009
0.932009
0.932009
0.932009
0.932009
0.932009
0.932009
0.932009
0.932009
0.932009
0.932009
0.932009
0.932009
0.932009
0.932009
0.932009
0.932009
0.932009
0.932009
0.932009
0.932009
0.932009
0.932009
0.932009
0.932009
0.932009
0.932009
0.932009
0.932009
0.932009
0.932009
0.932009
0.932009
0.932009
0.932009
0.932009
0.932009
0.932009
0.932009
0.932009
0.932009
0.932009
0.932009
0.932009
0.932009
0.932009
0.932009
0.932009
0.932009
0.932009
0.932009
0.93201
0.93201
0.93201
0.93201
0.93201
0.93201
0.93201
0.93201
0.93201
0.93201
0.93201
0.93201
0.93201
0.93201
0.93201
0.93201
0.93201
0.93201
0.93201
0.93201
0.93201
0.93201
0.93201
0.93201
0.93201
0.93201
0.93201
0.93201
0.93201
0.93201
0.93201
0.93201
0.93201
0.93201
0.93201
0.93201
0.93201
0.93201
0.93201
0.93201
0.93201
0.93201
0.93201
0.93201
0.93201
0.93201
0.93201
0.93201
0.93201
0.93201
0.93201
0.93201
0.93201
0.93201
0.93201
0.93201
0.93201
0.93201
0.93201
0.93201
0.93201
0.93201
0.93201
0.93201
0.93201
0.93201
0.93201
0.93201
0.93201
0.93201
0.93201
0.93201
0.93201
0.93201
0.93201
0.93201
0.93201
0.93201
0.93201
0.93201
0.93201
0.93201
0.93201
0.93201
0.93201
0.93201
0.93201
0.93201
0.93201
0.93201
0.93201
0.93201
0.93201
0.93201
0.93201
0.93201
0.93201
0.93201
0.93201
0.93201
0.93201
0.93201
0.93201
0.93201
0.93201
0.93201
0.93201
0.93201
0.932011
0.932011
0.932011
0.932011
0.932011
0.932011
0.932011
0.932011
0.932011
0.932011
0.932011
0.932011
0.932011
0.932011
0.932011
0.932011
0.932011
0.932011
0.932011
0.932011
0.932011
0.932011
0.932011
0.932011
0.932011
0.932011
0.932011
0.932011
0.932011
0.932011
0.932011
0.932011
0.932011
0.932011
0.932011
0.932011
0.932011
0.932011
0.932011
0.932011
0.932011
0.932011
0.932011
0.932011
0.932011
0.932011
0.932011
0.932011
0.932011
0.932011
0.932011
0.932011
0.932011
0.932011
0.932011
0.932011
0.932011
0.932011
0.932011
0.932011
0.932011
0.932011
0.932011
0.932011
0.932011
0.932011
0.932011
0.932011
0.932011
0.932011
0.932011
0.932011
0.932011
0.932011
0.932011
0.932011
0.932011
0.932011
0.932011
0.932011
0.932011
0.932011
0.932011
0.932011
0.932011
0.932011
0.932011
0.932011
0.932011
0.932011
0.932011
0.932011
0.932011
0.932011
0.932011
0.932011
0.932011
0.932011
0.932011
0.932011
0.932011
0.932011
0.932011
0.932011
0.932011
0.932011
0.932011
0.932011
0.932011
0.932011
0.932011
0.932011
0.932011
0.932011
0.932011
0.932011
0.932011
0.932011
0.932011
0.932011
0.932011
0.932011
0.932011
0.932012
0.932012
0.932012
0.932012
0.932012
0.932012
0.932012
0.932012
0.932012
0.932012
0.932012
0.932012
0.932012
0.932012
0.932012
0.932012
0.932012
0.932012
0.932012
0.932012
0.932012
0.932012
0.932012
0.932012
0.932012
0.932012
0.932012
0.932012
0.932012
0.932012
0.932012
0.932012
0.932012
0.932012
0.932012
0.932012
0.932012
0.932012
0.932012
0.932012
0.932012
0.932012
0.932012
0.932012
0.932012
0.932012
0.932012
0.932012
0.932012
0.932012
0.932012
0.932012
0.932012
0.932012
0.932012
0.932012
0.932012
0.932012
0.932012
0.932012
0.932012
0.932012
0.932012
0.932012
0.932012
0.932012
0.932012
0.932012
0.932012
0.932012
0.932012
0.932012
0.932012
0.932012
0.932012
0.932012
0.932012
0.932012
0.932012
0.932012
0.932012
0.932012
0.932012
0.932012
0.932012
0.932012
0.932012
0.932012
0.932012
0.932012
0.932012
0.932012
0.932012
0.932012
0.932012
0.932012
0.932012
0.932012
0.932012
0.932012
0.932012
0.932012
0.932012
0.932012
0.932012
0.932012
0.932012
0.932012
0.932012
0.932012
0.932012
0.932012
0.932012
0.932012
0.932012
0.932012
0.932012
0.932012
0.932012
0.932012
0.932012
0.932012
0.932012
0.932012
0.932012
0.932012
0.932012
0.932012
0.932012
0.932012
0.932012
0.932012
0.932012
0.932012
0.932012
0.932012
0.932012
0.932012
0.932012
0.932012
0.932012
0.932012
0.932012
0.932012
0.932012
0.932012
0.932013
0.932013
0.932013
0.932013
0.932013
0.932013
0.932013
0.932013
0.932013
0.932013
0.932013
0.932013
0.932013
0.932013
0.932013
0.932013
0.932013
0.932013
0.932013
0.932013
0.932013
0.932013
0.932013
0.932013
0.932013
0.932013
0.932013
0.932013
0.932013
0.932013
0.932013
0.932013
0.932013
0.932013
0.932013
0.932013
0.932013
0.932013
0.932013
0.932013
0.932013
0.932013
0.932013
0.932013
0.932013
0.932013
0.932013
0.932013
0.932013
0.932013
0.932013
0.932013
0.932013
0.932013
0.932013
0.932013
0.932013
0.932013
0.932013
0.932013
0.932013
0.932013
0.932013
0.932013
0.932013
0.932013
0.932013
0.932013
0.932013
0.932013
0.932013
0.932013
0.932013
0.932013
0.932013
0.932013
0.932013
0.932013
0.932013
0.932013
0.932013
0.932013
0.932013
0.932013
0.932013
0.932013
0.932013
0.932013
0.932013
0.932013
0.932013
0.932013
0.932013
0.932013
0.932013
0.932013
0.932013
0.932013
0.932013
0.932013
0.932013
0.932013
0.932013
0.932013
0.932013
0.932013
0.932013
0.932013
0.932013
0.932013
0.932013
0.932013
0.932013
0.932013
0.932013
0.932013
0.932013
0.932013
0.932013
0.932013
0.932013
0.932013
0.932013
0.932013
0.932013
0.932013
0.932013
0.932013
0.932013
0.932013
0.932013
0.932013
0.932013
0.932013
0.932013
0.932013
0.932013
0.932013
0.932013
0.932013
0.932013
0.932013
0.932013
0.932013
0.932013
0.932013
0.932013
0.932013
0.932013
0.932013
0.932013
0.932013
0.932013
0.932013
0.932013
0.932013
0.932013
0.932013
0.932013
0.932013
0.932013
0.932013
0.932013
0.932013
0.932013
0.932013
0.932013
0.932013
0.932013
0.932013
0.932013
0.932013
0.932013
0.932013
0.932013
0.932013
0.932013
0.932014
0.932014
0.932014
0.932014
0.932014
0.932014
0.932014
0.932014
0.932014
0.932014
0.932014
0.932014
0.932014
0.932014
0.932014
0.932014
0.932014
0.932014
0.932014
0.932014
0.932014
0.932014
0.932014
0.932014
0.932014
0.932014
0.932014
0.932014
0.932014
0.932014
0.932014
0.932014
0.932014
0.932014
0.932014
0.932014
0.932014
0.932014
0.932014
0.932014
0.932014
0.932014
0.932014
0.932014
0.932014
0.932014
0.932014
0.932014
0.932014
0.932014
0.932014
0.932014
0.932014
0.932014
0.932014
0.932014
0.932014
0.932014
0.932014
0.932014
0.932014
0.932014
0.932014
0.932014
0.932014
0.932014
0.932014
0.932014
0.932014
0.932014
0.932014
0.932014
0.932014
0.932014
0.932014
0.932014
0.932014
0.932014
0.932014
0.932014
0.932014
0.932014
0.932014
0.932014
0.932014
0.932014
0.932014
0.932014
0.932014
0.932014
0.932014
0.932014
0.932014
0.932014
0.932014
0.932014
0.932014
0.932014
0.932014
0.932014
0.932014
0.932014
0.932014
0.932014
0.932014
0.932014
0.932014
0.932014
0.932014
0.932014
0.932014
0.932014
0.932014
0.932014
0.932014
0.932014
0.932014
0.932014
0.932014
0.932014
0.932014
0.932014
0.932014
0.932014
0.932014
0.932014
0.932014
0.932014
0.932014
0.932014
0.932014
0.932014
0.932014
0.932014
0.932014
0.932014
0.932014
0.932014
0.932014
0.932014
0.932014
0.932014
0.932014
0.932014
0.932014
0.932014
0.932014
0.932014
0.932014
0.932014
0.932014
0.932014
0.932014
0.932014
0.932014
0.932014
0.932014
0.932014
0.932014
0.932014
0.932014
0.932014
0.932014
0.932014
0.932014
0.932014
0.932014
0.932014
0.932014
0.932014
0.932014
0.932014
0.932014
0.932014
0.932014
0.932014
0.932014
0.932014
0.932014
0.932014
0.932014
0.932014
0.932014
0.932014
0.932014
0.932014
0.932014
0.932014
0.932014
0.932014
0.932014
0.932014
0.932014
0.932014
0.932014
0.932014
0.932014
0.932014
0.932014
0.932014
0.932014
0.932014
0.932014
0.932014
0.932014
0.932014
0.932014
0.932014
0.932014
0.932014
0.932014
0.932014
0.932014
0.932014
0.932014
0.932014
0.932014
0.932014
0.932014
0.932014
0.932014
0.932014
0.932014
0.932014
0.932015
0.932015
0.932015
0.932015
0.932015
0.932015
0.932015
0.932015
0.932015
0.932015
0.932015
0.932015
0.932015
0.932015
0.932015
0.932015
0.932015
0.932015
0.932015
0.932015
0.932015
0.932015
0.932015
0.932015
0.932015
0.932015
0.932015
0.932015
0.932015
0.932015
0.932015
0.932015
0.932015
0.932015
0.932015
0.932015
0.932015
0.932015
0.932015
0.932015
0.932015
0.932015
0.932015
0.932015
0.932015
0.932015
0.932015
0.932015
0.932015
0.932015
0.932015
0.932015
0.932015
0.932015
0.932015
0.932015
0.932015
0.932015
0.932015
0.932015
0.932015
0.932015
0.932015
0.932015
0.932015
0.932015
0.932015
0.932015
0.932015
0.932015
0.932015
0.932015
0.932015
0.932015
0.932015
0.932015
0.932015
0.932015
0.932015
0.932015
0.932015
0.932015
0.932015
0.932015
0.932015
0.932015
0.932015
0.932015
0.932015
0.932015
0.932015
0.932015
0.932015
0.932015
0.932015
0.932015
0.932015
0.932015
0.932015
0.932015
0.932015
0.932015
0.932015
0.932015
0.932015
0.932015
0.932015
0.932015
0.932015
0.932015
0.932015
0.932015
0.932015
0.932015
0.932015
0.932015
0.932015
0.932015
0.932015
0.932015
0.932015
0.932015
0.932015
0.932015
0.932015
0.932015
0.932015
0.932015
0.932015
0.932015
0.932015
0.932015
0.932015
0.932015
0.932015
0.932015
0.932015
0.932015
0.932015
0.932015
0.932015
0.932015
0.932015
0.932015
0.932015
0.932015
0.932015
0.932015
0.932015
0.932015
0.932015
0.932015
0.932015
0.932015
0.932015
0.932015
0.932015
0.932015
0.932015
0.932015
0.932015
0.932015
0.932015
0.932015
0.932015
0.932015
0.932015
0.932015
0.932015
0.932015
0.932015
0.932015
0.932015
0.932015
0.932015
0.932015
0.932015
0.932015
0.932015
0.932015
0.932015
0.932015
0.932015
0.932015
0.932015
0.932015
0.932015
0.932015
0.932015
0.932015
0.932015
0.932015
0.932015
0.932015
0.932015
0.932015
0.932015
0.932015
0.932015
0.932015
0.932015
0.932015
0.932015
0.932015
0.932015
0.932015
0.932015
0.932015
0.932015
0.932015
0.932015
0.932015
0.932015
0.932015
0.932015
0.932015
0.932015
0.932015
0.932015
0.932015
0.932015
0.932015
0.932015
0.932015
0.932015
0.932015
0.932015
0.932015
0.932015
0.932015
0.932015
0.932015
0.932015
0.932015
0.932015
0.932015
0.932015
0.932015
0.932015
0.932015
0.932015
0.932015
0.932015
0.932015
0.932015
0.932015
0.932015
0.932015
0.932015
0.932015
0.932015
0.932015
0.932015
0.932015
0.932015
0.932015
0.932015
0.932015
0.932015
0.932015
0.932015
0.932015
0.932015
0.932015
0.932015
0.932015
0.932015
0.932015
0.932015
0.932015
0.932015
0.932015
0.932015
0.932015
0.932015
0.932015
0.932015
0.932015
0.932015
0.932015
0.932015
0.932015
0.932015
0.932015
0.932015
0.932015
0.932015
0.932015
0.932015
0.932015
0.932015
0.932015
0.932015
0.932015
0.932015
0.932015
0.932015
0.932015
0.932015
0.932015
0.932015
0.932015
0.932015
0.932015
0.932015
0.932016
0.932016
0.932016
0.932016
0.932016
0.932016
0.932016
0.932016
0.932016
0.932016
0.932016
0.932016
0.932016
0.932016
0.932016
0.932016
0.932016
0.932016
0.932016
0.932016
0.932016
0.932016
0.932016
0.932016
0.932016
0.932016
0.932016
0.932016
0.932016
0.932016
0.932016
0.932016
0.932016
0.932016
0.932016
0.932016
0.932016
0.932016
0.932016
0.932016
0.932016
