0.5
0.502358
0.504993
0.507691
0.510361
0.512969
0.51551
0.517988
0.520411
0.522787
0.525124
0.527429
0.529709
0.531966
0.534205
0.536428
0.538638
0.540836
0.543023
0.5452
0.547368
0.549528
0.551679
0.553821
0.555956
0.558082
0.560201
0.562311
0.564413
0.566507
0.568593
0.57067
0.572739
0.574799
0.576851
0.578894
0.580928
0.582953
0.584969
0.586976
0.588974
0.590963
0.592943
0.594913
0.596874
0.598826
0.600768
0.602701
0.604625
0.606538
0.608443
0.610338
0.612223
0.614098
0.615964
0.617821
0.619668
0.621505
0.623332
0.62515
0.626958
0.628757
0.630546
0.632325
0.634095
0.635855
0.637606
0.639347
0.641078
0.6428
0.644512
0.646215
0.647908
0.649592
0.651266
0.652931
0.654586
0.656232
0.657869
0.659496
0.661114
0.662723
0.664323
0.665913
0.667494
0.669066
0.670628
0.672182
0.673726
0.675262
0.676788
0.678305
0.679814
0.681313
0.682804
0.684286
0.685759
0.687223
0.688679
0.690126
0.691564
0.692993
0.694414
0.695827
0.697231
0.698626
0.700013
0.701392
0.702762
0.704124
0.705478
0.706824
0.708161
0.70949
0.710811
0.712124
0.71343
0.714727
0.716016
0.717297
0.71857
0.719836
0.721094
0.722344
0.723586
0.724821
0.726048
0.727268
0.72848
0.729684
0.730881
0.732071
0.733253
0.734429
0.735596
0.736757
0.73791
0.739057
0.740196
0.741328
0.742453
0.743571
0.744682
0.745786
0.746884
0.747974
0.749058
0.750135
0.751206
0.752269
0.753326
0.754377
0.755421
0.756458
0.757489
0.758514
0.759532
0.760544
0.76155
0.762549
0.763542
0.764529
0.76551
0.766484
0.767453
0.768416
0.769372
0.770323
0.771268
0.772206
0.773139
0.774067
0.774988
0.775904
0.776814
0.777718
0.778616
0.77951
0.780397
0.781279
0.782156
0.783027
0.783892
0.784753
0.785608
0.786457
0.787301
0.788141
0.788974
0.789803
0.790627
0.791445
0.792259
0.793067
0.79387
0.794669
0.795462
0.79625
0.797034
0.797813
0.798587
0.799356
0.80012
0.80088
0.801635
0.802385
0.803131
0.803872
0.804608
0.80534
0.806068
0.806791
0.807509
0.808223
0.808933
0.809638
0.810339
0.811036
0.811728
0.812416
0.8131
0.81378
0.814455
0.815127
0.815794
0.816457
0.817116
0.817771
0.818422
0.819069
0.819712
0.820351
0.820987
0.821618
0.822246
0.822869
0.823489
0.824105
0.824718
0.825326
0.825931
0.826532
0.82713
0.827724
0.828314
0.828901
0.829484
0.830064
0.83064
0.831212
0.831781
0.832347
0.832909
0.833468
0.834024
0.834576
0.835125
0.83567
0.836212
0.836751
0.837287
0.83782
0.838349
0.838875
0.839398
0.839917
0.840434
0.840948
0.841458
0.841965
0.84247
0.842971
0.843469
0.843965
0.844457
0.844946
0.845433
0.845917
0.846397
0.846875
0.84735
0.847822
0.848292
0.848758
0.849222
0.849683
0.850141
0.850597
0.85105
0.8515
0.851947
0.852392
0.852834
0.853274
0.853711
0.854145
0.854577
0.855007
0.855433
0.855858
0.856279
0.856699
0.857115
0.85753
0.857942
0.858351
0.858758
0.859163
0.859565
0.859965
0.860363
0.860758
0.861151
0.861542
0.86193
0.862316
0.8627
0.863082
0.863461
0.863838
0.864213
0.864586
0.864957
0.865325
0.865692
0.866056
0.866418
0.866778
0.867136
0.867492
0.867846
0.868198
0.868547
0.868895
0.869241
0.869584
0.869926
0.870266
0.870604
0.87094
0.871274
0.871606
0.871936
0.872264
0.87259
0.872915
0.873237
0.873558
0.873877
0.874194
0.874509
0.874823
0.875135
0.875445
0.875753
0.876059
0.876364
0.876667
0.876968
0.877267
0.877565
0.877861
0.878156
0.878449
0.87874
0.879029
0.879317
0.879603
0.879888
0.880171
0.880452
0.880732
0.88101
0.881287
0.881562
0.881836
0.882108
0.882378
0.882647
0.882915
0.883181
0.883445
0.883708
0.88397
0.88423
0.884488
0.884745
0.885001
0.885256
0.885508
0.88576
0.88601
0.886259
0.886506
0.886752
0.886997
0.88724
0.887482
0.887722
0.887962
0.8882
0.888436
0.888672
0.888906
0.889138
0.88937
0.8896
0.889829
0.890056
0.890283
0.890508
0.890732
0.890955
0.891176
0.891396
0.891615
0.891833
0.89205
0.892265
0.89248
0.892693
0.892905
0.893116
0.893325
0.893534
0.893741
0.893947
0.894153
0.894357
0.89456
0.894761
0.894962
0.895162
0.89536
0.895558
0.895754
0.89595
0.896144
0.896337
0.89653
0.896721
0.896911
0.8971
0.897289
0.897476
0.897662
0.897847
0.898031
0.898214
0.898397
0.898578
0.898758
0.898937
0.899116
0.899293
0.89947
0.899645
0.89982
0.899993
0.900166
0.900338
0.900509
0.900679
0.900848
0.901016
0.901184
0.90135
0.901516
0.90168
0.901844
0.902007
0.902169
0.902331
0.902491
0.902651
0.902809
0.902967
0.903124
0.903281
0.903436
0.903591
0.903745
0.903898
0.90405
0.904201
0.904352
0.904502
0.904651
0.904799
0.904947
0.905093
0.905239
0.905385
0.905529
0.905673
0.905816
0.905958
0.9061
0.906241
0.906381
0.90652
0.906659
0.906797
0.906934
0.907071
0.907206
0.907342
0.907476
0.90761
0.907743
0.907875
0.908007
0.908138
0.908268
0.908398
0.908527
0.908655
0.908783
0.90891
0.909037
0.909163
0.909288
0.909412
0.909536
0.909659
0.909782
0.909904
0.910025
0.910146
0.910266
0.910386
0.910505
0.910623
0.910741
0.910858
0.910975
0.911091
0.911207
0.911321
0.911436
0.911549
0.911663
0.911775
0.911887
0.911999
0.91211
0.91222
0.91233
0.912439
0.912548
0.912656
0.912764
0.912871
0.912977
0.913083
0.913189
0.913294
0.913398
0.913502
0.913606
0.913709
0.913811
0.913913
0.914015
0.914116
0.914216
0.914316
0.914415
0.914514
0.914613
0.914711
0.914808
0.914905
0.915002
0.915098
0.915194
0.915289
0.915384
0.915478
0.915572
0.915665
0.915758
0.91585
0.915942
0.916034
0.916125
0.916216
0.916306
0.916396
0.916485
0.916574
0.916662
0.916751
0.916838
0.916925
0.917012
0.917099
0.917185
0.91727
0.917355
0.91744
0.917524
0.917608
0.917692
0.917775
0.917858
0.91794
0.918022
0.918104
0.918185
0.918266
0.918346
0.918426
0.918506
0.918585
0.918664
0.918742
0.918821
0.918898
0.918976
0.919053
0.91913
0.919206
0.919282
0.919357
0.919433
0.919508
0.919582
0.919656
0.91973
0.919804
0.919877
0.91995
0.920022
0.920094
0.920166
0.920238
0.920309
0.92038
0.92045
0.92052
0.92059
0.92066
0.920729
0.920798
0.920866
0.920935
0.921002
0.92107
0.921137
0.921204
0.921271
0.921337
0.921403
0.921469
0.921535
0.9216
0.921665
0.921729
0.921793
0.921857
0.921921
0.921985
0.922048
0.92211
0.922173
0.922235
0.922297
0.922359
0.92242
0.922481
0.922542
0.922603
0.922663
0.922723
0.922783
0.922842
0.922901
0.92296
0.923019
0.923077
0.923136
0.923194
0.923251
0.923309
0.923366
0.923422
0.923479
0.923535
0.923591
0.923647
0.923703
0.923758
0.923813
0.923868
0.923923
0.923977
0.924031
0.924085
0.924139
0.924192
0.924245
0.924298
0.924351
0.924403
0.924456
0.924508
0.924559
0.924611
0.924662
0.924713
0.924764
0.924815
0.924865
0.924916
0.924965
0.925015
0.925065
0.925114
0.925163
0.925212
0.925261
0.925309
0.925357
0.925406
0.925453
0.925501
0.925548
0.925596
0.925643
0.925689
0.925736
0.925782
0.925829
0.925875
0.92592
0.925966
0.926011
0.926057
0.926102
0.926146
0.926191
0.926236
0.92628
0.926324
0.926368
0.926411
0.926455
0.926498
0.926541
0.926584
0.926627
0.926669
0.926712
0.926754
0.926796
0.926838
0.92688
0.926921
0.926962
0.927004
0.927045
0.927085
0.927126
0.927166
0.927207
0.927247
0.927287
0.927326
0.927366
0.927405
0.927445
0.927484
0.927523
0.927562
0.9276
0.927639
0.927677
0.927715
0.927753
0.927791
0.927828
0.927866
0.927903
0.92794
0.927977
0.928014
0.928051
0.928088
0.928124
0.92816
0.928196
0.928232
0.928268
0.928304
0.928339
0.928375
0.92841
0.928445
0.92848
0.928515
0.928549
0.928584
0.928618
0.928653
0.928687
0.928721
0.928754
0.928788
0.928822
0.928855
0.928888
0.928921
0.928954
0.928987
0.92902
0.929052
0.929085
0.929117
0.929149
0.929181
0.929213
0.929245
0.929277
0.929308
0.92934
0.929371
0.929402
0.929433
0.929464
0.929495
0.929526
0.929556
0.929587
0.929617
0.929647
0.929677
0.929707
0.929737
0.929767
0.929796
0.929826
0.929855
0.929884
0.929913
0.929942
0.929971
0.93
0.930028
0.930057
0.930085
0.930114
0.930142
0.93017
0.930198
0.930226
0.930254
0.930281
0.930309
0.930336
0.930363
0.930391
0.930418
0.930445
0.930472
0.930498
0.930525
0.930552
0.930578
0.930604
0.930631
0.930657
0.930683
0.930709
0.930735
0.93076
0.930786
0.930812
0.930837
0.930862
0.930888
0.930913
0.930938
0.930963
0.930988
0.931013
0.931037
0.931062
0.931086
0.931111
0.931135
0.931159
0.931183
0.931207
0.931231
0.931255
0.931279
0.931302
0.931326
0.931349
0.931373
0.931396
0.931419
0.931442
0.931465
0.931488
0.931511
0.931534
0.931557
0.931579
0.931602
0.931624
0.931646
0.931669
0.931691
0.931713
0.931735
0.931757
0.931779
0.9318
0.931822
0.931844
0.931865
0.931887
0.931908
0.931929
0.93195
0.931971
0.931993
0.932013
0.932034
0.932055
0.932076
0.932096
0.932117
0.932137
0.932158
0.932178
0.932198
0.932219
0.932239
0.932259
0.932279
0.932299
0.932318
0.932338
0.932358
0.932377
0.932397
0.932416
0.932436
0.932455
0.932474
0.932493
0.932512
0.932531
0.93255
0.932569
0.932588
0.932607
0.932626
0.932644
0.932663
0.932681
0.9327
0.932718
0.932736
0.932754
0.932772
0.932791
0.932809
0.932826
0.932844
0.932862
0.93288
0.932898
0.932915
0.932933
0.93295
0.932968
0.932985
0.933002
0.933019
0.933037
0.933054
0.933071
0.933088
0.933105
0.933122
0.933138
0.933155
0.933172
0.933188
0.933205
0.933222
0.933238
0.933254
0.933271
0.933287
0.933303
0.933319
0.933335
0.933351
0.933367
0.933383
0.933399
0.933415
0.933431
0.933447
0.933462
0.933478
0.933493
0.933509
0.933524
0.93354
0.933555
0.93357
0.933585
0.933601
0.933616
0.933631
0.933646
0.933661
0.933676
0.93369
0.933705
0.93372
0.933735
0.933749
0.933764
0.933778
0.933793
0.933807
0.933822
0.933836
0.93385
0.933865
0.933879
0.933893
0.933907
0.933921
0.933935
0.933949
0.933963
0.933977
0.933991
0.934004
0.934018
0.934032
0.934045
0.934059
0.934072
0.934086
0.934099
0.934113
0.934126
0.934139
0.934152
0.934166
0.934179
0.934192
0.934205
0.934218
0.934231
0.934244
0.934257
0.93427
0.934282
0.934295
0.934308
0.934321
0.934333
0.934346
0.934358
0.934371
0.934383
0.934396
0.934408
0.93442
0.934433
0.934445
0.934457
0.934469
0.934481
0.934494
0.934506
0.934518
0.93453
0.934541
0.934553
0.934565
0.934577
0.934589
0.9346
0.934612
0.934624
0.934635
0.934647
0.934659
0.93467
0.934682
0.934693
0.934704
0.934716
0.934727
0.934738
0.934749
0.934761
0.934772
0.934783
0.934794
0.934805
0.934816
0.934827
0.934838
0.934849
0.93486
0.934871
0.934881
0.934892
0.934903
0.934914
0.934924
0.934935
0.934945
0.934956
0.934967
0.934977
0.934987
0.934998
0.935008
0.935019
0.935029
0.935039
0.935049
0.93506
0.93507
0.93508
0.93509
0.9351
0.93511
0.93512
0.93513
0.93514
0.93515
0.93516
0.93517
0.93518
0.93519
0.935199
0.935209
0.935219
0.935228
0.935238
0.935248
0.935257
0.935267
0.935276
0.935286
0.935295
0.935305
0.935314
0.935323
0.935333
0.935342
0.935351
0.935361
0.93537
0.935379
0.935388
0.935397
0.935406
0.935416
0.935425
0.935434
0.935443
0.935452
0.935461
0.935469
0.935478
0.935487
0.935496
0.935505
0.935514
0.935522
0.935531
0.93554
0.935548
0.935557
0.935566
0.935574
0.935583
0.935591
0.9356
0.935608
0.935617
0.935625
0.935633
0.935642
0.93565
0.935659
0.935667
0.935675
0.935683
0.935692
0.9357
0.935708
0.935716
0.935724
0.935732
0.93574
0.935748
0.935756
0.935764
0.935772
0.93578
0.935788
0.935796
0.935804
0.935812
0.93582
0.935827
0.935835
0.935843
0.935851
0.935858
0.935866
0.935874
0.935881
0.935889
0.935896
0.935904
0.935912
0.935919
0.935927
0.935934
0.935942
0.935949
0.935956
0.935964
0.935971
0.935978
0.935986
0.935993
0.936
0.936008
0.936015
0.936022
0.936029
0.936036
0.936044
0.936051
0.936058
0.936065
0.936072
0.936079
0.936086
0.936093
0.9361
0.936107
0.936114
0.936121
0.936128
0.936134
0.936141
0.936148
0.936155
0.936162
0.936169
0.936175
0.936182
0.936189
0.936195
0.936202
0.936209
0.936215
0.936222
0.936229
0.936235
0.936242
0.936248
0.936255
0.936261
0.936268
0.936274
0.936281
0.936287
0.936293
0.9363
0.936306
0.936313
0.936319
0.936325
0.936331
0.936338
0.936344
0.93635
0.936356
0.936363
0.936369
0.936375
0.936381
0.936387
0.936393
0.9364
0.936406
0.936412
0.936418
0.936424
0.93643
0.936436
0.936442
0.936448
0.936454
0.93646
0.936465
0.936471
0.936477
0.936483
0.936489
0.936495
0.936501
0.936506
0.936512
0.936518
0.936524
0.936529
0.936535
0.936541
0.936546
0.936552
0.936558
0.936563
0.936569
0.936574
0.93658
0.936586
0.936591
0.936597
0.936602
0.936608
0.936613
0.936619
0.936624
0.93663
0.936635
0.93664
0.936646
0.936651
0.936657
0.936662
0.936667
0.936673
0.936678
0.936683
0.936688
0.936694
0.936699
0.936704
0.936709
0.936715
0.93672
0.936725
0.93673
0.936735
0.93674
0.936745
0.936751
0.936756
0.936761
0.936766
0.936771
0.936776
0.936781
0.936786
0.936791
0.936796
0.936801
0.936806
0.936811
0.936816
0.93682
0.936825
0.93683
0.936835
0.93684
0.936845
0.93685
0.936854
0.936859
0.936864
0.936869
0.936874
0.936878
0.936883
0.936888
0.936892
0.936897
0.936902
0.936907
0.936911
0.936916
0.93692
0.936925
0.93693
0.936934
0.936939
0.936943
0.936948
0.936953
0.936957
0.936962
0.936966
0.936971
0.936975
0.93698
0.936984
0.936989
0.936993
0.936997
0.937002
0.937006
0.937011
0.937015
0.937019
0.937024
0.937028
0.937032
0.937037
0.937041
0.937045
0.93705
0.937054
0.937058
0.937062
0.937067
0.937071
0.937075
0.937079
0.937083
0.937088
0.937092
0.937096
0.9371
0.937104
0.937108
0.937113
0.937117
0.937121
0.937125
0.937129
0.937133
0.937137
0.937141
0.937145
0.937149
0.937153
0.937157
0.937161
0.937165
0.937169
0.937173
0.937177
0.937181
0.937185
0.937189
0.937193
0.937197
0.9372
0.937204
0.937208
0.937212
0.937216
0.93722
0.937224
0.937227
0.937231
0.937235
0.937239
0.937243
0.937246
0.93725
0.937254
0.937258
0.937261
0.937265
0.937269
0.937272
0.937276
0.93728
0.937283
0.937287
0.937291
0.937294
0.937298
0.937302
0.937305
0.937309
0.937313
0.937316
0.93732
0.937323
0.937327
0.93733
0.937334
0.937337
0.937341
0.937344
0.937348
0.937351
0.937355
0.937358
0.937362
0.937365
0.937369
0.937372
0.937376
0.937379
0.937383
0.937386
0.937389
0.937393
0.937396
0.9374
0.937403
0.937406
0.93741
0.937413
0.937416
0.93742
0.937423
0.937426
0.93743
0.937433
0.937436
0.937439
0.937443
0.937446
0.937449
0.937452
0.937456
0.937459
0.937462
0.937465
0.937469
0.937472
0.937475
0.937478
0.937481
0.937484
0.937488
0.937491
0.937494
0.937497
0.9375
0.937503
0.937506
0.937509
0.937513
0.937516
0.937519
0.937522
0.937525
0.937528
0.937531
0.937534
0.937537
0.93754
0.937543
0.937546
0.937549
0.937552
0.937555
0.937558
0.937561
0.937564
0.937567
0.93757
0.937573
0.937576
0.937579
0.937582
0.937585
0.937588
0.93759
0.937593
0.937596
0.937599
0.937602
0.937605
0.937608
0.937611
0.937613
0.937616
0.937619
0.937622
0.937625
0.937628
0.93763
0.937633
0.937636
0.937639
0.937641
0.937644
0.937647
0.93765
0.937653
0.937655
0.937658
0.937661
0.937663
0.937666
0.937669
0.937672
0.937674
0.937677
0.93768
0.937682
0.937685
0.937688
0.93769
0.937693
0.937696
0.937698
0.937701
0.937704
0.937706
0.937709
0.937711
0.937714
0.937717
0.937719
0.937722
0.937724
0.937727
0.93773
0.937732
0.937735
0.937737
0.93774
0.937742
0.937745
0.937747
0.93775
0.937752
0.937755
0.937757
0.93776
0.937762
0.937765
0.937767
0.93777
0.937772
0.937775
0.937777
0.93778
0.937782
0.937785
0.937787
0.937789
0.937792
0.937794
0.937797
0.937799
0.937801
0.937804
0.937806
0.937809
0.937811
0.937813
0.937816
0.937818
0.93782
0.937823
0.937825
0.937827
0.93783
0.937832
0.937834
0.937837
0.937839
0.937841
0.937844
0.937846
0.937848
0.937851
0.937853
0.937855
0.937857
0.93786
0.937862
0.937864
0.937866
0.937869
0.937871
0.937873
0.937875
0.937878
0.93788
0.937882
0.937884
0.937886
0.937889
0.937891
0.937893
0.937895
0.937897
0.9379
0.937902
0.937904
0.937906
0.937908
0.93791
0.937912
0.937915
0.937917
0.937919
0.937921
0.937923
0.937925
0.937927
0.937929
0.937932
0.937934
0.937936
0.937938
0.93794
0.937942
0.937944
0.937946
0.937948
0.93795
0.937952
0.937954
0.937956
0.937958
0.93796
0.937962
0.937964
0.937966
0.937969
0.937971
0.937973
0.937975
0.937977
0.937979
0.937981
0.937982
0.937984
0.937986
0.937988
0.93799
0.937992
0.937994
0.937996
0.937998
0.938
0.938002
0.938004
0.938006
0.938008
0.93801
0.938012
0.938014
0.938016
0.938017
0.938019
0.938021
0.938023
0.938025
0.938027
0.938029
0.938031
0.938033
0.938034
0.938036
0.938038
0.93804
0.938042
0.938044
0.938046
0.938047
0.938049
0.938051
0.938053
0.938055
0.938057
0.938058
0.93806
0.938062
0.938064
0.938066
0.938067
0.938069
0.938071
0.938073
0.938075
0.938076
0.938078
0.93808
0.938082
0.938083
0.938085
0.938087
0.938089
0.93809
0.938092
0.938094
0.938096
0.938097
0.938099
0.938101
0.938102
0.938104
0.938106
0.938108
0.938109
0.938111
0.938113
0.938114
0.938116
0.938118
0.938119
0.938121
0.938123
0.938124
0.938126
0.938128
0.938129
0.938131
0.938133
0.938134
0.938136
0.938138
0.938139
0.938141
0.938143
0.938144
0.938146
0.938148
0.938149
0.938151
0.938152
0.938154
0.938156
0.938157
0.938159
0.93816
0.938162
0.938164
0.938165
0.938167
0.938168
0.93817
0.938171
0.938173
0.938175
0.938176
0.938178
0.938179
0.938181
0.938182
0.938184
0.938185
0.938187
0.938188
0.93819
0.938192
0.938193
0.938195
0.938196
0.938198
0.938199
0.938201
0.938202
0.938204
0.938205
0.938207
0.938208
0.93821
0.938211
0.938213
0.938214
0.938216
0.938217
0.938219
0.93822
0.938221
0.938223
0.938224
0.938226
0.938227
0.938229
0.93823
0.938232
0.938233
0.938234
0.938236
0.938237
0.938239
0.93824
0.938242
0.938243
0.938244
0.938246
0.938247
0.938249
0.93825
0.938252
0.938253
0.938254
0.938256
0.938257
0.938258
0.93826
0.938261
0.938263
0.938264
0.938265
0.938267
0.938268
0.938269
0.938271
0.938272
0.938274
0.938275
0.938276
0.938278
0.938279
0.93828
0.938282
0.938283
0.938284
0.938286
0.938287
0.938288
0.93829
0.938291
0.938292
0.938294
0.938295
0.938296
0.938297
0.938299
0.9383
0.938301
0.938303
0.938304
0.938305
0.938307
0.938308
0.938309
0.93831
0.938312
0.938313
0.938314
0.938315
0.938317
0.938318
0.938319
0.938321
0.938322
0.938323
0.938324
0.938326
0.938327
0.938328
0.938329
0.938331
0.938332
0.938333
0.938334
0.938335
0.938337
0.938338
0.938339
0.93834
0.938342
0.938343
0.938344
0.938345
0.938346
0.938348
0.938349
0.93835
0.938351
0.938352
0.938354
0.938355
0.938356
0.938357
0.938358
0.93836
0.938361
0.938362
0.938363
0.938364
0.938365
0.938367
0.938368
0.938369
0.93837
0.938371
0.938372
0.938374
0.938375
0.938376
0.938377
0.938378
0.938379
0.93838
0.938382
0.938383
0.938384
0.938385
0.938386
0.938387
0.938388
0.938389
0.938391
0.938392
0.938393
0.938394
0.938395
0.938396
0.938397
0.938398
0.938399
0.9384
0.938402
0.938403
0.938404
0.938405
0.938406
0.938407
0.938408
0.938409
0.93841
0.938411
0.938412
0.938413
0.938415
0.938416
0.938417
0.938418
0.938419
0.93842
0.938421
0.938422
0.938423
0.938424
0.938425
0.938426
0.938427
0.938428
0.938429
0.93843
0.938431
0.938432
0.938433
0.938434
0.938436
0.938437
0.938438
0.938439
0.93844
0.938441
0.938442
0.938443
0.938444
0.938445
0.938446
0.938447
0.938448
0.938449
0.93845
0.938451
0.938452
0.938453
0.938454
0.938455
0.938456
0.938457
0.938458
0.938459
0.93846
0.938461
0.938462
0.938463
0.938464
0.938464
0.938465
0.938466
0.938467
0.938468
0.938469
0.93847
0.938471
0.938472
0.938473
0.938474
0.938475
0.938476
0.938477
0.938478
0.938479
0.93848
0.938481
0.938482
0.938483
0.938484
0.938484
0.938485
0.938486
0.938487
0.938488
0.938489
0.93849
0.938491
0.938492
0.938493
0.938494
0.938495
0.938496
0.938496
0.938497
0.938498
0.938499
0.9385
0.938501
0.938502
0.938503
0.938504
0.938505
0.938505
0.938506
0.938507
0.938508
0.938509
0.93851
0.938511
0.938512
0.938513
0.938513
0.938514
0.938515
0.938516
0.938517
0.938518
0.938519
0.938519
0.93852
0.938521
0.938522
0.938523
0.938524
0.938525
0.938526
0.938526
0.938527
0.938528
0.938529
0.93853
0.938531
0.938531
0.938532
0.938533
0.938534
0.938535
0.938536
0.938536
0.938537
0.938538
0.938539
0.93854
0.938541
0.938541
0.938542
0.938543
0.938544
0.938545
0.938546
0.938546
0.938547
0.938548
0.938549
0.93855
0.93855
0.938551
0.938552
0.938553
0.938554
0.938554
0.938555
0.938556
0.938557
0.938558
0.938558
0.938559
0.93856
0.938561
0.938562
0.938562
0.938563
0.938564
0.938565
0.938565
0.938566
0.938567
0.938568
0.938569
0.938569
0.93857
0.938571
0.938572
0.938572
0.938573
0.938574
0.938575
0.938575
0.938576
0.938577
0.938578
0.938578
0.938579
0.93858
0.938581
0.938581
0.938582
0.938583
0.938584
0.938584
0.938585
0.938586
0.938587
0.938587
0.938588
0.938589
0.93859
0.93859
0.938591
0.938592
0.938593
0.938593
0.938594
0.938595
0.938595
0.938596
0.938597
0.938598
0.938598
0.938599
0.9386
0.9386
0.938601
0.938602
0.938603
0.938603
0.938604
0.938605
0.938605
0.938606
0.938607
0.938608
0.938608
0.938609
0.93861
0.93861
0.938611
0.938612
0.938612
0.938613
0.938614
0.938614
0.938615
0.938616
0.938617
0.938617
0.938618
0.938619
0.938619
0.93862
0.938621
0.938621
0.938622
0.938623
0.938623
0.938624
0.938625
0.938625
0.938626
0.938627
0.938627
0.938628
0.938629
0.938629
0.93863
0.938631
0.938631
0.938632
0.938633
0.938633
0.938634
0.938635
0.938635
0.938636
0.938636
0.938637
0.938638
0.938638
0.938639
0.93864
0.93864
0.938641
0.938642
0.938642
0.938643
0.938643
0.938644
0.938645
0.938645
0.938646
0.938647
0.938647
0.938648
0.938649
0.938649
0.93865
0.93865
0.938651
0.938652
0.938652
0.938653
0.938653
0.938654
0.938655
0.938655
0.938656
0.938657
0.938657
0.938658
0.938658
0.938659
0.93866
0.93866
0.938661
0.938661
0.938662
0.938663
0.938663
0.938664
0.938664
0.938665
0.938666
0.938666
0.938667
0.938667
0.938668
0.938669
0.938669
0.93867
0.93867
0.938671
0.938671
0.938672
0.938673
0.938673
0.938674
0.938674
0.938675
0.938676
0.938676
0.938677
0.938677
0.938678
0.938678
0.938679
0.93868
0.93868
0.938681
0.938681
0.938682
0.938682
0.938683
0.938683
0.938684
0.938685
0.938685
0.938686
0.938686
0.938687
0.938687
0.938688
0.938688
0.938689
0.93869
0.93869
0.938691
0.938691
0.938692
0.938692
0.938693
0.938693
0.938694
0.938695
0.938695
0.938696
0.938696
0.938697
0.938697
0.938698
0.938698
0.938699
0.938699
0.9387
0.9387
0.938701
0.938701
0.938702
0.938703
0.938703
0.938704
0.938704
0.938705
0.938705
0.938706
0.938706
0.938707
0.938707
0.938708
0.938708
0.938709
0.938709
0.93871
0.93871
0.938711
0.938711
0.938712
0.938712
0.938713
0.938713
0.938714
0.938714
0.938715
0.938715
0.938716
0.938716
0.938717
0.938717
0.938718
0.938718
0.938719
0.938719
0.93872
0.93872
0.938721
0.938721
0.938722
0.938722
0.938723
0.938723
0.938724
0.938724
0.938725
0.938725
0.938726
0.938726
0.938727
0.938727
0.938728
0.938728
0.938729
0.938729
0.93873
0.93873
0.938731
0.938731
0.938732
0.938732
0.938733
0.938733
0.938734
0.938734
0.938734
0.938735
0.938735
0.938736
0.938736
0.938737
0.938737
0.938738
0.938738
0.938739
0.938739
0.93874
0.93874
0.938741
0.938741
0.938741
0.938742
0.938742
0.938743
0.938743
0.938744
0.938744
0.938745
0.938745
0.938746
0.938746
0.938746
0.938747
0.938747
0.938748
0.938748
0.938749
0.938749
0.93875
0.93875
0.93875
0.938751
0.938751
0.938752
0.938752
0.938753
0.938753
0.938754
0.938754
0.938754
0.938755
0.938755
0.938756
0.938756
0.938757
0.938757
0.938757
0.938758
0.938758
0.938759
0.938759
0.93876
0.93876
0.93876
0.938761
0.938761
0.938762
0.938762
0.938763
0.938763
0.938763
0.938764
0.938764
0.938765
0.938765
0.938766
0.938766
0.938766
0.938767
0.938767
0.938768
0.938768
0.938768
0.938769
0.938769
0.93877
0.93877
0.93877
0.938771
0.938771
0.938772
0.938772
0.938773
0.938773
0.938773
0.938774
0.938774
0.938775
0.938775
0.938775
0.938776
0.938776
0.938777
0.938777
0.938777
0.938778
0.938778
0.938779
0.938779
0.938779
0.93878
0.93878
0.938781
0.938781
0.938781
0.938782
0.938782
0.938782
0.938783
0.938783
0.938784
0.938784
0.938784
0.938785
0.938785
0.938786
0.938786
0.938786
0.938787
0.938787
0.938787
0.938788
0.938788
0.938789
0.938789
0.938789
0.93879
0.93879
0.93879
0.938791
0.938791
0.938792
0.938792
0.938792
0.938793
0.938793
0.938793
0.938794
0.938794
0.938795
0.938795
0.938795
0.938796
0.938796
0.938796
0.938797
0.938797
0.938797
0.938798
0.938798
0.938799
0.938799
0.938799
0.9388
0.9388
0.9388
0.938801
0.938801
0.938801
0.938802
0.938802
0.938802
0.938803
0.938803
0.938804
0.938804
0.938804
0.938805
0.938805
0.938805
0.938806
0.938806
0.938806
0.938807
0.938807
0.938807
0.938808
0.938808
0.938808
0.938809
0.938809
0.938809
0.93881
0.93881
0.93881
0.938811
0.938811
0.938811
0.938812
0.938812
0.938813
0.938813
0.938813
0.938814
0.938814
0.938814
0.938815
0.938815
0.938815
0.938816
0.938816
0.938816
0.938817
0.938817
0.938817
0.938818
0.938818
0.938818
0.938818
0.938819
0.938819
0.938819
0.93882
0.93882
0.93882
0.938821
0.938821
0.938821
0.938822
0.938822
0.938822
0.938823
0.938823
0.938823
0.938824
0.938824
0.938824
0.938825
0.938825
0.938825
0.938826
0.938826
0.938826
0.938827
0.938827
0.938827
0.938827
0.938828
0.938828
0.938828
0.938829
0.938829
0.938829
0.93883
0.93883
0.93883
0.938831
0.938831
0.938831
0.938831
0.938832
0.938832
0.938832
0.938833
0.938833
0.938833
0.938834
0.938834
0.938834
0.938834
0.938835
0.938835
0.938835
0.938836
0.938836
0.938836
0.938837
0.938837
0.938837
0.938837
0.938838
0.938838
0.938838
0.938839
0.938839
0.938839
0.93884
0.93884
0.93884
0.93884
0.938841
0.938841
0.938841
0.938842
0.938842
0.938842
0.938842
0.938843
0.938843
0.938843
0.938844
0.938844
0.938844
0.938844
0.938845
0.938845
0.938845
0.938846
0.938846
0.938846
0.938846
0.938847
0.938847
0.938847
0.938848
0.938848
0.938848
0.938848
0.938849
0.938849
0.938849
0.938849
0.93885
0.93885
0.93885
0.938851
0.938851
0.938851
0.938851
0.938852
0.938852
0.938852
0.938852
0.938853
0.938853
0.938853
0.938854
0.938854
0.938854
0.938854
0.938855
0.938855
0.938855
0.938855
0.938856
0.938856
0.938856
0.938856
0.938857
0.938857
0.938857
0.938858
0.938858
0.938858
0.938858
0.938859
0.938859
0.938859
0.938859
0.93886
0.93886
0.93886
0.93886
0.938861
0.938861
0.938861
0.938861
0.938862
0.938862
0.938862
0.938862
0.938863
0.938863
0.938863
0.938863
0.938864
0.938864
0.938864
0.938864
0.938865
0.938865
0.938865
0.938865
0.938866
0.938866
0.938866
0.938866
0.938867
0.938867
0.938867
0.938867
0.938868
0.938868
0.938868
0.938868
0.938869
0.938869
0.938869
0.938869
0.93887
0.93887
0.93887
0.93887
0.938871
0.938871
0.938871
0.938871
0.938872
0.938872
0.938872
0.938872
0.938873
0.938873
0.938873
0.938873
0.938873
0.938874
0.938874
0.938874
0.938874
0.938875
0.938875
0.938875
0.938875
0.938876
0.938876
0.938876
0.938876
0.938876
0.938877
0.938877
0.938877
0.938877
0.938878
0.938878
0.938878
0.938878
0.938879
0.938879
0.938879
0.938879
0.938879
0.93888
0.93888
0.93888
0.93888
0.938881
0.938881
0.938881
0.938881
0.938881
0.938882
0.938882
0.938882
0.938882
0.938883
0.938883
0.938883
0.938883
0.938883
0.938884
0.938884
0.938884
0.938884
0.938885
0.938885
0.938885
0.938885
0.938885
0.938886
0.938886
0.938886
0.938886
0.938887
0.938887
0.938887
0.938887
0.938887
0.938888
0.938888
0.938888
0.938888
0.938888
0.938889
0.938889
0.938889
0.938889
0.93889
0.93889
0.93889
0.93889
0.93889
0.938891
0.938891
0.938891
0.938891
0.938891
0.938892
0.938892
0.938892
0.938892
0.938892
0.938893
0.938893
0.938893
0.938893
0.938893
0.938894
0.938894
0.938894
0.938894
0.938894
0.938895
0.938895
0.938895
0.938895
0.938895
0.938896
0.938896
0.938896
0.938896
0.938896
0.938897
0.938897
0.938897
0.938897
0.938897
0.938898
0.938898
0.938898
0.938898
0.938898
0.938899
0.938899
0.938899
0.938899
0.938899
0.9389
0.9389
0.9389
0.9389
0.9389
0.938901
0.938901
0.938901
0.938901
0.938901
0.938902
0.938902
0.938902
0.938902
0.938902
0.938902
0.938903
0.938903
0.938903
0.938903
0.938903
0.938904
0.938904
0.938904
0.938904
0.938904
0.938905
0.938905
0.938905
0.938905
0.938905
0.938905
0.938906
0.938906
0.938906
0.938906
0.938906
0.938907
0.938907
0.938907
0.938907
0.938907
0.938907
0.938908
0.938908
0.938908
0.938908
0.938908
0.938909
0.938909
0.938909
0.938909
0.938909
0.938909
0.93891
0.93891
0.93891
0.93891
0.93891
0.938911
0.938911
0.938911
0.938911
0.938911
0.938911
0.938912
0.938912
0.938912
0.938912
0.938912
0.938912
0.938913
0.938913
0.938913
0.938913
0.938913
0.938913
0.938914
0.938914
0.938914
0.938914
0.938914
0.938915
0.938915
0.938915
0.938915
0.938915
0.938915
0.938916
0.938916
0.938916
0.938916
0.938916
0.938916
0.938917
0.938917
0.938917
0.938917
0.938917
0.938917
0.938918
0.938918
0.938918
0.938918
0.938918
0.938918
0.938919
0.938919
0.938919
0.938919
0.938919
0.938919
0.938919
0.93892
0.93892
0.93892
0.93892
0.93892
0.93892
0.938921
0.938921
0.938921
0.938921
0.938921
0.938921
0.938922
0.938922
0.938922
0.938922
0.938922
0.938922
0.938923
0.938923
0.938923
0.938923
0.938923
0.938923
0.938923
0.938924
0.938924
0.938924
0.938924
0.938924
0.938924
0.938925
0.938925
0.938925
0.938925
0.938925
0.938925
0.938925
0.938926
0.938926
0.938926
0.938926
0.938926
0.938926
0.938927
0.938927
0.938927
0.938927
0.938927
0.938927
0.938927
0.938928
0.938928
0.938928
0.938928
0.938928
0.938928
0.938928
0.938929
0.938929
0.938929
0.938929
0.938929
0.938929
0.93893
0.93893
0.93893
0.93893
0.93893
0.93893
0.93893
0.938931
0.938931
0.938931
0.938931
0.938931
0.938931
0.938931
0.938932
0.938932
0.938932
0.938932
0.938932
0.938932
0.938932
0.938933
0.938933
0.938933
0.938933
0.938933
0.938933
0.938933
0.938934
0.938934
0.938934
0.938934
0.938934
0.938934
0.938934
0.938934
0.938935
0.938935
0.938935
0.938935
0.938935
0.938935
0.938935
0.938936
0.938936
0.938936
0.938936
0.938936
0.938936
0.938936
0.938937
0.938937
0.938937
0.938937
0.938937
0.938937
0.938937
0.938937
0.938938
0.938938
0.938938
0.938938
0.938938
0.938938
0.938938
0.938939
0.938939
0.938939
0.938939
0.938939
0.938939
0.938939
0.938939
0.93894
0.93894
0.93894
0.93894
0.93894
0.93894
0.93894
0.938941
0.938941
0.938941
0.938941
0.938941
0.938941
0.938941
0.938941
0.938942
0.938942
0.938942
0.938942
0.938942
0.938942
0.938942
0.938942
0.938943
0.938943
0.938943
0.938943
0.938943
0.938943
0.938943
0.938943
0.938944
0.938944
0.938944
0.938944
0.938944
0.938944
0.938944
0.938944
0.938945
0.938945
0.938945
0.938945
0.938945
0.938945
0.938945
0.938945
0.938946
0.938946
0.938946
0.938946
0.938946
0.938946
0.938946
0.938946
0.938946
0.938947
0.938947
0.938947
0.938947
0.938947
0.938947
0.938947
0.938947
0.938948
0.938948
0.938948
0.938948
0.938948
0.938948
0.938948
0.938948
0.938948
0.938949
0.938949
0.938949
0.938949
0.938949
0.938949
0.938949
0.938949
0.93895
0.93895
0.93895
0.93895
0.93895
0.93895
0.93895
0.93895
0.93895
0.938951
0.938951
0.938951
0.938951
0.938951
0.938951
0.938951
0.938951
0.938951
0.938952
0.938952
0.938952
0.938952
0.938952
0.938952
0.938952
0.938952
0.938952
0.938953
0.938953
0.938953
0.938953
0.938953
0.938953
0.938953
0.938953
0.938953
0.938954
0.938954
0.938954
0.938954
0.938954
0.938954
0.938954
0.938954
0.938954
0.938955
0.938955
0.938955
0.938955
0.938955
0.938955
0.938955
0.938955
0.938955
0.938955
0.938956
0.938956
0.938956
0.938956
0.938956
0.938956
0.938956
0.938956
0.938956
0.938957
0.938957
0.938957
0.938957
0.938957
0.938957
0.938957
0.938957
0.938957
0.938957
0.938958
0.938958
0.938958
0.938958
0.938958
0.938958
0.938958
0.938958
0.938958
0.938958
0.938959
0.938959
0.938959
0.938959
0.938959
0.938959
0.938959
0.938959
0.938959
0.938959
0.93896
0.93896
0.93896
0.93896
0.93896
0.93896
0.93896
0.93896
0.93896
0.93896
0.938961
0.938961
0.938961
0.938961
0.938961
0.938961
0.938961
0.938961
0.938961
0.938961
0.938962
0.938962
0.938962
0.938962
0.938962
0.938962
0.938962
0.938962
0.938962
0.938962
0.938963
0.938963
0.938963
0.938963
0.938963
0.938963
0.938963
0.938963
0.938963
0.938963
0.938963
0.938964
0.938964
0.938964
0.938964
0.938964
0.938964
0.938964
0.938964
0.938964
0.938964
0.938964
0.938965
0.938965
0.938965
0.938965
0.938965
0.938965
0.938965
0.938965
0.938965
0.938965
0.938965
0.938966
0.938966
0.938966
0.938966
0.938966
0.938966
0.938966
0.938966
0.938966
0.938966
0.938966
0.938967
0.938967
0.938967
0.938967
0.938967
0.938967
0.938967
0.938967
0.938967
0.938967
0.938967
0.938968
0.938968
0.938968
0.938968
0.938968
0.938968
0.938968
0.938968
0.938968
0.938968
0.938968
0.938968
0.938969
0.938969
0.938969
0.938969
0.938969
0.938969
0.938969
0.938969
0.938969
0.938969
0.938969
0.938969
0.93897
0.93897
0.93897
0.93897
0.93897
0.93897
0.93897
0.93897
0.93897
0.93897
0.93897
0.93897
0.938971
0.938971
0.938971
0.938971
0.938971
0.938971
0.938971
0.938971
0.938971
0.938971
0.938971
0.938971
0.938972
0.938972
0.938972
0.938972
0.938972
0.938972
0.938972
0.938972
0.938972
0.938972
0.938972
0.938972
0.938973
0.938973
0.938973
0.938973
0.938973
0.938973
0.938973
0.938973
0.938973
0.938973
0.938973
0.938973
0.938973
0.938974
0.938974
0.938974
0.938974
0.938974
0.938974
0.938974
0.938974
0.938974
0.938974
0.938974
0.938974
0.938974
0.938975
0.938975
0.938975
0.938975
0.938975
0.938975
0.938975
0.938975
0.938975
0.938975
0.938975
0.938975
0.938975
0.938976
0.938976
0.938976
0.938976
0.938976
0.938976
0.938976
0.938976
0.938976
0.938976
0.938976
0.938976
0.938976
0.938977
0.938977
0.938977
0.938977
0.938977
0.938977
0.938977
0.938977
0.938977
0.938977
0.938977
0.938977
0.938977
0.938977
0.938978
0.938978
0.938978
0.938978
0.938978
0.938978
0.938978
0.938978
0.938978
0.938978
0.938978
0.938978
0.938978
0.938978
0.938979
0.938979
0.938979
0.938979
0.938979
0.938979
0.938979
0.938979
0.938979
0.938979
0.938979
0.938979
0.938979
0.938979
0.938979
0.93898
0.93898
0.93898
0.93898
0.93898
0.93898
0.93898
0.93898
0.93898
0.93898
0.93898
0.93898
0.93898
0.93898
0.938981
0.938981
0.938981
0.938981
0.938981
0.938981
0.938981
0.938981
0.938981
0.938981
0.938981
0.938981
0.938981
0.938981
0.938981
0.938982
0.938982
0.938982
0.938982
0.938982
0.938982
0.938982
0.938982
0.938982
0.938982
0.938982
0.938982
0.938982
0.938982
0.938982
0.938983
0.938983
0.938983
0.938983
0.938983
0.938983
0.938983
0.938983
0.938983
0.938983
0.938983
0.938983
0.938983
0.938983
0.938983
0.938983
0.938984
0.938984
0.938984
0.938984
0.938984
0.938984
0.938984
0.938984
0.938984
0.938984
0.938984
0.938984
0.938984
0.938984
0.938984
0.938984
0.938985
0.938985
0.938985
0.938985
0.938985
0.938985
0.938985
0.938985
0.938985
0.938985
0.938985
0.938985
0.938985
0.938985
0.938985
0.938985
0.938985
0.938986
0.938986
0.938986
0.938986
0.938986
0.938986
0.938986
0.938986
0.938986
0.938986
0.938986
0.938986
0.938986
0.938986
0.938986
0.938986
0.938986
0.938987
0.938987
0.938987
0.938987
0.938987
0.938987
0.938987
0.938987
0.938987
0.938987
0.938987
0.938987
0.938987
0.938987
0.938987
0.938987
0.938987
0.938988
0.938988
0.938988
0.938988
0.938988
0.938988
0.938988
0.938988
0.938988
0.938988
0.938988
0.938988
0.938988
0.938988
0.938988
0.938988
0.938988
0.938988
0.938989
0.938989
0.938989
0.938989
0.938989
0.938989
0.938989
0.938989
0.938989
0.938989
0.938989
0.938989
0.938989
0.938989
0.938989
0.938989
0.938989
0.938989
0.93899
0.93899
0.93899
0.93899
0.93899
0.93899
0.93899
0.93899
0.93899
0.93899
0.93899
0.93899
0.93899
0.93899
0.93899
0.93899
0.93899
0.93899
0.93899
0.938991
0.938991
0.938991
0.938991
0.938991
0.938991
0.938991
0.938991
0.938991
0.938991
0.938991
0.938991
0.938991
0.938991
0.938991
0.938991
0.938991
0.938991
0.938991
0.938992
0.938992
0.938992
0.938992
0.938992
0.938992
0.938992
0.938992
0.938992
0.938992
0.938992
0.938992
0.938992
0.938992
0.938992
0.938992
0.938992
0.938992
0.938992
0.938992
0.938993
0.938993
0.938993
0.938993
0.938993
0.938993
0.938993
0.938993
0.938993
0.938993
0.938993
0.938993
0.938993
0.938993
0.938993
0.938993
0.938993
0.938993
0.938993
0.938993
0.938994
0.938994
0.938994
0.938994
0.938994
0.938994
0.938994
0.938994
0.938994
0.938994
0.938994
0.938994
0.938994
0.938994
0.938994
0.938994
0.938994
0.938994
0.938994
0.938994
0.938994
0.938995
0.938995
0.938995
0.938995
0.938995
0.938995
0.938995
0.938995
0.938995
0.938995
0.938995
0.938995
0.938995
0.938995
0.938995
0.938995
0.938995
0.938995
0.938995
0.938995
0.938995
0.938995
0.938996
0.938996
0.938996
0.938996
0.938996
0.938996
0.938996
0.938996
0.938996
0.938996
0.938996
0.938996
0.938996
0.938996
0.938996
0.938996
0.938996
0.938996
0.938996
0.938996
0.938996
0.938996
0.938996
0.938997
0.938997
0.938997
0.938997
0.938997
0.938997
0.938997
0.938997
0.938997
0.938997
0.938997
0.938997
0.938997
0.938997
0.938997
0.938997
0.938997
0.938997
0.938997
0.938997
0.938997
0.938997
0.938997
0.938998
0.938998
0.938998
0.938998
0.938998
0.938998
0.938998
0.938998
0.938998
0.938998
0.938998
0.938998
0.938998
0.938998
0.938998
0.938998
0.938998
0.938998
0.938998
0.938998
0.938998
0.938998
0.938998
0.938998
0.938999
0.938999
0.938999
0.938999
0.938999
0.938999
0.938999
0.938999
0.938999
0.938999
0.938999
0.938999
0.938999
0.938999
0.938999
0.938999
0.938999
0.938999
0.938999
0.938999
0.938999
0.938999
0.938999
0.938999
0.938999
0.939
0.939
0.939
0.939
0.939
0.939
0.939
0.939
0.939
0.939
0.939
0.939
0.939
0.939
0.939
0.939
0.939
0.939
0.939
0.939
0.939
0.939
0.939
0.939
0.939
0.939
0.939001
0.939001
0.939001
0.939001
0.939001
0.939001
0.939001
0.939001
0.939001
0.939001
0.939001
0.939001
0.939001
0.939001
0.939001
0.939001
0.939001
0.939001
0.939001
0.939001
0.939001
0.939001
0.939001
0.939001
0.939001
0.939001
0.939001
0.939001
0.939002
0.939002
0.939002
0.939002
0.939002
0.939002
0.939002
0.939002
0.939002
0.939002
0.939002
0.939002
0.939002
0.939002
0.939002
0.939002
0.939002
0.939002
0.939002
0.939002
0.939002
0.939002
0.939002
0.939002
0.939002
0.939002
0.939002
0.939002
0.939003
0.939003
0.939003
0.939003
0.939003
0.939003
0.939003
0.939003
0.939003
0.939003
0.939003
0.939003
0.939003
0.939003
0.939003
0.939003
0.939003
0.939003
0.939003
0.939003
0.939003
0.939003
0.939003
0.939003
0.939003
0.939003
0.939003
0.939003
0.939003
0.939004
0.939004
0.939004
0.939004
0.939004
0.939004
0.939004
0.939004
0.939004
0.939004
0.939004
0.939004
0.939004
0.939004
0.939004
0.939004
0.939004
0.939004
0.939004
0.939004
0.939004
0.939004
0.939004
0.939004
0.939004
0.939004
0.939004
0.939004
0.939004
0.939004
0.939004
0.939005
0.939005
0.939005
0.939005
0.939005
0.939005
0.939005
0.939005
0.939005
0.939005
0.939005
0.939005
0.939005
0.939005
0.939005
0.939005
0.939005
0.939005
0.939005
0.939005
0.939005
0.939005
0.939005
0.939005
0.939005
0.939005
0.939005
0.939005
0.939005
0.939005
0.939005
0.939005
0.939006
0.939006
0.939006
0.939006
0.939006
0.939006
0.939006
0.939006
0.939006
0.939006
0.939006
0.939006
0.939006
0.939006
0.939006
0.939006
0.939006
0.939006
0.939006
0.939006
0.939006
0.939006
0.939006
0.939006
0.939006
0.939006
0.939006
0.939006
0.939006
0.939006
0.939006
0.939006
0.939006
0.939006
0.939007
0.939007
0.939007
0.939007
0.939007
0.939007
0.939007
0.939007
0.939007
0.939007
0.939007
0.939007
0.939007
0.939007
0.939007
0.939007
0.939007
0.939007
0.939007
0.939007
0.939007
0.939007
0.939007
0.939007
0.939007
0.939007
0.939007
0.939007
0.939007
0.939007
0.939007
0.939007
0.939007
0.939007
0.939007
0.939007
0.939008
0.939008
0.939008
0.939008
0.939008
0.939008
0.939008
0.939008
0.939008
0.939008
0.939008
0.939008
0.939008
0.939008
0.939008
0.939008
0.939008
0.939008
0.939008
0.939008
0.939008
0.939008
0.939008
0.939008
0.939008
0.939008
0.939008
0.939008
0.939008
0.939008
0.939008
0.939008
0.939008
0.939008
0.939008
0.939008
0.939008
0.939009
0.939009
0.939009
0.939009
0.939009
0.939009
0.939009
0.939009
0.939009
0.939009
0.939009
0.939009
0.939009
0.939009
0.939009
0.939009
0.939009
0.939009
0.939009
0.939009
0.939009
0.939009
0.939009
0.939009
0.939009
0.939009
0.939009
0.939009
0.939009
0.939009
0.939009
0.939009
0.939009
0.939009
0.939009
0.939009
0.939009
0.939009
0.939009
0.939009
0.93901
0.93901
0.93901
0.93901
0.93901
0.93901
0.93901
0.93901
0.93901
0.93901
0.93901
0.93901
0.93901
0.93901
0.93901
0.93901
0.93901
0.93901
0.93901
0.93901
0.93901
0.93901
0.93901
0.93901
0.93901
0.93901
0.93901
0.93901
0.93901
0.93901
0.93901
0.93901
0.93901
0.93901
0.93901
0.93901
0.93901
0.93901
0.93901
0.93901
0.93901
0.93901
0.939011
0.939011
0.939011
0.939011
0.939011
0.939011
0.939011
0.939011
0.939011
0.939011
0.939011
0.939011
0.939011
0.939011
0.939011
0.939011
0.939011
0.939011
0.939011
0.939011
0.939011
0.939011
0.939011
0.939011
0.939011
0.939011
0.939011
0.939011
0.939011
0.939011
0.939011
0.939011
0.939011
0.939011
0.939011
0.939011
0.939011
0.939011
0.939011
0.939011
0.939011
0.939011
0.939011
0.939011
0.939011
0.939012
0.939012
0.939012
0.939012
0.939012
0.939012
0.939012
0.939012
0.939012
0.939012
0.939012
0.939012
0.939012
0.939012
0.939012
0.939012
0.939012
0.939012
0.939012
0.939012
0.939012
0.939012
0.939012
0.939012
0.939012
0.939012
0.939012
0.939012
0.939012
0.939012
0.939012
0.939012
0.939012
0.939012
0.939012
0.939012
0.939012
0.939012
0.939012
0.939012
0.939012
0.939012
0.939012
0.939012
0.939012
0.939012
0.939012
0.939012
0.939013
0.939013
0.939013
0.939013
0.939013
0.939013
0.939013
0.939013
0.939013
0.939013
0.939013
0.939013
0.939013
0.939013
0.939013
0.939013
0.939013
0.939013
0.939013
0.939013
0.939013
0.939013
0.939013
0.939013
0.939013
0.939013
0.939013
0.939013
0.939013
0.939013
0.939013
0.939013
0.939013
0.939013
0.939013
0.939013
0.939013
0.939013
0.939013
0.939013
0.939013
0.939013
0.939013
0.939013
0.939013
0.939013
0.939013
0.939013
0.939013
0.939013
0.939013
0.939014
0.939014
0.939014
0.939014
0.939014
0.939014
0.939014
0.939014
0.939014
0.939014
0.939014
0.939014
0.939014
0.939014
0.939014
0.939014
0.939014
0.939014
0.939014
0.939014
0.939014
0.939014
0.939014
0.939014
0.939014
0.939014
0.939014
0.939014
0.939014
0.939014
0.939014
0.939014
0.939014
0.939014
0.939014
0.939014
0.939014
0.939014
0.939014
0.939014
0.939014
0.939014
0.939014
0.939014
0.939014
0.939014
0.939014
0.939014
0.939014
0.939014
0.939014
0.939014
0.939014
0.939014
0.939014
0.939014
0.939015
0.939015
0.939015
0.939015
0.939015
0.939015
0.939015
0.939015
0.939015
0.939015
0.939015
0.939015
0.939015
0.939015
0.939015
0.939015
0.939015
0.939015
0.939015
0.939015
0.939015
0.939015
0.939015
0.939015
0.939015
0.939015
0.939015
0.939015
0.939015
0.939015
0.939015
0.939015
0.939015
0.939015
0.939015
0.939015
0.939015
0.939015
0.939015
0.939015
0.939015
0.939015
0.939015
0.939015
0.939015
0.939015
0.939015
0.939015
0.939015
0.939015
0.939015
0.939015
0.939015
0.939015
0.939015
0.939015
0.939015
0.939015
0.939015
0.939015
0.939015
0.939016
0.939016
0.939016
0.939016
0.939016
0.939016
0.939016
0.939016
0.939016
0.939016
0.939016
0.939016
0.939016
0.939016
0.939016
0.939016
0.939016
0.939016
0.939016
0.939016
0.939016
0.939016
0.939016
0.939016
0.939016
0.939016
0.939016
0.939016
0.939016
0.939016
0.939016
0.939016
0.939016
0.939016
0.939016
0.939016
0.939016
0.939016
0.939016
0.939016
0.939016
0.939016
0.939016
0.939016
0.939016
0.939016
0.939016
0.939016
0.939016
0.939016
0.939016
0.939016
0.939016
0.939016
0.939016
0.939016
0.939016
0.939016
0.939016
0.939016
0.939016
0.939016
0.939016
0.939016
0.939016
0.939016
0.939017
0.939017
0.939017
0.939017
0.939017
0.939017
0.939017
0.939017
0.939017
0.939017
0.939017
0.939017
0.939017
0.939017
0.939017
0.939017
0.939017
0.939017
0.939017
0.939017
0.939017
0.939017
0.939017
0.939017
0.939017
0.939017
0.939017
0.939017
0.939017
0.939017
0.939017
0.939017
0.939017
0.939017
0.939017
0.939017
0.939017
0.939017
0.939017
0.939017
0.939017
0.939017
0.939017
0.939017
0.939017
0.939017
0.939017
0.939017
0.939017
0.939017
0.939017
0.939017
0.939017
0.939017
0.939017
0.939017
0.939017
0.939017
0.939017
0.939017
0.939017
0.939017
0.939017
0.939017
0.939017
0.939017
0.939017
0.939017
0.939017
0.939017
0.939017
0.939017
0.939017
0.939018
0.939018
0.939018
0.939018
0.939018
0.939018
0.939018
0.939018
0.939018
0.939018
0.939018
0.939018
0.939018
0.939018
0.939018
0.939018
0.939018
0.939018
0.939018
0.939018
0.939018
0.939018
0.939018
0.939018
0.939018
0.939018
0.939018
0.939018
0.939018
0.939018
0.939018
0.939018
0.939018
0.939018
0.939018
0.939018
0.939018
0.939018
0.939018
0.939018
0.939018
0.939018
0.939018
0.939018
0.939018
0.939018
0.939018
0.939018
0.939018
0.939018
0.939018
0.939018
0.939018
0.939018
0.939018
0.939018
0.939018
0.939018
0.939018
0.939018
0.939018
0.939018
0.939018
0.939018
0.939018
0.939018
0.939018
0.939018
0.939018
0.939018
0.939018
0.939018
0.939018
0.939018
0.939018
0.939018
0.939018
0.939018
0.939018
0.939018
0.939018
0.939018
0.939019
0.939019
0.939019
0.939019
0.939019
0.939019
0.939019
0.939019
0.939019
0.939019
0.939019
0.939019
0.939019
0.939019
0.939019
0.939019
0.939019
0.939019
0.939019
0.939019
0.939019
0.939019
0.939019
0.939019
0.939019
0.939019
0.939019
0.939019
0.939019
0.939019
0.939019
0.939019
0.939019
0.939019
0.939019
0.939019
0.939019
0.939019
0.939019
0.939019
0.939019
0.939019
0.939019
0.939019
0.939019
0.939019
0.939019
0.939019
0.939019
0.939019
0.939019
0.939019
0.939019
0.939019
0.939019
0.939019
0.939019
0.939019
0.939019
0.939019
0.939019
0.939019
0.939019
0.939019
0.939019
0.939019
0.939019
0.939019
0.939019
0.939019
0.939019
0.939019
0.939019
0.939019
0.939019
0.939019
0.939019
0.939019
0.939019
0.939019
0.939019
0.939019
0.939019
0.939019
0.939019
0.939019
0.939019
0.939019
0.939019
0.939019
0.939019
0.939019
0.939019
0.93902
0.93902
0.93902
