0.5
0.502274
0.504876
0.507518
0.510119
0.512659
0.515138
0.517561
0.519936
0.522269
0.524566
0.526832
0.52907
0.531285
0.533478
0.535651
0.537808
0.539948
0.542073
0.544185
0.546283
0.548368
0.550442
0.552503
0.554553
0.556592
0.55862
0.560638
0.562644
0.56464
0.566626
0.568601
0.570566
0.572521
0.574466
0.576401
0.578325
0.58024
0.582146
0.584041
0.585927
0.587803
0.589669
0.591526
0.593373
0.595211
0.597039
0.598858
0.600667
0.602468
0.604259
0.606041
0.607813
0.609577
0.611332
0.613077
0.614814
0.616541
0.61826
0.61997
0.621671
0.623364
0.625047
0.626722
0.628389
0.630047
0.631696
0.633337
0.634969
0.636593
0.638208
0.639816
0.641415
0.643005
0.644588
0.646162
0.647728
0.649287
0.650837
0.652379
0.653913
0.655439
0.656958
0.658468
0.659971
0.661466
0.662953
0.664433
0.665905
0.667369
0.668826
0.670275
0.671717
0.673151
0.674578
0.675997
0.677409
0.678814
0.680212
0.681602
0.682985
0.684361
0.68573
0.687092
0.688447
0.689794
0.691135
0.692469
0.693796
0.695116
0.696429
0.697735
0.699035
0.700328
0.701614
0.702893
0.704166
0.705432
0.706692
0.707945
0.709192
0.710432
0.711666
0.712893
0.714114
0.715329
0.716537
0.717739
0.718935
0.720124
0.721308
0.722485
0.723656
0.724821
0.72598
0.727133
0.72828
0.729421
0.730556
0.731685
0.732809
0.733926
0.735038
0.736144
0.737244
0.738338
0.739427
0.74051
0.741587
0.742659
0.743725
0.744786
0.745841
0.746891
0.747935
0.748974
0.750007
0.751035
0.752057
0.753075
0.754087
0.755093
0.756095
0.757091
0.758082
0.759068
0.760049
0.761024
0.761995
0.76296
0.763921
0.764876
0.765826
0.766772
0.767713
0.768648
0.769579
0.770505
0.771426
0.772342
0.773254
0.77416
0.775062
0.775959
0.776852
0.77774
0.778623
0.779502
0.780376
0.781245
0.78211
0.782971
0.783827
0.784678
0.785525
0.786368
0.787206
0.78804
0.788869
0.789695
0.790515
0.791332
0.792144
0.792952
0.793756
0.794555
0.795351
0.796142
0.796929
0.797712
0.798491
0.799266
0.800036
0.800803
0.801566
0.802325
0.803079
0.80383
0.804577
0.80532
0.806059
0.806794
0.807525
0.808253
0.808977
0.809696
0.810413
0.811125
0.811834
0.812539
0.81324
0.813937
0.814631
0.815321
0.816008
0.816691
0.817371
0.818047
0.818719
0.819388
0.820053
0.820715
0.821373
0.822028
0.82268
0.823328
0.823972
0.824614
0.825252
0.825886
0.826518
0.827145
0.82777
0.828392
0.82901
0.829624
0.830236
0.830845
0.83145
0.832052
0.832651
0.833247
0.833839
0.834429
0.835015
0.835598
0.836179
0.836756
0.83733
0.837901
0.83847
0.839035
0.839597
0.840156
0.840713
0.841266
0.841817
0.842364
0.842909
0.843451
0.84399
0.844526
0.84506
0.84559
0.846118
0.846643
0.847165
0.847685
0.848202
0.848716
0.849227
0.849736
0.850242
0.850745
0.851246
0.851744
0.852239
0.852732
0.853222
0.85371
0.854195
0.854678
0.855158
0.855635
0.85611
0.856583
0.857053
0.85752
0.857985
0.858448
0.858908
0.859366
0.859821
0.860274
0.860725
0.861173
0.861619
0.862063
0.862504
0.862943
0.863379
0.863813
0.864245
0.864675
0.865102
0.865528
0.865951
0.866371
0.86679
0.867206
0.86762
0.868032
0.868442
0.868849
0.869255
0.869658
0.870059
0.870459
0.870856
0.87125
0.871643
0.872034
0.872423
0.872809
0.873194
0.873576
0.873957
0.874336
0.874712
0.875087
0.875459
0.87583
0.876199
0.876565
0.87693
0.877293
0.877654
0.878013
0.87837
0.878726
0.879079
0.879431
0.87978
0.880128
0.880474
0.880818
0.881161
0.881501
0.88184
0.882177
0.882513
0.882846
0.883178
0.883508
0.883836
0.884162
0.884487
0.88481
0.885132
0.885451
0.885769
0.886086
0.8864
0.886713
0.887025
0.887334
0.887642
0.887949
0.888253
0.888557
0.888858
0.889158
0.889457
0.889754
0.890049
0.890343
0.890635
0.890925
0.891215
0.891502
0.891788
0.892073
0.892356
0.892637
0.892917
0.893196
0.893473
0.893749
0.894023
0.894296
0.894567
0.894837
0.895106
0.895373
0.895638
0.895902
0.896165
0.896427
0.896687
0.896946
0.897203
0.897459
0.897714
0.897967
0.898219
0.898469
0.898719
0.898967
0.899213
0.899459
0.899703
0.899946
0.900187
0.900427
0.900666
0.900904
0.90114
0.901376
0.90161
0.901842
0.902074
0.902304
0.902533
0.902761
0.902988
0.903213
0.903437
0.90366
0.903882
0.904103
0.904323
0.904541
0.904758
0.904974
0.905189
0.905403
0.905616
0.905827
0.906038
0.906247
0.906455
0.906663
0.906869
0.907074
0.907278
0.90748
0.907682
0.907883
0.908082
0.908281
0.908478
0.908675
0.90887
0.909065
0.909258
0.90945
0.909642
0.909832
0.910021
0.910209
0.910397
0.910583
0.910768
0.910953
0.911136
0.911319
0.9115
0.911681
0.91186
0.912039
0.912216
0.912393
0.912569
0.912744
0.912917
0.91309
0.913263
0.913434
0.913604
0.913773
0.913942
0.914109
0.914276
0.914442
0.914607
0.914771
0.914934
0.915097
0.915258
0.915419
0.915578
0.915737
0.915895
0.916053
0.916209
0.916365
0.91652
0.916673
0.916827
0.916979
0.91713
0.917281
0.917431
0.91758
0.917729
0.917876
0.918023
0.918169
0.918314
0.918459
0.918602
0.918745
0.918888
0.919029
0.91917
0.91931
0.919449
0.919587
0.919725
0.919862
0.919998
0.920134
0.920269
0.920403
0.920536
0.920669
0.920801
0.920932
0.921063
0.921193
0.921322
0.921451
0.921579
0.921706
0.921833
0.921958
0.922084
0.922208
0.922332
0.922455
0.922578
0.9227
0.922821
0.922942
0.923062
0.923181
0.9233
0.923418
0.923535
0.923652
0.923769
0.923884
0.923999
0.924114
0.924227
0.924341
0.924453
0.924565
0.924677
0.924787
0.924898
0.925007
0.925116
0.925225
0.925333
0.92544
0.925547
0.925653
0.925759
0.925864
0.925969
0.926073
0.926176
0.926279
0.926381
0.926483
0.926584
0.926685
0.926785
0.926885
0.926984
0.927083
0.927181
0.927278
0.927376
0.927472
0.927568
0.927664
0.927759
0.927853
0.927947
0.928041
0.928134
0.928226
0.928318
0.92841
0.928501
0.928592
0.928682
0.928771
0.928861
0.928949
0.929038
0.929125
0.929213
0.929299
0.929386
0.929472
0.929557
0.929642
0.929727
0.929811
0.929895
0.929978
0.930061
0.930143
0.930225
0.930306
0.930387
0.930468
0.930548
0.930628
0.930707
0.930786
0.930865
0.930943
0.93102
0.931098
0.931175
0.931251
0.931327
0.931403
0.931478
0.931553
0.931627
0.931701
0.931775
0.931848
0.931921
0.931994
0.932066
0.932138
0.932209
0.93228
0.93235
0.932421
0.932491
0.93256
0.932629
0.932698
0.932766
0.932834
0.932902
0.932969
0.933036
0.933103
0.933169
0.933235
0.933301
0.933366
0.933431
0.933495
0.933559
0.933623
0.933687
0.93375
0.933813
0.933875
0.933937
0.933999
0.934061
0.934122
0.934183
0.934243
0.934303
0.934363
0.934423
0.934482
0.934541
0.9346
0.934658
0.934716
0.934774
0.934831
0.934888
0.934945
0.935002
0.935058
0.935114
0.935169
0.935225
0.93528
0.935334
0.935389
0.935443
0.935497
0.93555
0.935604
0.935657
0.935709
0.935762
0.935814
0.935866
0.935918
0.935969
0.93602
0.936071
0.936121
0.936172
0.936222
0.936271
0.936321
0.93637
0.936419
0.936468
0.936516
0.936564
0.936612
0.93666
0.936707
0.936755
0.936801
0.936848
0.936895
0.936941
0.936987
0.937032
0.937078
0.937123
0.937168
0.937213
0.937257
0.937301
0.937346
0.937389
0.937433
0.937476
0.937519
0.937562
0.937605
0.937647
0.937689
0.937731
0.937773
0.937815
0.937856
0.937897
0.937938
0.937979
0.938019
0.938059
0.938099
0.938139
0.938179
0.938218
0.938257
0.938296
0.938335
0.938373
0.938412
0.93845
0.938488
0.938526
0.938563
0.938601
0.938638
0.938675
0.938711
0.938748
0.938784
0.938821
0.938857
0.938892
0.938928
0.938963
0.938999
0.939034
0.939068
0.939103
0.939138
0.939172
0.939206
0.93924
0.939274
0.939307
0.939341
0.939374
0.939407
0.93944
0.939473
0.939505
0.939537
0.93957
0.939602
0.939634
0.939665
0.939697
0.939728
0.939759
0.93979
0.939821
0.939852
0.939882
0.939913
0.939943
0.939973
0.940003
0.940032
0.940062
0.940091
0.940121
0.94015
0.940179
0.940208
0.940236
0.940265
0.940293
0.940321
0.940349
0.940377
0.940405
0.940432
0.94046
0.940487
0.940514
0.940541
0.940568
0.940595
0.940622
0.940648
0.940674
0.9407
0.940727
0.940752
0.940778
0.940804
0.940829
0.940855
0.94088
0.940905
0.94093
0.940955
0.940979
0.941004
0.941028
0.941053
0.941077
0.941101
0.941125
0.941149
0.941172
0.941196
0.941219
0.941242
0.941266
0.941289
0.941311
0.941334
0.941357
0.94138
0.941402
0.941424
0.941446
0.941469
0.94149
0.941512
0.941534
0.941556
0.941577
0.941599
0.94162
0.941641
0.941662
0.941683
0.941704
0.941725
0.941745
0.941766
0.941786
0.941806
0.941826
0.941847
0.941866
0.941886
0.941906
0.941926
0.941945
0.941965
0.941984
0.942003
0.942022
0.942041
0.94206
0.942079
0.942098
0.942117
0.942135
0.942154
0.942172
0.94219
0.942208
0.942226
0.942244
0.942262
0.94228
0.942297
0.942315
0.942333
0.94235
0.942367
0.942384
0.942402
0.942419
0.942435
0.942452
0.942469
0.942486
0.942502
0.942519
0.942535
0.942552
0.942568
0.942584
0.9426
0.942616
0.942632
0.942648
0.942663
0.942679
0.942694
0.94271
0.942725
0.942741
0.942756
0.942771
0.942786
0.942801
0.942816
0.942831
0.942846
0.94286
0.942875
0.942889
0.942904
0.942918
0.942932
0.942947
0.942961
0.942975
0.942989
0.943003
0.943017
0.94303
0.943044
0.943058
0.943071
0.943085
0.943098
0.943111
0.943125
0.943138
0.943151
0.943164
0.943177
0.94319
0.943203
0.943216
0.943228
0.943241
0.943253
0.943266
0.943278
0.943291
0.943303
0.943315
0.943328
0.94334
0.943352
0.943364
0.943376
0.943387
0.943399
0.943411
0.943423
0.943434
0.943446
0.943457
0.943469
0.94348
0.943491
0.943503
0.943514
0.943525
0.943536
0.943547
0.943558
0.943569
0.94358
0.943591
0.943601
0.943612
0.943623
0.943633
0.943644
0.943654
0.943664
0.943675
0.943685
0.943695
0.943705
0.943716
0.943726
0.943736
0.943746
0.943755
0.943765
0.943775
0.943785
0.943795
0.943804
0.943814
0.943823
0.943833
0.943842
0.943852
0.943861
0.94387
0.94388
0.943889
0.943898
0.943907
0.943916
0.943925
0.943934
0.943943
0.943952
0.943961
0.943969
0.943978
0.943987
0.943995
0.944004
0.944012
0.944021
0.944029
0.944038
0.944046
0.944054
0.944063
0.944071
0.944079
0.944087
0.944095
0.944103
0.944111
0.944119
0.944127
0.944135
0.944143
0.944151
0.944159
0.944166
0.944174
0.944182
0.944189
0.944197
0.944204
0.944212
0.944219
0.944227
0.944234
0.944241
0.944248
0.944256
0.944263
0.94427
0.944277
0.944284
0.944291
0.944298
0.944305
0.944312
0.944319
0.944326
0.944333
0.94434
0.944346
0.944353
0.94436
0.944366
0.944373
0.94438
0.944386
0.944393
0.944399
0.944406
0.944412
0.944418
0.944425
0.944431
0.944437
0.944444
0.94445
0.944456
0.944462
0.944468
0.944474
0.94448
0.944486
0.944492
0.944498
0.944504
0.94451
0.944516
0.944522
0.944528
0.944533
0.944539
0.944545
0.94455
0.944556
0.944562
0.944567
0.944573
0.944578
0.944584
0.944589
0.944595
0.9446
0.944605
0.944611
0.944616
0.944621
0.944627
0.944632
0.944637
0.944642
0.944647
0.944653
0.944658
0.944663
0.944668
0.944673
0.944678
0.944683
0.944688
0.944693
0.944697
0.944702
0.944707
0.944712
0.944717
0.944722
0.944726
0.944731
0.944736
0.94474
0.944745
0.94475
0.944754
0.944759
0.944763
0.944768
0.944772
0.944777
0.944781
0.944786
0.94479
0.944794
0.944799
0.944803
0.944807
0.944812
0.944816
0.94482
0.944824
0.944828
0.944833
0.944837
0.944841
0.944845
0.944849
0.944853
0.944857
0.944861
0.944865
0.944869
0.944873
0.944877
0.944881
0.944885
0.944889
0.944893
0.944896
0.9449
0.944904
0.944908
0.944912
0.944915
0.944919
0.944923
0.944926
0.94493
0.944934
0.944937
0.944941
0.944944
0.944948
0.944951
0.944955
0.944958
0.944962
0.944965
0.944969
0.944972
0.944976
0.944979
0.944982
0.944986
0.944989
0.944992
0.944996
0.944999
0.945002
0.945006
0.945009
0.945012
0.945015
0.945018
0.945021
0.945025
0.945028
0.945031
0.945034
0.945037
0.94504
0.945043
0.945046
0.945049
0.945052
0.945055
0.945058
0.945061
0.945064
0.945067
0.94507
0.945073
0.945076
0.945078
0.945081
0.945084
0.945087
0.94509
0.945093
0.945095
0.945098
0.945101
0.945104
0.945106
0.945109
0.945112
0.945114
0.945117
0.94512
0.945122
0.945125
0.945127
0.94513
0.945133
0.945135
0.945138
0.94514
0.945143
0.945145
0.945148
0.94515
0.945153
0.945155
0.945158
0.94516
0.945162
0.945165
0.945167
0.94517
0.945172
0.945174
0.945177
0.945179
0.945181
0.945183
0.945186
0.945188
0.94519
0.945193
0.945195
0.945197
0.945199
0.945201
0.945204
0.945206
0.945208
0.94521
0.945212
0.945214
0.945217
0.945219
0.945221
0.945223
0.945225
0.945227
0.945229
0.945231
0.945233
0.945235
0.945237
0.945239
0.945241
0.945243
0.945245
0.945247
0.945249
0.945251
0.945253
0.945255
0.945257
0.945259
0.94526
0.945262
0.945264
0.945266
0.945268
0.94527
0.945272
0.945273
0.945275
0.945277
0.945279
0.945281
0.945282
0.945284
0.945286
0.945288
0.945289
0.945291
0.945293
0.945295
0.945296
0.945298
0.9453
0.945301
0.945303
0.945305
0.945306
0.945308
0.94531
0.945311
0.945313
0.945314
0.945316
0.945318
0.945319
0.945321
0.945322
0.945324
0.945325
0.945327
0.945328
0.94533
0.945331
0.945333
0.945334
0.945336
0.945337
0.945339
0.94534
0.945342
0.945343
0.945345
0.945346
0.945348
0.945349
0.94535
0.945352
0.945353
0.945355
0.945356
0.945357
0.945359
0.94536
0.945361
0.945363
0.945364
0.945365
0.945367
0.945368
0.945369
0.945371
0.945372
0.945373
0.945374
0.945376
0.945377
0.945378
0.94538
0.945381
0.945382
0.945383
0.945384
0.945386
0.945387
0.945388
0.945389
0.945391
0.945392
0.945393
0.945394
0.945395
0.945396
0.945398
0.945399
0.9454
0.945401
0.945402
0.945403
0.945404
0.945406
0.945407
0.945408
0.945409
0.94541
0.945411
0.945412
0.945413
0.945414
0.945415
0.945416
0.945417
0.945418
0.94542
0.945421
0.945422
0.945423
0.945424
0.945425
0.945426
0.945427
0.945428
0.945429
0.94543
0.945431
0.945432
0.945433
0.945434
0.945434
0.945435
0.945436
0.945437
0.945438
0.945439
0.94544
0.945441
0.945442
0.945443
0.945444
0.945445
0.945446
0.945447
0.945447
0.945448
0.945449
0.94545
0.945451
0.945452
0.945453
0.945454
0.945454
0.945455
0.945456
0.945457
0.945458
0.945459
0.945459
0.94546
0.945461
0.945462
0.945463
0.945464
0.945464
0.945465
0.945466
0.945467
0.945468
0.945468
0.945469
0.94547
0.945471
0.945471
0.945472
0.945473
0.945474
0.945474
0.945475
0.945476
0.945477
0.945477
0.945478
0.945479
0.94548
0.94548
0.945481
0.945482
0.945482
0.945483
0.945484
0.945484
0.945485
0.945486
0.945487
0.945487
0.945488
0.945489
0.945489
0.94549
0.945491
0.945491
0.945492
0.945493
0.945493
0.945494
0.945494
0.945495
0.945496
0.945496
0.945497
0.945498
0.945498
0.945499
0.9455
0.9455
0.945501
0.945501
0.945502
0.945503
0.945503
0.945504
0.945504
0.945505
0.945505
0.945506
0.945507
0.945507
0.945508
0.945508
0.945509
0.94551
0.94551
0.945511
0.945511
0.945512
0.945512
0.945513
0.945513
0.945514
0.945514
0.945515
0.945515
0.945516
0.945517
0.945517
0.945518
0.945518
0.945519
0.945519
0.94552
0.94552
0.945521
0.945521
0.945522
0.945522
0.945523
0.945523
0.945524
0.945524
0.945525
0.945525
0.945526
0.945526
0.945526
0.945527
0.945527
0.945528
0.945528
0.945529
0.945529
0.94553
0.94553
0.945531
0.945531
0.945532
0.945532
0.945532
0.945533
0.945533
0.945534
0.945534
0.945535
0.945535
0.945535
0.945536
0.945536
0.945537
0.945537
0.945538
0.945538
0.945538
0.945539
0.945539
0.94554
0.94554
0.94554
0.945541
0.945541
0.945542
0.945542
0.945542
0.945543
0.945543
0.945543
0.945544
0.945544
0.945545
0.945545
0.945545
0.945546
0.945546
0.945546
0.945547
0.945547
0.945548
0.945548
0.945548
0.945549
0.945549
0.945549
0.94555
0.94555
0.94555
0.945551
0.945551
0.945551
0.945552
0.945552
0.945552
0.945553
0.945553
0.945553
0.945554
0.945554
0.945554
0.945555
0.945555
0.945555
0.945556
0.945556
0.945556
0.945557
0.945557
0.945557
0.945557
0.945558
0.945558
0.945558
0.945559
0.945559
0.945559
0.94556
0.94556
0.94556
0.94556
0.945561
0.945561
0.945561
0.945562
0.945562
0.945562
0.945562
0.945563
0.945563
0.945563
0.945564
0.945564
0.945564
0.945564
0.945565
0.945565
0.945565
0.945565
0.945566
0.945566
0.945566
0.945567
0.945567
0.945567
0.945567
0.945568
0.945568
0.945568
0.945568
0.945569
0.945569
0.945569
0.945569
0.94557
0.94557
0.94557
0.94557
0.94557
0.945571
0.945571
0.945571
0.945571
0.945572
0.945572
0.945572
0.945572
0.945573
0.945573
0.945573
0.945573
0.945573
0.945574
0.945574
0.945574
0.945574
0.945575
0.945575
0.945575
0.945575
0.945575
0.945576
0.945576
0.945576
0.945576
0.945576
0.945577
0.945577
0.945577
0.945577
0.945577
0.945578
0.945578
0.945578
0.945578
0.945578
0.945579
0.945579
0.945579
0.945579
0.945579
0.94558
0.94558
0.94558
0.94558
0.94558
0.945581
0.945581
0.945581
0.945581
0.945581
0.945581
0.945582
0.945582
0.945582
0.945582
0.945582
0.945582
0.945583
0.945583
0.945583
0.945583
0.945583
0.945584
0.945584
0.945584
0.945584
0.945584
0.945584
0.945585
0.945585
0.945585
0.945585
0.945585
0.945585
0.945585
0.945586
0.945586
0.945586
0.945586
0.945586
0.945586
0.945587
0.945587
0.945587
0.945587
0.945587
0.945587
0.945587
0.945588
0.945588
0.945588
0.945588
0.945588
0.945588
0.945588
0.945589
0.945589
0.945589
0.945589
0.945589
0.945589
0.945589
0.94559
0.94559
0.94559
0.94559
0.94559
0.94559
0.94559
0.945591
0.945591
0.945591
0.945591
0.945591
0.945591
0.945591
0.945591
0.945592
0.945592
0.945592
0.945592
0.945592
0.945592
0.945592
0.945592
0.945593
0.945593
0.945593
0.945593
0.945593
0.945593
0.945593
0.945593
0.945593
0.945594
0.945594
0.945594
0.945594
0.945594
0.945594
0.945594
0.945594
0.945594
0.945595
0.945595
0.945595
0.945595
0.945595
0.945595
0.945595
0.945595
0.945595
0.945596
0.945596
0.945596
0.945596
0.945596
0.945596
0.945596
0.945596
0.945596
0.945596
0.945597
0.945597
0.945597
0.945597
0.945597
0.945597
0.945597
0.945597
0.945597
0.945597
0.945598
0.945598
0.945598
0.945598
0.945598
0.945598
0.945598
0.945598
0.945598
0.945598
0.945598
0.945599
0.945599
0.945599
0.945599
0.945599
0.945599
0.945599
0.945599
0.945599
0.945599
0.945599
0.945599
0.9456
0.9456
0.9456
0.9456
0.9456
0.9456
0.9456
0.9456
0.9456
0.9456
0.9456
0.9456
0.945601
0.945601
0.945601
0.945601
0.945601
0.945601
0.945601
0.945601
0.945601
0.945601
0.945601
0.945601
0.945601
0.945601
0.945602
0.945602
0.945602
0.945602
0.945602
0.945602
0.945602
0.945602
0.945602
0.945602
0.945602
0.945602
0.945602
0.945602
0.945603
0.945603
0.945603
0.945603
0.945603
0.945603
0.945603
0.945603
0.945603
0.945603
0.945603
0.945603
0.945603
0.945603
0.945603
0.945604
0.945604
0.945604
0.945604
0.945604
0.945604
0.945604
0.945604
0.945604
0.945604
0.945604
0.945604
0.945604
0.945604
0.945604
0.945604
0.945604
0.945605
0.945605
0.945605
0.945605
0.945605
0.945605
0.945605
0.945605
0.945605
0.945605
0.945605
0.945605
0.945605
0.945605
0.945605
0.945605
0.945605
0.945605
0.945605
0.945606
0.945606
0.945606
0.945606
0.945606
0.945606
0.945606
0.945606
0.945606
0.945606
0.945606
0.945606
0.945606
0.945606
0.945606
0.945606
0.945606
0.945606
0.945606
0.945606
0.945607
0.945607
0.945607
0.945607
0.945607
0.945607
0.945607
0.945607
0.945607
0.945607
0.945607
0.945607
0.945607
0.945607
0.945607
0.945607
0.945607
0.945607
0.945607
0.945607
0.945607
0.945607
0.945607
0.945608
0.945608
0.945608
0.945608
0.945608
0.945608
0.945608
0.945608
0.945608
0.945608
0.945608
0.945608
0.945608
0.945608
0.945608
0.945608
0.945608
0.945608
0.945608
0.945608
0.945608
0.945608
0.945608
0.945608
0.945608
0.945608
0.945608
0.945609
0.945609
0.945609
0.945609
0.945609
0.945609
0.945609
0.945609
0.945609
0.945609
0.945609
0.945609
0.945609
0.945609
0.945609
0.945609
0.945609
0.945609
0.945609
0.945609
0.945609
0.945609
0.945609
0.945609
0.945609
0.945609
0.945609
0.945609
0.945609
0.945609
0.94561
0.94561
0.94561
0.94561
0.94561
0.94561
0.94561
0.94561
0.94561
0.94561
0.94561
0.94561
0.94561
0.94561
0.94561
0.94561
0.94561
0.94561
0.94561
0.94561
0.94561
0.94561
0.94561
0.94561
0.94561
0.94561
0.94561
0.94561
0.94561
0.94561
0.94561
0.94561
0.94561
0.94561
0.94561
0.94561
0.94561
0.945611
0.945611
0.945611
0.945611
0.945611
0.945611
0.945611
0.945611
0.945611
0.945611
0.945611
0.945611
0.945611
0.945611
0.945611
0.945611
0.945611
0.945611
0.945611
0.945611
0.945611
0.945611
0.945611
0.945611
0.945611
0.945611
0.945611
0.945611
0.945611
0.945611
0.945611
0.945611
0.945611
0.945611
0.945611
0.945611
0.945611
0.945611
0.945611
0.945611
0.945611
0.945611
0.945611
0.945611
0.945611
0.945612
0.945612
0.945612
0.945612
0.945612
0.945612
0.945612
0.945612
0.945612
0.945612
0.945612
0.945612
0.945612
0.945612
0.945612
0.945612
0.945612
0.945612
0.945612
0.945612
0.945612
0.945612
0.945612
0.945612
0.945612
0.945612
0.945612
0.945612
0.945612
0.945612
0.945612
0.945612
0.945612
0.945612
0.945612
0.945612
0.945612
0.945612
0.945612
0.945612
0.945612
0.945612
0.945612
0.945612
0.945612
0.945612
0.945612
0.945612
0.945612
0.945612
0.945612
0.945612
0.945612
0.945612
0.945612
0.945612
0.945612
0.945612
0.945612
0.945612
0.945613
0.945613
0.945613
0.945613
0.945613
0.945613
0.945613
0.945613
0.945613
0.945613
0.945613
0.945613
0.945613
0.945613
0.945613
0.945613
0.945613
0.945613
0.945613
0.945613
0.945613
0.945613
0.945613
0.945613
0.945613
0.945613
0.945613
0.945613
0.945613
0.945613
0.945613
0.945613
0.945613
0.945613
0.945613
0.945613
0.945613
0.945613
0.945613
0.945613
0.945613
0.945613
0.945613
0.945613
0.945613
0.945613
0.945613
0.945613
0.945613
0.945613
0.945613
0.945613
0.945613
0.945613
0.945613
0.945613
0.945613
0.945613
0.945613
0.945613
0.945613
0.945613
0.945613
0.945613
0.945613
0.945613
0.945613
0.945613
0.945613
0.945613
0.945613
0.945613
0.945613
0.945613
0.945613
0.945613
0.945613
0.945613
0.945613
0.945613
0.945613
0.945613
0.945613
0.945613
0.945613
0.945613
0.945613
0.945613
0.945614
0.945614
0.945614
0.945614
0.945614
0.945614
0.945614
0.945614
0.945614
0.945614
0.945614
0.945614
0.945614
0.945614
0.945614
0.945614
0.945614
0.945614
0.945614
0.945614
0.945614
0.945614
0.945614
0.945614
0.945614
0.945614
0.945614
0.945614
0.945614
0.945614
0.945614
0.945614
0.945614
0.945614
0.945614
0.945614
0.945614
0.945614
0.945614
0.945614
0.945614
0.945614
0.945614
0.945614
0.945614
0.945614
0.945614
0.945614
0.945614
0.945614
0.945614
0.945614
0.945614
0.945614
0.945614
0.945614
0.945614
0.945614
0.945614
0.945614
0.945614
0.945614
0.945614
0.945614
0.945614
0.945614
0.945614
0.945614
0.945614
0.945614
0.945614
0.945614
0.945614
0.945614
0.945614
0.945614
0.945614
0.945614
0.945614
0.945614
0.945614
0.945614
0.945614
0.945614
0.945614
0.945614
0.945614
0.945614
0.945614
0.945614
0.945614
0.945614
0.945614
0.945614
0.945614
0.945614
0.945614
0.945614
0.945614
0.945614
0.945614
0.945614
0.945614
0.945614
0.945614
0.945614
0.945614
0.945614
0.945614
0.945614
0.945614
0.945614
0.945614
0.945614
0.945614
0.945614
0.945614
0.945614
0.945614
0.945614
0.945614
0.945614
0.945614
0.945614
0.945614
0.945614
0.945614
0.945614
0.945614
0.945614
0.945614
0.945614
0.945614
0.945614
0.945614
0.945614
0.945614
0.945614
0.945614
0.945614
0.945614
0.945614
0.945614
0.945614
0.945614
0.945614
0.945614
0.945614
0.945614
0.945614
0.945614
0.945614
0.945614
0.945614
0.945614
0.945614
0.945614
0.945614
0.945614
0.945614
0.945614
0.945614
0.945614
0.945614
0.945614
0.945614
0.945614
0.945614
0.945614
0.945614
0.945614
0.945614
0.945615
0.945615
0.945615
0.945615
0.945615
0.945615
0.945615
0.945615
0.945615
0.945615
0.945615
0.945615
0.945615
0.945615
0.945615
0.945615
0.945615
0.945615
0.945615
0.945615
0.945615
0.945615
0.945615
0.945615
0.945615
0.945615
0.945615
0.945615
0.945615
0.945615
0.945615
0.945615
0.945615
0.945615
0.945615
0.945615
0.945615
0.945615
0.945615
0.945615
0.945615
0.945615
0.945615
0.945615
0.945615
0.945615
0.945615
0.945615
0.945615
0.945615
0.945615
0.945615
0.945615
0.945615
0.945615
0.945615
0.945615
0.945615
0.945615
0.945615
0.945615
0.945615
0.945615
0.945615
0.945615
0.945615
0.945615
0.945615
0.945615
0.945615
0.945615
0.945615
0.945615
0.945615
0.945615
0.945615
0.945615
0.945615
0.945615
0.945615
0.945615
0.945615
0.945615
0.945615
0.945615
0.945615
0.945615
0.945615
0.945615
0.945615
0.945615
0.945615
0.945615
0.945615
0.945615
0.945615
0.945615
0.945615
0.945615
0.945615
0.945615
0.945615
0.945615
0.945615
0.945615
0.945615
0.945615
0.945615
0.945615
0.945615
0.945615
0.945615
0.945615
0.945615
0.945615
0.945615
0.945615
0.945615
0.945615
0.945615
0.945615
0.945615
0.945615
0.945615
0.945615
0.945615
0.945615
0.945615
0.945615
0.945615
0.945615
0.945615
0.945615
0.945615
0.945615
0.945615
0.945615
0.945615
0.945615
0.945615
0.945615
0.945615
0.945615
0.945615
0.945615
0.945615
0.945615
0.945615
0.945615
0.945615
0.945615
0.945615
0.945615
0.945615
0.945615
0.945615
0.945615
0.945615
0.945615
0.945615
0.945615
0.945615
0.945615
0.945615
0.945615
0.945615
0.945615
0.945615
0.945615
0.945615
0.945615
0.945615
0.945615
0.945615
0.945615
0.945615
0.945615
0.945615
0.945615
0.945615
0.945615
0.945615
0.945615
0.945615
0.945615
0.945615
0.945615
0.945615
0.945615
0.945615
0.945615
0.945615
0.945615
0.945615
0.945615
0.945615
0.945615
0.945615
0.945615
0.945615
0.945615
0.945615
0.945615
0.945615
0.945615
0.945615
0.945615
0.945615
0.945615
0.945615
0.945615
0.945615
0.945615
0.945615
0.945615
0.945615
0.945615
0.945615
0.945615
0.945615
0.945615
0.945615
0.945615
0.945615
0.945615
0.945615
0.945615
0.945615
0.945615
0.945615
0.945615
0.945615
0.945615
0.945615
0.945615
0.945615
0.945615
0.945615
0.945615
0.945615
0.945615
0.945615
0.945615
0.945615
0.945615
0.945615
0.945615
0.945615
0.945615
0.945615
0.945615
0.945615
0.945615
0.945615
0.945615
0.945615
0.945615
0.945615
0.945615
0.945615
0.945615
0.945615
0.945615
0.945615
0.945615
0.945615
0.945615
0.945615
0.945615
0.945615
0.945615
0.945615
0.945615
0.945615
0.945615
0.945615
0.945615
0.945615
0.945615
0.945615
0.945615
0.945615
0.945615
0.945615
0.945615
0.945615
0.945615
0.945615
0.945615
0.945615
0.945615
0.945615
0.945615
0.945615
0.945615
0.945615
0.945615
0.945615
0.945615
0.945615
0.945615
0.945615
0.945615
0.945615
0.945615
0.945615
0.945615
0.945615
0.945615
0.945615
0.945615
0.945615
0.945615
0.945615
0.945615
0.945615
0.945615
0.945615
0.945615
0.945615
0.945615
0.945615
0.945615
0.945615
0.945615
0.945615
0.945615
0.945615
0.945615
0.945615
0.945615
0.945615
0.945615
0.945615
0.945615
0.945615
0.945615
0.945615
0.945615
0.945615
0.945615
0.945615
0.945615
0.945615
0.945615
0.945615
0.945615
0.945615
0.945615
0.945615
0.945615
0.945615
0.945615
0.945615
0.945615
0.945615
0.945615
0.945615
0.945615
0.945615
0.945615
0.945615
0.945615
0.945615
0.945615
0.945615
0.945615
0.945615
0.945615
0.945615
0.945615
0.945615
0.945615
0.945615
0.945615
0.945615
0.945615
0.945615
0.945615
0.945615
0.945615
0.945615
0.945615
0.945615
0.945615
0.945615
0.945615
0.945615
0.945615
0.945615
0.945615
0.945615
0.945615
0.945615
0.945615
0.945615
0.945615
0.945615
0.945615
0.945615
0.945615
0.945615
0.945615
0.945615
0.945615
0.945615
0.945615
0.945615
0.945615
0.945615
0.945615
0.945615
0.945615
0.945615
0.945615
0.945615
0.945615
0.945615
0.945615
0.945615
0.945615
0.945615
0.945615
0.945615
0.945615
0.945615
0.945615
0.945615
0.945615
0.945615
0.945615
0.945615
0.945615
0.945615
0.945615
0.945615
0.945615
0.945615
0.945615
0.945615
0.945615
0.945615
0.945615
0.945615
0.945615
0.945615
0.945615
0.945615
0.945615
0.945615
0.945615
0.945615
0.945615
0.945615
0.945615
0.945615
0.945615
0.945615
0.945615
0.945615
0.945615
0.945615
0.945615
0.945615
0.945615
0.945615
0.945615
0.945615
0.945615
0.945615
0.945615
0.945615
0.945615
0.945615
0.945615
0.945615
0.945615
0.945615
0.945615
0.945615
0.945615
0.945615
0.945615
0.945615
0.945615
0.945615
0.945615
0.945615
0.945615
0.945615
0.945615
0.945615
0.945615
0.945615
0.945615
0.945615
0.945615
0.945615
0.945615
0.945615
0.945615
0.945615
0.945615
0.945615
0.945615
0.945615
0.945615
0.945615
0.945615
0.945615
0.945615
0.945615
0.945615
0.945615
0.945615
0.945615
0.945615
0.945615
0.945615
0.945615
0.945615
0.945615
0.945615
0.945615
0.945615
0.945615
0.945615
0.945615
0.945615
0.945615
0.945615
0.945615
0.945615
0.945615
0.945615
0.945615
0.945615
0.945615
0.945615
0.945615
0.945615
0.945615
0.945615
0.945615
0.945615
0.945615
0.945615
0.945615
0.945615
0.945615
0.945615
0.945615
0.945615
0.945615
0.945615
0.945615
0.945615
0.945615
0.945615
0.945615
0.945615
0.945615
0.945615
0.945615
0.945615
0.945615
0.945615
0.945615
0.945615
0.945615
0.945615
0.945615
0.945615
0.945615
0.945615
0.945615
0.945615
0.945615
0.945615
0.945615
0.945615
0.945615
0.945615
0.945615
0.945615
0.945615
0.945615
0.945615
0.945615
0.945615
0.945615
0.945615
0.945615
0.945615
0.945615
0.945615
0.945615
0.945615
0.945615
0.945615
0.945615
0.945615
0.945615
0.945615
0.945615
0.945615
0.945615
0.945615
0.945615
0.945615
0.945615
0.945615
0.945615
0.945615
0.945615
0.945615
0.945615
0.945615
0.945615
0.945615
0.945615
0.945615
0.945615
0.945615
0.945615
0.945615
0.945615
0.945615
0.945615
0.945615
0.945615
0.945615
0.945615
0.945615
0.945615
0.945615
0.945615
0.945615
0.945615
0.945615
0.945615
0.945615
0.945615
0.945615
0.945615
0.945615
0.945615
0.945615
0.945615
0.945615
0.945615
0.945615
0.945615
0.945615
0.945615
0.945615
0.945615
0.945615
0.945615
0.945615
0.945615
0.945615
0.945615
0.945615
0.945615
0.945615
0.945615
0.945615
0.945615
0.945615
0.945615
0.945615
0.945615
0.945615
0.945615
0.945615
0.945615
0.945615
0.945615
0.945615
0.945615
0.945615
0.945615
0.945615
0.945615
0.945615
0.945615
0.945615
0.945615
0.945615
0.945615
0.945615
0.945615
0.945615
0.945615
0.945615
0.945615
0.945615
0.945615
0.945615
0.945615
0.945615
0.945615
0.945615
0.945615
0.945615
0.945615
0.945615
0.945615
0.945615
0.945615
0.945615
0.945615
0.945615
0.945615
0.945615
0.945615
0.945615
0.945615
0.945615
0.945615
0.945615
0.945615
0.945615
0.945615
0.945615
0.945615
0.945615
0.945615
0.945615
0.945615
0.945615
0.945615
0.945615
0.945615
0.945615
0.945615
0.945615
0.945615
0.945615
0.945615
0.945615
0.945615
0.945615
0.945615
0.945615
0.945615
0.945615
0.945615
0.945615
0.945615
0.945615
0.945615
0.945615
0.945615
0.945615
0.945615
0.945615
0.945615
0.945615
0.945615
0.945615
0.945615
0.945615
0.945615
0.945615
0.945615
0.945615
0.945615
0.945615
0.945615
0.945615
0.945615
0.945615
0.945615
0.945615
0.945615
0.945615
0.945615
0.945615
0.945615
0.945615
0.945615
0.945615
0.945615
0.945615
0.945615
0.945615
0.945615
0.945615
0.945615
0.945615
0.945615
0.945615
0.945615
0.945615
0.945615
0.945615
0.945615
0.945615
0.945615
0.945615
0.945615
0.945615
0.945615
0.945615
0.945615
0.945615
0.945615
0.945615
0.945615
0.945615
0.945615
0.945615
0.945615
0.945615
0.945615
0.945615
0.945615
0.945615
0.945615
0.945615
0.945615
0.945615
0.945615
0.945615
0.945615
0.945615
0.945615
0.945615
0.945615
0.945615
0.945615
0.945615
0.945615
0.945615
0.945615
0.945615
0.945615
0.945615
0.945615
0.945615
0.945615
0.945615
0.945615
0.945615
0.945615
0.945615
0.945615
0.945615
0.945615
0.945615
0.945615
0.945615
0.945615
0.945615
0.945615
0.945615
0.945615
0.945615
0.945615
0.945615
0.945615
0.945615
0.945615
0.945615
0.945615
0.945615
0.945615
0.945615
0.945615
0.945615
0.945615
0.945615
0.945615
0.945615
0.945615
0.945615
0.945615
0.945615
0.945615
0.945615
0.945615
0.945615
0.945615
0.945615
0.945615
0.945615
0.945615
0.945615
0.945615
0.945615
0.945615
0.945615
0.945615
0.945615
0.945615
0.945615
0.945615
0.945615
0.945615
0.945615
0.945615
0.945615
0.945615
0.945615
0.945615
0.945615
0.945615
0.945615
0.945615
0.945615
0.945615
0.945615
0.945615
0.945615
0.945615
0.945615
0.945615
0.945615
0.945615
0.945615
0.945615
0.945615
0.945615
0.945615
0.945615
0.945615
0.945615
0.945615
0.945615
0.945615
0.945615
0.945615
0.945615
0.945615
0.945615
0.945615
0.945615
0.945615
0.945615
0.945615
0.945615
0.945615
0.945615
0.945615
0.945615
0.945615
0.945615
0.945615
0.945615
0.945615
0.945615
0.945615
0.945615
0.945615
0.945615
0.945615
0.945615
0.945615
0.945615
0.945615
0.945615
0.945615
0.945615
0.945615
0.945615
0.945615
0.945615
0.945615
0.945615
0.945615
0.945615
0.945615
0.945615
0.945615
0.945615
0.945615
0.945615
0.945615
0.945615
0.945615
0.945615
0.945615
0.945615
0.945615
0.945615
0.945615
0.945615
0.945615
0.945615
0.945615
0.945615
0.945615
0.945615
0.945615
0.945615
0.945615
0.945615
0.945615
0.945615
0.945615
0.945615
0.945615
0.945615
0.945615
0.945615
0.945615
0.945615
0.945615
0.945615
0.945615
0.945615
0.945615
0.945615
0.945615
0.945615
0.945615
0.945615
0.945615
0.945615
0.945615
0.945615
0.945615
0.945615
0.945615
0.945615
0.945615
0.945615
0.945615
0.945615
0.945615
0.945615
0.945615
0.945615
0.945615
0.945615
0.945615
0.945615
0.945615
0.945615
0.945615
0.945615
0.945615
0.945615
0.945615
0.945615
0.945615
0.945615
0.945615
0.945615
0.945615
0.945615
0.945615
0.945615
0.945615
0.945615
0.945615
0.945615
0.945615
0.945615
0.945615
0.945615
0.945615
0.945615
0.945615
0.945615
0.945615
0.945615
0.945615
0.945615
0.945615
0.945615
0.945615
0.945615
0.945615
0.945615
0.945615
0.945615
0.945615
0.945615
0.945615
0.945615
0.945615
0.945615
0.945615
0.945615
0.945615
0.945615
0.945615
0.945615
0.945615
0.945615
0.945615
0.945615
0.945615
0.945615
0.945615
0.945615
0.945615
0.945615
0.945615
0.945615
0.945615
0.945615
0.945615
0.945615
0.945615
0.945615
0.945615
0.945615
0.945615
0.945615
0.945615
0.945615
0.945615
0.945615
0.945615
0.945615
0.945615
0.945615
0.945615
0.945615
0.945615
0.945615
0.945615
0.945615
0.945615
0.945615
0.945615
0.945615
0.945615
0.945615
0.945615
0.945615
0.945615
0.945615
0.945615
0.945615
0.945615
0.945615
0.945615
0.945615
0.945615
0.945615
0.945615
0.945615
0.945615
0.945615
0.945615
0.945615
0.945615
0.945615
0.945615
0.945615
0.945615
0.945615
0.945615
0.945615
0.945615
0.945615
0.945615
0.945615
0.945615
0.945615
0.945615
0.945615
0.945615
0.945615
0.945615
0.945615
0.945615
0.945615
0.945615
0.945615
0.945615
0.945615
0.945615
0.945615
0.945615
0.945615
0.945615
0.945615
0.945615
0.945615
0.945615
0.945615
0.945615
0.945615
0.945615
0.945615
0.945615
0.945615
0.945615
0.945615
0.945615
0.945615
0.945615
0.945615
0.945615
0.945615
0.945615
0.945615
0.945615
0.945615
0.945615
0.945615
0.945615
0.945615
0.945615
0.945615
0.945615
0.945615
0.945615
0.945615
0.945615
0.945615
0.945615
0.945615
0.945615
0.945615
0.945615
0.945615
0.945615
0.945615
0.945615
0.945615
0.945615
0.945615
0.945615
0.945615
0.945615
0.945615
0.945615
0.945615
0.945615
0.945615
0.945615
0.945615
0.945615
0.945615
0.945615
0.945615
0.945615
0.945615
0.945615
0.945615
0.945615
0.945615
0.945615
0.945615
0.945615
0.945615
0.945615
0.945615
0.945615
0.945615
0.945615
0.945615
0.945615
0.945615
0.945615
0.945615
0.945615
0.945615
0.945615
0.945615
0.945615
0.945615
0.945615
0.945615
0.945615
0.945615
0.945615
0.945615
0.945615
0.945615
0.945615
0.945615
0.945615
0.945615
0.945615
0.945615
0.945615
0.945615
0.945615
0.945615
0.945615
0.945615
0.945615
0.945615
0.945615
0.945615
0.945615
0.945615
0.945615
0.945615
0.945615
0.945615
0.945615
0.945615
0.945615
0.945615
0.945615
0.945615
0.945615
0.945615
0.945615
0.945615
0.945615
0.945615
0.945615
0.945615
0.945615
0.945615
0.945615
0.945615
0.945615
0.945615
0.945615
0.945615
0.945615
0.945615
0.945615
0.945615
0.945615
0.945615
0.945615
0.945615
0.945615
0.945615
0.945615
0.945615
0.945615
0.945615
0.945615
0.945615
0.945615
0.945615
0.945615
0.945615
0.945615
0.945615
0.945615
0.945615
0.945615
0.945615
0.945615
0.945615
0.945615
0.945615
0.945615
0.945615
0.945615
0.945615
0.945615
0.945615
0.945615
0.945615
0.945615
0.945615
0.945615
0.945615
0.945615
0.945615
0.945615
0.945615
0.945615
0.945615
0.945615
0.945615
0.945615
0.945615
0.945615
0.945615
0.945615
0.945615
0.945615
0.945615
0.945615
0.945615
0.945615
0.945615
0.945615
0.945615
0.945615
0.945615
0.945615
0.945615
0.945615
0.945615
0.945615
0.945615
0.945615
0.945615
0.945615
0.945615
0.945615
0.945615
0.945615
0.945615
0.945615
0.945615
0.945615
0.945615
0.945615
0.945615
0.945615
0.945615
0.945615
0.945615
0.945615
0.945615
0.945615
0.945615
0.945615
0.945615
0.945615
0.945615
0.945615
0.945615
0.945615
0.945615
0.945615
0.945615
0.945615
0.945615
0.945615
0.945615
0.945615
0.945615
0.945615
0.945615
0.945615
0.945615
0.945615
0.945615
0.945615
0.945615
0.945615
0.945615
0.945615
0.945615
0.945615
0.945615
0.945615
0.945615
0.945615
0.945615
0.945615
0.945615
0.945615
0.945615
0.945615
0.945615
0.945615
0.945615
0.945615
0.945615
0.945615
0.945615
0.945615
0.945615
0.945615
0.945615
0.945615
0.945615
0.945615
0.945615
0.945615
0.945615
0.945615
0.945615
0.945615
0.945615
0.945615
0.945615
0.945615
0.945615
0.945615
0.945615
0.945615
0.945615
0.945615
0.945615
0.945615
0.945615
0.945615
0.945615
0.945615
0.945615
0.945615
0.945615
0.945615
0.945615
0.945615
0.945615
0.945615
0.945615
0.945615
0.945615
0.945615
0.945615
0.945615
0.945615
0.945615
0.945615
0.945615
0.945615
0.945615
0.945615
0.945615
0.945615
0.945615
0.945615
0.945615
0.945615
0.945615
0.945615
0.945615
0.945615
0.945615
0.945615
0.945615
0.945615
0.945615
0.945615
0.945615
0.945615
0.945615
0.945615
0.945615
0.945615
0.945615
0.945615
0.945615
0.945615
0.945615
0.945615
0.945615
0.945615
0.945615
0.945615
0.945615
0.945615
0.945615
0.945615
0.945615
0.945615
0.945615
0.945615
0.945615
0.945615
0.945615
0.945615
0.945615
0.945615
0.945615
0.945615
0.945615
0.945615
0.945615
0.945615
0.945615
0.945615
0.945615
0.945615
0.945615
0.945615
0.945615
0.945615
0.945615
0.945615
0.945615
0.945615
0.945615
0.945615
0.945615
0.945615
0.945615
0.945615
0.945615
0.945615
0.945615
0.945615
0.945615
0.945615
0.945615
0.945615
0.945615
0.945615
0.945615
0.945615
0.945615
0.945615
0.945615
0.945615
0.945615
0.945615
0.945615
0.945615
0.945615
0.945615
0.945615
0.945615
0.945615
0.945615
0.945615
0.945615
0.945615
0.945615
0.945615
0.945615
0.945615
0.945615
0.945615
0.945615
0.945615
0.945615
0.945615
0.945615
0.945615
0.945615
0.945615
0.945615
0.945615
0.945615
0.945615
0.945615
0.945615
0.945615
0.945615
0.945615
0.945615
0.945615
0.945615
0.945615
0.945615
0.945615
0.945615
0.945615
0.945615
0.945615
0.945615
0.945615
0.945615
0.945615
0.945615
0.945615
0.945615
0.945615
0.945615
0.945615
0.945615
0.945615
0.945615
0.945615
0.945615
0.945615
0.945615
0.945615
0.945615
0.945615
0.945615
0.945615
0.945615
0.945615
0.945615
0.945615
0.945615
0.945615
0.945615
0.945615
0.945615
0.945615
0.945615
0.945615
0.945615
0.945615
0.945615
0.945615
0.945615
0.945615
0.945615
0.945615
0.945615
0.945615
0.945615
0.945615
0.945615
0.945615
0.945615
0.945615
0.945615
0.945615
0.945615
0.945615
0.945615
0.945615
0.945615
0.945615
0.945615
0.945615
0.945615
0.945615
0.945615
0.945615
0.945615
0.945615
0.945615
0.945615
0.945615
0.945615
0.945615
0.945615
0.945615
0.945615
0.945615
0.945615
0.945615
0.945615
0.945615
0.945615
0.945615
0.945615
0.945615
0.945615
0.945615
0.945615
0.945615
0.945615
0.945615
0.945615
0.945615
0.945615
0.945615
0.945615
0.945615
0.945615
0.945615
0.945615
0.945615
0.945615
0.945615
0.945615
0.945615
0.945615
0.945615
0.945615
0.945615
0.945615
0.945615
0.945615
0.945615
0.945615
0.945615
0.945615
0.945615
0.945615
0.945615
0.945615
0.945615
0.945615
0.945615
0.945615
0.945615
0.945615
0.945615
0.945615
0.945615
0.945615
0.945615
0.945615
0.945615
0.945615
0.945615
0.945615
0.945615
0.945615
0.945615
0.945615
0.945615
0.945615
0.945615
0.945615
0.945615
0.945615
0.945615
0.945615
0.945615
0.945615
0.945615
0.945615
0.945615
0.945615
0.945615
0.945615
0.945615
0.945615
0.945615
0.945615
0.945615
0.945615
0.945615
0.945615
0.945615
0.945615
0.945615
0.945615
0.945615
0.945615
0.945615
0.945615
0.945615
0.945615
0.945615
0.945615
0.945615
0.945615
0.945615
0.945615
0.945615
0.945615
0.945615
0.945615
0.945615
0.945615
0.945615
0.945615
0.945615
0.945615
0.945615
0.945615
0.945615
0.945615
0.945615
0.945615
0.945615
0.945615
0.945615
0.945615
0.945615
0.945615
0.945615
0.945615
0.945615
0.945615
0.945615
0.945615
0.945615
0.945615
0.945615
0.945615
0.945615
0.945615
0.945615
0.945615
0.945615
0.945615
0.945615
0.945615
0.945615
0.945615
0.945615
0.945615
0.945615
0.945615
0.945615
0.945615
0.945615
0.945615
0.945615
0.945615
0.945615
0.945615
0.945615
0.945615
0.945615
0.945615
0.945615
0.945615
0.945615
0.945615
0.945615
0.945615
0.945615
0.945615
0.945615
0.945615
0.945615
0.945615
0.945615
0.945615
0.945615
0.945615
0.945615
0.945615
0.945615
0.945615
0.945615
0.945615
0.945615
0.945615
0.945615
0.945615
0.945615
0.945615
0.945615
0.945615
0.945615
0.945615
0.945615
0.945615
0.945615
0.945615
0.945615
0.945615
0.945615
0.945615
0.945615
0.945615
0.945615
0.945615
0.945615
0.945615
0.945615
0.945615
0.945615
0.945615
0.945615
0.945615
0.945615
0.945615
0.945615
0.945615
0.945615
0.945615
0.945615
0.945615
0.945615
0.945615
0.945615
0.945615
0.945615
0.945615
0.945615
0.945615
0.945615
0.945615
0.945615
0.945615
0.945615
0.945615
0.945615
0.945615
0.945615
0.945615
0.945615
0.945615
0.945615
0.945615
0.945615
0.945615
0.945615
0.945615
0.945615
0.945615
0.945615
0.945615
0.945615
0.945615
0.945615
0.945615
0.945615
0.945615
0.945615
0.945615
0.945615
0.945615
0.945615
0.945615
0.945615
0.945615
0.945615
0.945615
0.945615
0.945615
0.945615
0.945615
0.945615
0.945615
0.945615
0.945615
0.945615
0.945615
0.945615
0.945615
0.945615
0.945615
0.945615
0.945615
0.945615
0.945615
0.945615
0.945615
0.945615
0.945615
0.945615
0.945615
0.945615
0.945615
0.945615
0.945615
0.945615
0.945615
0.945615
0.945615
0.945615
0.945615
0.945615
0.945615
0.945615
0.945615
0.945615
0.945615
0.945615
0.945615
0.945615
0.945615
0.945615
0.945615
0.945615
0.945615
0.945615
0.945615
0.945615
0.945615
0.945615
0.945615
0.945615
0.945615
0.945615
0.945615
0.945615
0.945615
0.945615
0.945615
0.945615
0.945615
0.945615
0.945615
0.945615
0.945615
0.945615
0.945615
0.945615
0.945615
0.945615
0.945615
0.945615
0.945615
0.945615
0.945615
0.945615
0.945615
0.945615
0.945615
0.945615
0.945615
0.945615
0.945615
0.945615
0.945615
0.945615
0.945615
0.945615
0.945615
0.945615
0.945615
0.945615
0.945615
0.945615
0.945615
0.945615
0.945615
0.945615
0.945615
0.945615
0.945615
0.945615
0.945615
0.945615
0.945615
0.945615
0.945615
0.945615
0.945615
0.945615
0.945615
0.945615
0.945615
0.945615
0.945615
0.945615
0.945615
0.945615
0.945615
0.945615
0.945615
0.945615
0.945615
0.945615
0.945615
0.945615
0.945615
0.945615
0.945615
0.945615
0.945615
0.945615
0.945615
0.945615
0.945615
0.945615
0.945615
0.945615
0.945615
0.945615
0.945615
0.945615
0.945615
0.945615
0.945615
0.945615
0.945615
0.945615
0.945615
0.945615
0.945615
0.945615
0.945615
0.945615
0.945615
0.945615
0.945615
0.945615
0.945615
0.945615
0.945615
0.945615
0.945615
0.945615
0.945615
0.945615
0.945615
0.945615
0.945615
0.945615
0.945615
0.945615
0.945615
0.945615
0.945615
0.945615
0.945615
0.945615
0.945615
0.945615
0.945615
0.945615
0.945615
0.945615
0.945615
0.945615
0.945615
0.945615
0.945615
0.945615
0.945615
0.945615
0.945615
0.945615
0.945615
0.945615
0.945615
0.945615
0.945615
0.945615
0.945615
0.945615
0.945615
0.945615
0.945615
0.945615
0.945615
0.945615
0.945615
0.945615
0.945615
0.945615
0.945615
0.945615
0.945615
0.945615
0.945615
0.945615
0.945615
0.945615
0.945615
0.945615
0.945615
0.945615
0.945615
0.945615
0.945615
0.945615
0.945615
0.945615
0.945615
0.945615
0.945615
0.945615
0.945615
0.945615
0.945615
0.945615
0.945615
0.945615
0.945615
0.945615
0.945615
0.945615
0.945615
0.945615
0.945615
0.945615
0.945615
0.945615
0.945615
0.945615
0.945615
0.945615
0.945615
0.945615
0.945615
0.945615
0.945615
0.945615
0.945615
0.945615
0.945615
0.945615
0.945615
0.945615
0.945615
0.945615
0.945615
0.945615
0.945615
0.945615
0.945615
0.945615
0.945615
0.945615
0.945615
0.945615
0.945615
0.945615
0.945615
0.945615
0.945615
0.945615
0.945615
0.945615
0.945615
0.945615
0.945615
0.945615
0.945615
0.945615
0.945615
0.945615
0.945615
0.945615
0.945615
0.945615
0.945615
0.945615
0.945615
0.945615
0.945615
0.945615
0.945615
0.945615
0.945615
0.945615
0.945615
0.945615
0.945615
0.945615
0.945615
0.945615
0.945615
0.945615
0.945615
0.945615
0.945615
0.945615
0.945615
0.945615
0.945615
0.945615
0.945615
0.945615
0.945615
0.945615
0.945615
0.945615
0.945615
0.945615
0.945615
0.945615
0.945615
0.945615
0.945615
0.945615
0.945615
0.945615
0.945615
0.945615
0.945615
0.945615
0.945615
0.945615
0.945615
0.945615
0.945615
0.945615
0.945615
0.945615
0.945615
0.945615
0.945615
0.945615
0.945615
0.945615
0.945615
0.945615
0.945615
0.945615
0.945615
0.945615
0.945615
0.945615
0.945615
0.945615
0.945615
0.945615
0.945615
0.945615
0.945615
0.945615
0.945615
0.945615
0.945615
0.945615
0.945615
0.945615
0.945615
0.945615
0.945615
0.945615
0.945615
0.945615
0.945615
0.945615
0.945615
0.945615
0.945615
0.945615
0.945615
0.945615
0.945615
0.945615
0.945615
0.945615
0.945615
0.945615
0.945615
0.945615
0.945615
0.945615
0.945615
0.945615
0.945615
0.945615
0.945615
0.945615
0.945615
0.945615
0.945615
0.945615
0.945615
0.945615
0.945615
0.945615
0.945615
0.945615
0.945615
0.945615
0.945615
0.945615
0.945615
0.945615
0.945615
0.945615
0.945615
0.945615
0.945615
0.945615
0.945615
0.945615
0.945615
0.945615
0.945615
0.945615
0.945615
0.945615
0.945615
0.945615
0.945615
0.945615
0.945615
0.945615
0.945615
0.945615
0.945615
0.945615
0.945615
0.945615
0.945615
0.945615
0.945615
0.945615
0.945615
0.945615
0.945615
0.945615
0.945615
0.945615
0.945615
0.945615
0.945615
0.945615
0.945615
0.945615
0.945615
0.945615
0.945615
0.945615
0.945615
0.945615
0.945615
0.945615
0.945615
0.945615
0.945615
0.945615
0.945615
0.945615
0.945615
0.945615
0.945615
