0.001
0.00554752
0.0109753
0.016708
0.0224942
0.0282177
0.0338251
0.039294
0.044619
0.0498039
0.0548571
0.0597892
0.0646115
0.0693352
0.0739707
0.0785277
0.0830147
0.0874392
0.0918077
0.0961259
0.100399
0.10463
0.108823
0.112982
0.117108
0.121203
0.12527
0.12931
0.133324
0.137314
0.141279
0.145221
0.149141
0.153038
0.156914
0.160769
0.164603
0.168417
0.17221
0.175983
0.179737
0.18347
0.187185
0.19088
0.194555
0.198212
0.20185
0.205469
0.20907
0.212651
0.216215
0.21976
0.223287
0.226795
0.230286
0.233758
0.237213
0.24065
0.244069
0.247471
0.250855
0.254221
0.257571
0.260903
0.264218
0.267515
0.270796
0.27406
0.277307
0.280538
0.283751
0.286949
0.290129
0.293293
0.296441
0.299573
0.302688
0.305788
0.308871
0.311939
0.314991
0.318026
0.321047
0.324051
0.32704
0.330014
0.332972
0.335915
0.338843
0.341756
0.344653
0.347536
0.350404
0.353256
0.356095
0.358918
0.361727
0.364521
0.367301
0.370066
0.372817
0.375554
0.378277
0.380985
0.38368
0.38636
0.389027
0.39168
0.394319
0.396944
0.399556
0.402154
0.404739
0.407311
0.409869
0.412413
0.414945
0.417463
0.419969
0.422461
0.42494
0.427407
0.429861
0.432302
0.43473
0.437146
0.439549
0.441939
0.444318
0.446683
0.449037
0.451378
0.453708
0.456025
0.45833
0.460623
0.462904
0.465173
0.46743
0.469676
0.47191
0.474133
0.476343
0.478543
0.480731
0.482907
0.485072
0.487226
0.489369
0.4915
0.493621
0.49573
0.497828
0.499916
0.501992
0.504058
0.506113
0.508157
0.510191
0.512214
0.514226
0.516228
0.51822
0.520201
0.522172
0.524132
0.526083
0.528023
0.529953
0.531873
0.533783
0.535683
0.537573
0.539453
0.541323
0.543184
0.545035
0.546876
0.548708
0.55053
0.552342
0.554145
0.555939
0.557723
0.559498
0.561264
0.56302
0.564768
0.566506
0.568235
0.569955
0.571666
0.573368
0.575061
0.576745
0.578421
0.580088
0.581746
0.583395
0.585036
0.586668
0.588292
0.589907
0.591514
0.593112
0.594702
0.596284
0.597857
0.599422
0.600979
0.602528
0.604068
0.605601
0.607125
0.608642
0.610151
0.611651
0.613144
0.614629
0.616107
0.617576
0.619038
0.620492
0.621939
0.623378
0.624809
0.626233
0.62765
0.629059
0.630461
0.631855
0.633242
0.634622
0.635994
0.63736
0.638718
0.640069
0.641413
0.64275
0.64408
0.645403
0.646719
0.648028
0.64933
0.650625
0.651914
0.653196
0.654471
0.655739
0.657001
0.658256
0.659505
0.660747
0.661982
0.663211
0.664434
0.66565
0.66686
0.668063
0.669261
0.670451
0.671636
0.672814
0.673986
0.675152
0.676312
0.677466
0.678614
0.679756
0.680891
0.682021
0.683145
0.684263
0.685375
0.686481
0.687581
0.688676
0.689765
0.690848
0.691925
0.692997
0.694063
0.695124
0.696179
0.697228
0.698272
0.69931
0.700343
0.701371
0.702393
0.70341
0.704421
0.705427
0.706428
0.707424
0.708414
0.709399
0.710379
0.711354
0.712323
0.713288
0.714247
0.715202
0.716151
0.717096
0.718035
0.71897
0.719899
0.720824
0.721744
0.722659
0.723569
0.724474
0.725375
0.726271
0.727162
0.728048
0.72893
0.729807
0.73068
0.731548
0.732411
0.73327
0.734124
0.734974
0.735819
0.73666
0.737497
0.738329
0.739156
0.73998
0.740799
0.741613
0.742424
0.74323
0.744032
0.744829
0.745623
0.746412
0.747197
0.747978
0.748755
0.749528
0.750297
0.751061
0.751822
0.752579
0.753331
0.75408
0.754825
0.755565
0.756302
0.757035
0.757764
0.75849
0.759211
0.759929
0.760643
0.761353
0.762059
0.762762
0.763461
0.764156
0.764848
0.765536
0.76622
0.766901
0.767578
0.768252
0.768922
0.769588
0.770251
0.770911
0.771567
0.772219
0.772868
0.773514
0.774156
0.774795
0.775431
0.776063
0.776692
0.777317
0.77794
0.778559
0.779174
0.779787
0.780396
0.781002
0.781605
0.782204
0.782801
0.783394
0.783984
0.784571
0.785155
0.785736
0.786314
0.786889
0.787461
0.788029
0.788595
0.789158
0.789717
0.790274
0.790828
0.791379
0.791927
0.792472
0.793015
0.793554
0.794091
0.794624
0.795155
0.795683
0.796209
0.796731
0.797251
0.797768
0.798283
0.798794
0.799303
0.799809
0.800313
0.800814
0.801312
0.801808
0.802301
0.802791
0.803279
0.803764
0.804247
0.804727
0.805205
0.80568
0.806152
0.806622
0.80709
0.807555
0.808018
0.808478
0.808936
0.809391
0.809844
0.810295
0.810743
0.811189
0.811632
0.812073
0.812512
0.812949
0.813383
0.813815
0.814244
0.814672
0.815097
0.81552
0.81594
0.816359
0.816775
0.817189
0.817601
0.81801
0.818418
0.818823
0.819226
0.819627
0.820026
0.820423
0.820818
0.82121
0.821601
0.821989
0.822376
0.82276
0.823143
0.823523
0.823901
0.824278
0.824652
0.825024
0.825395
0.825763
0.82613
0.826494
0.826857
0.827217
0.827576
0.827933
0.828288
0.828641
0.828993
0.829342
0.82969
0.830035
0.830379
0.830721
0.831062
0.8314
0.831737
0.832072
0.832405
0.832736
0.833066
0.833394
0.83372
0.834045
0.834367
0.834688
0.835008
0.835325
0.835641
0.835956
0.836268
0.836579
0.836889
0.837196
0.837502
0.837807
0.83811
0.838411
0.838711
0.839009
0.839305
0.8396
0.839893
0.840185
0.840476
0.840764
0.841051
0.841337
0.841621
0.841904
0.842185
0.842465
0.842743
0.84302
0.843295
0.843569
0.843841
0.844112
0.844382
0.84465
0.844917
0.845182
0.845446
0.845708
0.845969
0.846229
0.846487
0.846744
0.847
0.847254
0.847507
0.847758
0.848009
0.848258
0.848505
0.848752
0.848996
0.84924
0.849483
0.849724
0.849964
0.850202
0.850439
0.850675
0.85091
0.851144
0.851376
0.851607
0.851837
0.852066
0.852293
0.852519
0.852745
0.852968
0.853191
0.853413
0.853633
0.853852
0.85407
0.854287
0.854503
0.854717
0.854931
0.855143
0.855354
0.855564
0.855773
0.855981
0.856188
0.856393
0.856598
0.856801
0.857004
0.857205
0.857405
0.857605
0.857803
0.858
0.858196
0.858391
0.858585
0.858778
0.85897
0.859161
0.859351
0.85954
0.859727
0.859914
0.8601
0.860285
0.860469
0.860652
0.860834
0.861015
0.861195
0.861375
0.861553
0.86173
0.861906
0.862082
0.862256
0.86243
0.862602
0.862774
0.862945
0.863115
0.863284
0.863452
0.863619
0.863785
0.863951
0.864116
0.864279
0.864442
0.864604
0.864765
0.864925
0.865085
0.865243
0.865401
0.865558
0.865714
0.865869
0.866024
0.866177
0.86633
0.866482
0.866633
0.866784
0.866933
0.867082
0.86723
0.867377
0.867524
0.867669
0.867814
0.867959
0.868102
0.868244
0.868386
0.868527
0.868668
0.868807
0.868946
0.869084
0.869222
0.869359
0.869494
0.86963
0.869764
0.869898
0.870031
0.870164
0.870295
0.870426
0.870557
0.870686
0.870815
0.870943
0.871071
0.871198
0.871324
0.87145
0.871575
0.871699
0.871822
0.871945
0.872068
0.872189
0.87231
0.87243
0.87255
0.872669
0.872788
0.872905
0.873023
0.873139
0.873255
0.873371
0.873485
0.873599
0.873713
0.873826
0.873938
0.87405
0.874161
0.874271
0.874381
0.874491
0.8746
0.874708
0.874815
0.874923
0.875029
0.875135
0.87524
0.875345
0.87545
0.875553
0.875656
0.875759
0.875861
0.875963
0.876064
0.876164
0.876264
0.876363
0.876462
0.876561
0.876659
0.876756
0.876853
0.876949
0.877045
0.87714
0.877235
0.877329
0.877423
0.877516
0.877609
0.877701
0.877793
0.877884
0.877975
0.878065
0.878155
0.878245
0.878334
0.878422
0.87851
0.878598
0.878685
0.878771
0.878857
0.878943
0.879028
0.879113
0.879197
0.879281
0.879365
0.879448
0.87953
0.879612
0.879694
0.879775
0.879856
0.879937
0.880017
0.880096
0.880175
0.880254
0.880332
0.88041
0.880487
0.880565
0.880641
0.880717
0.880793
0.880869
0.880944
0.881018
0.881093
0.881166
0.88124
0.881313
0.881386
0.881458
0.88153
0.881601
0.881673
0.881743
0.881814
0.881884
0.881953
0.882023
0.882092
0.88216
0.882228
0.882296
0.882364
0.882431
0.882498
0.882564
0.88263
0.882696
0.882761
0.882826
0.882891
0.882955
0.883019
0.883083
0.883146
0.883209
0.883272
0.883334
0.883396
0.883458
0.883519
0.88358
0.883641
0.883701
0.883761
0.883821
0.88388
0.883939
0.883998
0.884056
0.884115
0.884172
0.88423
0.884287
0.884344
0.884401
0.884457
0.884513
0.884569
0.884624
0.884679
0.884734
0.884789
0.884843
0.884897
0.884951
0.885004
0.885057
0.88511
0.885163
0.885215
0.885267
0.885319
0.88537
0.885421
0.885472
0.885523
0.885573
0.885624
0.885673
0.885723
0.885772
0.885821
0.88587
0.885919
0.885967
0.886015
0.886063
0.88611
0.886158
0.886205
0.886251
0.886298
0.886344
0.88639
0.886436
0.886482
0.886527
0.886572
0.886617
0.886661
0.886706
0.88675
0.886794
0.886838
0.886881
0.886924
0.886967
0.88701
0.887052
0.887095
0.887137
0.887179
0.88722
0.887262
0.887303
0.887344
0.887384
0.887425
0.887465
0.887505
0.887545
0.887585
0.887624
0.887664
0.887703
0.887742
0.88778
0.887819
0.887857
0.887895
0.887933
0.88797
0.888008
0.888045
0.888082
0.888119
0.888156
0.888192
0.888228
0.888264
0.8883
0.888336
0.888371
0.888407
0.888442
0.888477
0.888511
0.888546
0.88858
0.888615
0.888649
0.888682
0.888716
0.88875
0.888783
0.888816
0.888849
0.888882
0.888914
0.888947
0.888979
0.889011
0.889043
0.889075
0.889106
0.889138
0.889169
0.8892
0.889231
0.889262
0.889292
0.889323
0.889353
0.889383
0.889413
0.889443
0.889472
0.889502
0.889531
0.88956
0.889589
0.889618
0.889647
0.889676
0.889704
0.889732
0.88976
0.889788
0.889816
0.889844
0.889871
0.889899
0.889926
0.889953
0.88998
0.890007
0.890033
0.89006
0.890086
0.890112
0.890138
0.890164
0.89019
0.890216
0.890241
0.890267
0.890292
0.890317
0.890342
0.890367
0.890392
0.890416
0.890441
0.890465
0.890489
0.890513
0.890537
0.890561
0.890585
0.890609
0.890632
0.890655
0.890679
0.890702
0.890725
0.890747
0.89077
0.890793
0.890815
0.890838
0.89086
0.890882
0.890904
0.890926
0.890948
0.890969
0.890991
0.891012
0.891034
0.891055
0.891076
0.891097
0.891118
0.891138
0.891159
0.89118
0.8912
0.89122
0.891241
0.891261
0.891281
0.891301
0.89132
0.89134
0.89136
0.891379
0.891399
0.891418
0.891437
0.891456
0.891475
0.891494
0.891513
0.891531
0.89155
0.891568
0.891587
0.891605
0.891623
0.891641
0.891659
0.891677
0.891695
0.891713
0.89173
0.891748
0.891765
0.891783
0.8918
0.891817
0.891834
0.891851
0.891868
0.891885
0.891901
0.891918
0.891934
0.891951
0.891967
0.891983
0.892
0.892016
0.892032
0.892048
0.892063
0.892079
0.892095
0.89211
0.892126
0.892141
0.892157
0.892172
0.892187
0.892202
0.892217
0.892232
0.892247
0.892262
0.892277
0.892291
0.892306
0.89232
0.892335
0.892349
0.892363
0.892377
0.892391
0.892405
0.892419
0.892433
0.892447
0.892461
0.892474
0.892488
0.892501
0.892515
0.892528
0.892541
0.892555
0.892568
0.892581
0.892594
0.892607
0.89262
0.892633
0.892645
0.892658
0.892671
0.892683
0.892696
0.892708
0.89272
0.892733
0.892745
0.892757
0.892769
0.892781
0.892793
0.892805
0.892817
0.892828
0.89284
0.892852
0.892863
0.892875
0.892886
0.892898
0.892909
0.89292
0.892931
0.892943
0.892954
0.892965
0.892976
0.892987
0.892998
0.893008
0.893019
0.89303
0.89304
0.893051
0.893061
0.893072
0.893082
0.893093
0.893103
0.893113
0.893123
0.893134
0.893144
0.893154
0.893164
0.893174
0.893183
0.893193
0.893203
0.893213
0.893222
0.893232
0.893242
0.893251
0.893261
0.89327
0.893279
0.893289
0.893298
0.893307
0.893316
0.893325
0.893334
0.893343
0.893352
0.893361
0.89337
0.893379
0.893388
0.893397
0.893405
0.893414
0.893423
0.893431
0.89344
0.893448
0.893456
0.893465
0.893473
0.893481
0.89349
0.893498
0.893506
0.893514
0.893522
0.89353
0.893538
0.893546
0.893554
0.893562
0.89357
0.893577
0.893585
0.893593
0.893601
0.893608
0.893616
0.893623
0.893631
0.893638
0.893646
0.893653
0.89366
0.893668
0.893675
0.893682
0.893689
0.893696
0.893703
0.893711
0.893718
0.893725
0.893732
0.893738
0.893745
0.893752
0.893759
0.893766
0.893772
0.893779
0.893786
0.893792
0.893799
0.893806
0.893812
0.893819
0.893825
0.893831
0.893838
0.893844
0.893851
0.893857
0.893863
0.893869
0.893875
0.893882
0.893888
0.893894
0.8939
0.893906
0.893912
0.893918
0.893924
0.89393
0.893936
0.893941
0.893947
0.893953
0.893959
0.893964
0.89397
0.893976
0.893981
0.893987
0.893993
0.893998
0.894004
0.894009
0.894014
0.89402
0.894025
0.894031
0.894036
0.894041
0.894047
0.894052
0.894057
0.894062
0.894067
0.894072
0.894078
0.894083
0.894088
0.894093
0.894098
0.894103
0.894108
0.894113
0.894118
0.894122
0.894127
0.894132
0.894137
0.894142
0.894146
0.894151
0.894156
0.89416
0.894165
0.89417
0.894174
0.894179
0.894183
0.894188
0.894192
0.894197
0.894201
0.894206
0.89421
0.894215
0.894219
0.894223
0.894228
0.894232
0.894236
0.89424
0.894245
0.894249
0.894253
0.894257
0.894261
0.894265
0.894269
0.894273
0.894278
0.894282
0.894286
0.89429
0.894293
0.894297
0.894301
0.894305
0.894309
0.894313
0.894317
0.894321
0.894324
0.894328
0.894332
0.894336
0.894339
0.894343
0.894347
0.89435
0.894354
0.894358
0.894361
0.894365
0.894368
0.894372
0.894375
0.894379
0.894382
0.894386
0.894389
0.894393
0.894396
0.8944
0.894403
0.894406
0.89441
0.894413
0.894416
0.89442
0.894423
0.894426
0.894429
0.894433
0.894436
0.894439
0.894442
0.894445
0.894448
0.894452
0.894455
0.894458
0.894461
0.894464
0.894467
0.89447
0.894473
0.894476
0.894479
0.894482
0.894485
0.894488
0.894491
0.894493
0.894496
0.894499
0.894502
0.894505
0.894508
0.894511
0.894513
0.894516
0.894519
0.894522
0.894524
0.894527
0.89453
0.894532
0.894535
0.894538
0.89454
0.894543
0.894546
0.894548
0.894551
0.894553
0.894556
0.894559
0.894561
0.894564
0.894566
0.894569
0.894571
0.894574
0.894576
0.894578
0.894581
0.894583
0.894586
0.894588
0.89459
0.894593
0.894595
0.894598
0.8946
0.894602
0.894604
0.894607
0.894609
0.894611
0.894614
0.894616
0.894618
0.89462
0.894622
0.894625
0.894627
0.894629
0.894631
0.894633
0.894635
0.894638
0.89464
0.894642
0.894644
0.894646
0.894648
0.89465
0.894652
0.894654
0.894656
0.894658
0.89466
0.894662
0.894664
0.894666
0.894668
0.89467
0.894672
0.894674
0.894676
0.894678
0.89468
0.894682
0.894684
0.894685
0.894687
0.894689
0.894691
0.894693
0.894695
0.894696
0.894698
0.8947
0.894702
0.894704
0.894705
0.894707
0.894709
0.894711
0.894712
0.894714
0.894716
0.894717
0.894719
0.894721
0.894722
0.894724
0.894726
0.894727
0.894729
0.894731
0.894732
0.894734
0.894736
0.894737
0.894739
0.89474
0.894742
0.894743
0.894745
0.894747
0.894748
0.89475
0.894751
0.894753
0.894754
0.894756
0.894757
0.894759
0.89476
0.894762
0.894763
0.894765
0.894766
0.894767
0.894769
0.89477
0.894772
0.894773
0.894774
0.894776
0.894777
0.894779
0.89478
0.894781
0.894783
0.894784
0.894785
0.894787
0.894788
0.894789
0.894791
0.894792
0.894793
0.894795
0.894796
0.894797
0.894798
0.8948
0.894801
0.894802
0.894803
0.894805
0.894806
0.894807
0.894808
0.89481
0.894811
0.894812
0.894813
0.894814
0.894815
0.894817
0.894818
0.894819
0.89482
0.894821
0.894822
0.894824
0.894825
0.894826
0.894827
0.894828
0.894829
0.89483
0.894831
0.894832
0.894834
0.894835
0.894836
0.894837
0.894838
0.894839
0.89484
0.894841
0.894842
0.894843
0.894844
0.894845
0.894846
0.894847
0.894848
0.894849
0.89485
0.894851
0.894852
0.894853
0.894854
0.894855
0.894856
0.894857
0.894858
0.894859
0.89486
0.894861
0.894862
0.894863
0.894864
0.894864
0.894865
0.894866
0.894867
0.894868
0.894869
0.89487
0.894871
0.894872
0.894872
0.894873
0.894874
0.894875
0.894876
0.894877
0.894878
0.894878
0.894879
0.89488
0.894881
0.894882
0.894883
0.894883
0.894884
0.894885
0.894886
0.894887
0.894887
0.894888
0.894889
0.89489
0.894891
0.894891
0.894892
0.894893
0.894894
0.894894
0.894895
0.894896
0.894897
0.894897
0.894898
0.894899
0.8949
0.8949
0.894901
0.894902
0.894903
0.894903
0.894904
0.894905
0.894905
0.894906
0.894907
0.894907
0.894908
0.894909
0.894909
0.89491
0.894911
0.894912
0.894912
0.894913
0.894913
0.894914
0.894915
0.894915
0.894916
0.894917
0.894917
0.894918
0.894919
0.894919
0.89492
0.894921
0.894921
0.894922
0.894922
0.894923
0.894924
0.894924
0.894925
0.894925
0.894926
0.894927
0.894927
0.894928
0.894928
0.894929
0.894929
0.89493
0.894931
0.894931
0.894932
0.894932
0.894933
0.894933
0.894934
0.894934
0.894935
0.894936
0.894936
0.894937
0.894937
0.894938
0.894938
0.894939
0.894939
0.89494
0.89494
0.894941
0.894941
0.894942
0.894942
0.894943
0.894943
0.894944
0.894944
0.894945
0.894945
0.894946
0.894946
0.894947
0.894947
0.894948
0.894948
0.894949
0.894949
0.89495
0.89495
0.89495
0.894951
0.894951
0.894952
0.894952
0.894953
0.894953
0.894954
0.894954
0.894955
0.894955
0.894955
0.894956
0.894956
0.894957
0.894957
0.894958
0.894958
0.894958
0.894959
0.894959
0.89496
0.89496
0.89496
0.894961
0.894961
0.894962
0.894962
0.894962
0.894963
0.894963
0.894964
0.894964
0.894964
0.894965
0.894965
0.894966
0.894966
0.894966
0.894967
0.894967
0.894967
0.894968
0.894968
0.894969
0.894969
0.894969
0.89497
0.89497
0.89497
0.894971
0.894971
0.894971
0.894972
0.894972
0.894972
0.894973
0.894973
0.894973
0.894974
0.894974
0.894974
0.894975
0.894975
0.894975
0.894976
0.894976
0.894976
0.894977
0.894977
0.894977
0.894978
0.894978
0.894978
0.894979
0.894979
0.894979
0.89498
0.89498
0.89498
0.89498
0.894981
0.894981
0.894981
0.894982
0.894982
0.894982
0.894982
0.894983
0.894983
0.894983
0.894984
0.894984
0.894984
0.894984
0.894985
0.894985
0.894985
0.894986
0.894986
0.894986
0.894986
0.894987
0.894987
0.894987
0.894987
0.894988
0.894988
0.894988
0.894989
0.894989
0.894989
0.894989
0.89499
0.89499
0.89499
0.89499
0.894991
0.894991
0.894991
0.894991
0.894991
0.894992
0.894992
0.894992
0.894992
0.894993
0.894993
0.894993
0.894993
0.894994
0.894994
0.894994
0.894994
0.894995
0.894995
0.894995
0.894995
0.894995
0.894996
0.894996
0.894996
0.894996
0.894997
0.894997
0.894997
0.894997
0.894997
0.894998
0.894998
0.894998
0.894998
0.894998
0.894999
0.894999
0.894999
0.894999
0.894999
0.895
0.895
0.895
0.895
0.895
0.895001
0.895001
0.895001
0.895001
0.895001
0.895002
0.895002
0.895002
0.895002
0.895002
0.895002
0.895003
0.895003
0.895003
0.895003
0.895003
0.895004
0.895004
0.895004
0.895004
0.895004
0.895004
0.895005
0.895005
0.895005
0.895005
0.895005
0.895005
0.895006
0.895006
0.895006
0.895006
0.895006
0.895006
0.895007
0.895007
0.895007
0.895007
0.895007
0.895007
0.895008
0.895008
0.895008
0.895008
0.895008
0.895008
0.895008
0.895009
0.895009
0.895009
0.895009
0.895009
0.895009
0.89501
0.89501
0.89501
0.89501
0.89501
0.89501
0.89501
0.895011
0.895011
0.895011
0.895011
0.895011
0.895011
0.895011
0.895011
0.895012
0.895012
0.895012
0.895012
0.895012
0.895012
0.895012
0.895013
0.895013
0.895013
0.895013
0.895013
0.895013
0.895013
0.895013
0.895014
0.895014
0.895014
0.895014
0.895014
0.895014
0.895014
0.895014
0.895015
0.895015
0.895015
0.895015
0.895015
0.895015
0.895015
0.895015
0.895015
0.895016
0.895016
0.895016
0.895016
0.895016
0.895016
0.895016
0.895016
0.895016
0.895017
0.895017
0.895017
0.895017
0.895017
0.895017
0.895017
0.895017
0.895017
0.895018
0.895018
0.895018
0.895018
0.895018
0.895018
0.895018
0.895018
0.895018
0.895018
0.895019
0.895019
0.895019
0.895019
0.895019
0.895019
0.895019
0.895019
0.895019
0.895019
0.89502
0.89502
0.89502
0.89502
0.89502
0.89502
0.89502
0.89502
0.89502
0.89502
0.89502
0.895021
0.895021
0.895021
0.895021
0.895021
0.895021
0.895021
0.895021
0.895021
0.895021
0.895021
0.895021
0.895022
0.895022
0.895022
0.895022
0.895022
0.895022
0.895022
0.895022
0.895022
0.895022
0.895022
0.895022
0.895022
0.895023
0.895023
0.895023
0.895023
0.895023
0.895023
0.895023
0.895023
0.895023
0.895023
0.895023
0.895023
0.895023
0.895024
0.895024
0.895024
0.895024
0.895024
0.895024
0.895024
0.895024
0.895024
0.895024
0.895024
0.895024
0.895024
0.895024
0.895024
0.895025
0.895025
0.895025
0.895025
0.895025
0.895025
0.895025
0.895025
0.895025
0.895025
0.895025
0.895025
0.895025
0.895025
0.895025
0.895026
0.895026
0.895026
0.895026
0.895026
0.895026
0.895026
0.895026
0.895026
0.895026
0.895026
0.895026
0.895026
0.895026
0.895026
0.895026
0.895026
0.895026
0.895027
0.895027
0.895027
0.895027
0.895027
0.895027
0.895027
0.895027
0.895027
0.895027
0.895027
0.895027
0.895027
0.895027
0.895027
0.895027
0.895027
0.895027
0.895028
0.895028
0.895028
0.895028
0.895028
0.895028
0.895028
0.895028
0.895028
0.895028
0.895028
0.895028
0.895028
0.895028
0.895028
0.895028
0.895028
0.895028
0.895028
0.895028
0.895028
0.895029
0.895029
0.895029
0.895029
0.895029
0.895029
0.895029
0.895029
0.895029
0.895029
0.895029
0.895029
0.895029
0.895029
0.895029
0.895029
0.895029
0.895029
0.895029
0.895029
0.895029
0.895029
0.895029
0.895029
0.89503
0.89503
0.89503
0.89503
0.89503
0.89503
0.89503
0.89503
0.89503
0.89503
0.89503
0.89503
0.89503
0.89503
0.89503
0.89503
0.89503
0.89503
0.89503
0.89503
0.89503
0.89503
0.89503
0.89503
0.89503
0.89503
0.89503
0.895031
0.895031
0.895031
0.895031
0.895031
0.895031
0.895031
0.895031
0.895031
0.895031
0.895031
0.895031
0.895031
0.895031
0.895031
0.895031
0.895031
0.895031
0.895031
0.895031
0.895031
0.895031
0.895031
0.895031
0.895031
0.895031
0.895031
0.895031
0.895031
0.895031
0.895031
0.895032
0.895032
0.895032
0.895032
0.895032
0.895032
0.895032
0.895032
0.895032
0.895032
0.895032
0.895032
0.895032
0.895032
0.895032
0.895032
0.895032
0.895032
0.895032
0.895032
0.895032
0.895032
0.895032
0.895032
0.895032
0.895032
0.895032
0.895032
0.895032
0.895032
0.895032
0.895032
0.895032
0.895032
0.895032
0.895032
0.895032
0.895032
0.895033
0.895033
0.895033
0.895033
0.895033
0.895033
0.895033
0.895033
0.895033
0.895033
0.895033
0.895033
0.895033
0.895033
0.895033
0.895033
0.895033
0.895033
0.895033
0.895033
0.895033
0.895033
0.895033
0.895033
0.895033
0.895033
0.895033
0.895033
0.895033
0.895033
0.895033
0.895033
0.895033
0.895033
0.895033
0.895033
0.895033
0.895033
0.895033
0.895033
0.895033
0.895033
0.895033
0.895033
0.895033
0.895033
0.895033
0.895034
0.895034
0.895034
0.895034
0.895034
0.895034
0.895034
0.895034
0.895034
0.895034
0.895034
0.895034
0.895034
0.895034
0.895034
0.895034
0.895034
0.895034
0.895034
0.895034
0.895034
0.895034
0.895034
0.895034
0.895034
0.895034
0.895034
0.895034
0.895034
0.895034
0.895034
0.895034
0.895034
0.895034
0.895034
0.895034
0.895034
0.895034
0.895034
0.895034
0.895034
0.895034
0.895034
0.895034
0.895034
0.895034
0.895034
0.895034
0.895034
0.895034
0.895034
0.895034
0.895034
0.895034
0.895034
0.895034
0.895034
0.895034
0.895034
0.895034
0.895034
0.895034
0.895034
0.895034
0.895035
0.895035
0.895035
0.895035
0.895035
0.895035
0.895035
0.895035
0.895035
0.895035
0.895035
0.895035
0.895035
0.895035
0.895035
0.895035
0.895035
0.895035
0.895035
0.895035
0.895035
0.895035
0.895035
0.895035
0.895035
0.895035
0.895035
0.895035
0.895035
0.895035
0.895035
0.895035
0.895035
0.895035
0.895035
0.895035
0.895035
0.895035
0.895035
0.895035
0.895035
0.895035
0.895035
0.895035
0.895035
0.895035
0.895035
0.895035
0.895035
0.895035
0.895035
0.895035
0.895035
0.895035
0.895035
0.895035
0.895035
0.895035
0.895035
0.895035
0.895035
0.895035
0.895035
0.895035
0.895035
0.895035
0.895035
0.895035
0.895035
0.895035
0.895035
0.895035
0.895035
0.895035
0.895035
0.895035
0.895035
0.895035
0.895035
0.895035
0.895035
0.895035
0.895035
0.895035
0.895035
0.895035
0.895035
0.895035
0.895035
0.895035
0.895035
0.895035
0.895035
0.895035
0.895035
0.895035
0.895036
0.895036
0.895036
0.895036
0.895036
0.895036
0.895036
0.895036
0.895036
0.895036
0.895036
0.895036
0.895036
0.895036
0.895036
0.895036
0.895036
0.895036
0.895036
0.895036
0.895036
0.895036
0.895036
0.895036
0.895036
0.895036
0.895036
0.895036
0.895036
0.895036
0.895036
0.895036
0.895036
0.895036
0.895036
0.895036
0.895036
0.895036
0.895036
0.895036
0.895036
0.895036
0.895036
0.895036
0.895036
0.895036
0.895036
0.895036
0.895036
0.895036
0.895036
0.895036
0.895036
0.895036
0.895036
0.895036
0.895036
0.895036
0.895036
0.895036
0.895036
0.895036
0.895036
0.895036
0.895036
0.895036
0.895036
0.895036
0.895036
0.895036
0.895036
0.895036
0.895036
0.895036
0.895036
0.895036
0.895036
0.895036
0.895036
0.895036
0.895036
0.895036
0.895036
0.895036
0.895036
0.895036
0.895036
0.895036
0.895036
0.895036
0.895036
0.895036
0.895036
0.895036
0.895036
0.895036
0.895036
0.895036
0.895036
0.895036
0.895036
0.895036
0.895036
0.895036
0.895036
0.895036
0.895036
0.895036
0.895036
0.895036
0.895036
0.895036
0.895036
0.895036
0.895036
0.895036
0.895036
0.895036
0.895036
0.895036
0.895036
0.895036
0.895036
0.895036
0.895036
0.895036
0.895036
0.895036
0.895036
0.895036
0.895036
0.895036
0.895036
0.895036
0.895036
0.895036
0.895036
0.895036
0.895036
0.895036
0.895036
0.895036
0.895036
0.895036
0.895036
0.895036
0.895036
0.895036
0.895036
0.895036
0.895036
0.895036
0.895036
0.895036
0.895036
0.895036
0.895036
0.895036
0.895036
0.895036
0.895036
0.895036
0.895036
0.895036
0.895036
0.895036
0.895036
0.895036
0.895036
0.895036
0.895036
0.895036
0.895036
0.895036
0.895036
0.895036
0.895036
0.895036
0.895036
0.895036
0.895036
0.895036
0.895036
0.895036
0.895036
0.895036
0.895036
0.895036
0.895036
0.895036
0.895036
0.895036
0.895036
0.895036
0.895036
0.895036
0.895036
0.895036
0.895036
0.895036
0.895036
0.895036
0.895036
0.895036
0.895036
0.895036
0.895037
0.895037
0.895037
0.895037
0.895037
0.895037
0.895037
0.895037
0.895037
0.895037
0.895037
0.895037
0.895037
0.895037
0.895037
0.895037
0.895037
0.895037
0.895037
0.895037
0.895037
0.895037
0.895037
0.895037
0.895037
0.895037
0.895037
0.895037
0.895037
0.895037
0.895037
0.895037
0.895037
0.895037
0.895037
0.895037
0.895037
0.895037
0.895037
0.895037
0.895037
0.895037
0.895037
0.895037
0.895037
0.895037
0.895037
0.895037
0.895037
0.895037
0.895037
0.895037
0.895037
0.895037
0.895037
0.895037
0.895037
0.895037
0.895037
0.895037
0.895037
0.895037
0.895037
0.895037
0.895037
0.895037
0.895037
0.895037
0.895037
0.895037
0.895037
0.895037
0.895037
0.895037
0.895037
0.895037
0.895037
0.895037
0.895037
0.895037
0.895037
0.895037
0.895037
0.895037
0.895037
0.895037
0.895037
0.895037
0.895037
0.895037
0.895037
0.895037
0.895037
0.895037
0.895037
0.895037
0.895037
0.895037
0.895037
0.895037
0.895037
0.895037
0.895037
0.895037
0.895037
0.895037
0.895037
0.895037
0.895037
0.895037
0.895037
0.895037
0.895037
0.895037
0.895037
0.895037
0.895037
0.895037
0.895037
0.895037
0.895037
0.895037
0.895037
0.895037
0.895037
0.895037
0.895037
0.895037
0.895037
0.895037
0.895037
0.895037
0.895037
0.895037
0.895037
0.895037
0.895037
0.895037
0.895037
0.895037
0.895037
0.895037
0.895037
0.895037
0.895037
0.895037
0.895037
0.895037
0.895037
0.895037
0.895037
0.895037
0.895037
0.895037
0.895037
0.895037
0.895037
0.895037
0.895037
0.895037
0.895037
0.895037
0.895037
0.895037
0.895037
0.895037
0.895037
0.895037
0.895037
0.895037
0.895037
0.895037
0.895037
0.895037
0.895037
0.895037
0.895037
0.895037
0.895037
0.895037
0.895037
0.895037
0.895037
0.895037
0.895037
0.895037
0.895037
0.895037
0.895037
0.895037
0.895037
0.895037
0.895037
0.895037
0.895037
0.895037
0.895037
0.895037
0.895037
0.895037
0.895037
0.895037
0.895037
0.895037
0.895037
0.895037
0.895037
0.895037
0.895037
0.895037
0.895037
0.895037
0.895037
0.895037
0.895037
0.895037
0.895037
0.895037
0.895037
0.895037
0.895037
0.895037
0.895037
0.895037
0.895037
0.895037
0.895037
0.895037
0.895037
0.895037
0.895037
0.895037
0.895037
0.895037
0.895037
0.895037
0.895037
0.895037
0.895037
0.895037
0.895037
0.895037
0.895037
0.895037
0.895037
0.895037
0.895037
0.895037
0.895037
0.895037
0.895037
0.895037
0.895037
0.895037
0.895037
0.895037
0.895037
0.895037
0.895037
0.895037
0.895037
0.895037
0.895037
0.895037
0.895037
0.895037
0.895037
0.895037
0.895037
0.895037
0.895037
0.895037
0.895037
0.895037
0.895037
0.895037
0.895037
0.895037
0.895037
0.895037
0.895037
0.895037
0.895037
0.895037
0.895037
0.895037
0.895037
0.895037
0.895037
0.895037
0.895037
0.895037
0.895037
0.895037
0.895037
0.895037
0.895037
0.895037
0.895037
0.895037
0.895037
0.895037
0.895037
0.895037
0.895037
0.895037
0.895037
0.895037
0.895037
0.895037
0.895037
0.895037
0.895037
0.895037
0.895037
0.895037
0.895037
0.895037
0.895037
0.895037
0.895037
0.895037
0.895037
0.895037
0.895037
0.895037
0.895037
0.895037
0.895037
0.895037
0.895037
0.895037
0.895037
0.895037
0.895037
0.895037
0.895037
0.895037
0.895037
0.895037
0.895037
0.895037
0.895037
0.895037
0.895037
0.895037
0.895037
0.895037
0.895037
0.895037
0.895037
0.895037
0.895037
0.895037
0.895037
0.895037
0.895037
0.895037
0.895037
0.895037
0.895037
0.895037
0.895037
0.895037
0.895037
0.895037
0.895037
0.895037
0.895037
0.895037
0.895037
0.895037
0.895037
0.895037
0.895037
0.895037
0.895037
0.895037
0.895037
0.895037
0.895037
0.895037
0.895037
0.895037
0.895037
0.895037
0.895037
0.895037
0.895037
0.895037
0.895037
0.895037
0.895037
0.895037
0.895037
0.895037
0.895037
0.895037
0.895037
0.895037
0.895037
0.895037
0.895037
0.895037
0.895037
0.895037
0.895037
0.895037
0.895037
0.895037
0.895037
0.895037
0.895037
0.895037
0.895037
0.895037
0.895037
0.895037
0.895037
0.895037
0.895037
0.895037
0.895037
0.895037
0.895037
0.895037
0.895037
0.895037
0.895037
0.895037
0.895037
0.895037
0.895037
0.895037
0.895037
0.895037
0.895037
0.895037
0.895037
0.895037
0.895037
0.895037
0.895037
0.895037
0.895037
0.895037
0.895037
0.895037
0.895037
0.895037
0.895037
0.895037
0.895037
0.895037
0.895037
0.895037
0.895037
0.895037
0.895037
0.895037
0.895037
0.895037
0.895037
0.895037
0.895037
0.895037
0.895037
0.895037
0.895037
0.895037
0.895037
0.895037
0.895037
0.895037
0.895037
0.895037
0.895037
0.895037
0.895037
0.895037
0.895037
0.895037
0.895037
0.895037
0.895037
0.895037
0.895037
0.895037
0.895037
0.895037
0.895037
0.895037
0.895037
0.895037
0.895037
0.895037
0.895037
0.895037
0.895037
0.895037
0.895037
0.895037
0.895037
0.895037
0.895037
0.895037
0.895037
0.895037
0.895037
0.895037
0.895037
0.895037
0.895037
0.895037
0.895037
0.895037
0.895037
0.895037
0.895037
0.895037
0.895037
0.895037
0.895037
0.895037
0.895037
0.895037
0.895037
0.895037
0.895037
0.895037
0.895037
0.895037
0.895037
0.895037
0.895037
0.895037
0.895037
0.895037
0.895037
0.895037
0.895037
0.895037
0.895037
0.895037
0.895037
0.895037
0.895037
0.895037
0.895037
0.895037
0.895037
0.895037
0.895037
0.895037
0.895037
0.895037
0.895037
0.895037
0.895037
0.895037
0.895037
0.895037
0.895037
0.895037
0.895037
0.895037
0.895037
0.895037
0.895037
0.895037
0.895037
0.895037
0.895037
0.895037
0.895037
0.895037
0.895037
0.895037
0.895037
0.895037
0.895037
0.895037
0.895037
0.895037
0.895037
0.895037
0.895037
0.895037
0.895037
0.895037
0.895037
0.895037
0.895037
0.895037
0.895037
0.895037
0.895037
0.895037
0.895037
0.895037
0.895037
0.895037
0.895037
0.895037
0.895037
0.895037
0.895037
0.895037
0.895037
0.895037
0.895037
0.895037
0.895037
0.895037
0.895037
0.895037
0.895037
0.895037
0.895037
0.895037
0.895037
0.895037
0.895037
0.895037
0.895037
0.895037
0.895037
0.895037
0.895037
0.895037
0.895037
0.895037
0.895037
0.895037
0.895037
0.895037
0.895037
0.895037
0.895037
0.895037
0.895037
0.895037
0.895037
0.895037
0.895037
0.895037
0.895037
0.895037
0.895037
0.895037
0.895037
0.895037
0.895037
0.895037
0.895037
0.895037
0.895037
0.895037
0.895037
0.895037
0.895037
0.895037
0.895037
0.895037
0.895037
0.895037
0.895037
0.895037
0.895037
0.895037
0.895037
0.895037
0.895037
0.895037
0.895037
0.895037
0.895037
0.895037
0.895037
0.895037
0.895037
0.895037
0.895037
0.895037
0.895037
0.895037
0.895037
0.895037
0.895037
0.895037
0.895037
0.895037
0.895037
0.895037
0.895037
0.895037
0.895037
0.895037
0.895037
0.895037
0.895037
0.895037
0.895037
0.895037
0.895037
0.895037
0.895037
0.895037
0.895037
0.895037
0.895037
0.895037
0.895037
0.895037
0.895037
0.895037
0.895037
0.895037
0.895037
0.895037
0.895037
0.895037
0.895037
0.895037
0.895037
0.895037
0.895037
0.895037
0.895037
0.895037
0.895037
0.895037
0.895037
0.895037
0.895037
0.895037
0.895037
0.895037
0.895037
0.895037
0.895037
0.895037
0.895037
0.895037
0.895037
0.895037
0.895037
0.895037
0.895037
0.895037
0.895037
0.895037
0.895037
0.895037
0.895037
0.895037
0.895037
0.895037
0.895037
0.895037
0.895037
0.895037
0.895037
0.895037
0.895037
0.895037
0.895037
0.895037
0.895037
0.895037
0.895037
0.895037
0.895037
0.895037
0.895037
0.895037
0.895037
0.895037
0.895037
0.895037
0.895037
0.895037
0.895037
0.895037
0.895037
0.895037
0.895037
0.895037
0.895037
0.895037
0.895037
0.895037
0.895037
0.895037
0.895037
0.895037
0.895037
0.895037
0.895037
0.895037
0.895037
0.895037
0.895037
0.895037
0.895037
0.895037
0.895037
0.895037
0.895037
0.895037
0.895037
0.895037
0.895037
0.895037
0.895037
0.895037
0.895037
0.895037
0.895037
0.895037
0.895037
0.895037
0.895037
0.895037
0.895037
0.895037
0.895037
0.895037
0.895037
0.895037
0.895037
0.895037
0.895037
0.895037
0.895037
0.895037
0.895037
0.895037
0.895037
0.895037
0.895037
0.895037
0.895037
0.895037
0.895037
0.895037
0.895037
0.895037
0.895037
0.895037
0.895037
0.895037
0.895037
0.895037
0.895037
0.895037
0.895037
0.895037
0.895037
0.895037
0.895037
0.895037
0.895037
0.895037
0.895037
0.895037
0.895037
0.895037
0.895037
0.895037
0.895037
0.895037
0.895037
0.895037
0.895037
0.895037
0.895037
0.895037
0.895037
0.895037
0.895037
0.895037
0.895037
0.895037
0.895037
0.895037
0.895037
0.895037
0.895037
0.895037
0.895037
0.895037
0.895037
0.895037
0.895037
0.895037
0.895037
0.895037
0.895037
0.895037
0.895037
0.895037
0.895037
0.895037
0.895037
0.895037
0.895037
0.895037
0.895037
0.895037
0.895037
0.895037
0.895037
0.895037
0.895037
0.895037
0.895037
0.895037
0.895037
0.895037
0.895037
0.895037
0.895037
0.895037
0.895037
0.895037
0.895037
0.895037
0.895037
0.895037
0.895037
0.895037
0.895037
0.895037
0.895037
0.895037
0.895037
0.895037
0.895037
0.895037
0.895037
0.895037
0.895037
0.895037
0.895037
0.895037
0.895037
0.895037
0.895037
0.895037
0.895037
0.895037
0.895037
0.895037
0.895037
0.895037
0.895037
0.895037
0.895037
0.895037
0.895037
0.895037
0.895037
0.895037
0.895037
0.895037
0.895037
0.895037
0.895037
0.895037
0.895037
0.895037
0.895037
0.895037
0.895037
0.895037
0.895037
0.895037
0.895037
0.895037
0.895037
0.895037
0.895037
0.895037
0.895037
0.895037
0.895037
0.895037
0.895037
0.895037
0.895037
0.895037
0.895037
0.895037
0.895037
0.895037
0.895037
0.895037
0.895037
0.895037
0.895037
0.895037
0.895037
0.895037
0.895037
0.895037
0.895037
0.895037
0.895037
0.895037
0.895037
0.895037
0.895037
0.895037
0.895037
0.895037
0.895037
0.895037
0.895037
0.895037
0.895037
0.895037
0.895037
0.895037
0.895037
0.895037
0.895037
0.895037
0.895037
0.895037
0.895037
0.895037
0.895037
0.895037
0.895037
0.895037
0.895037
0.895037
0.895037
0.895037
0.895037
0.895037
0.895037
0.895037
0.895037
0.895037
0.895037
0.895037
0.895037
0.895037
0.895037
0.895037
0.895037
0.895037
0.895037
0.895037
0.895037
0.895037
0.895037
0.895037
0.895037
0.895037
0.895037
0.895037
0.895037
0.895037
0.895037
0.895037
0.895037
0.895037
0.895037
0.895037
0.895037
0.895037
0.895037
0.895037
0.895037
0.895037
0.895037
0.895037
0.895037
0.895037
0.895037
0.895037
0.895037
0.895037
0.895037
0.895037
0.895037
0.895037
0.895037
0.895037
0.895037
0.895037
0.895037
0.895037
0.895037
0.895037
0.895037
0.895037
0.895037
0.895037
0.895037
0.895037
0.895037
0.895037
0.895037
0.895037
0.895037
0.895037
0.895037
0.895037
0.895037
0.895037
0.895037
0.895037
0.895037
0.895037
0.895037
0.895037
0.895037
0.895037
0.895037
0.895037
0.895037
0.895037
0.895037
0.895037
0.895037
0.895037
0.895037
0.895037
0.895037
0.895037
0.895037
0.895037
0.895037
0.895037
0.895037
0.895037
0.895037
0.895037
0.895037
0.895037
0.895037
0.895037
0.895037
0.895037
0.895037
0.895037
0.895037
0.895037
0.895037
0.895037
0.895037
0.895037
0.895037
0.895037
0.895037
0.895037
0.895037
0.895037
0.895037
0.895037
0.895037
0.895037
0.895037
0.895037
0.895037
0.895037
0.895037
0.895037
0.895037
0.895037
0.895037
0.895037
0.895037
0.895037
0.895037
0.895037
0.895037
0.895037
0.895037
0.895037
0.895037
0.895037
0.895037
0.895037
0.895037
0.895037
0.895037
0.895037
0.895037
0.895037
0.895037
0.895037
0.895037
0.895037
0.895037
0.895037
0.895037
0.895037
0.895037
0.895037
0.895037
0.895037
0.895037
0.895037
0.895037
0.895037
0.895037
0.895037
0.895037
0.895037
0.895037
0.895037
0.895037
0.895037
0.895037
0.895037
0.895037
0.895037
0.895037
0.895037
0.895037
0.895037
0.895037
0.895037
0.895037
0.895037
0.895037
0.895037
0.895037
0.895037
0.895037
0.895037
0.895037
0.895037
0.895037
0.895037
0.895037
0.895037
0.895037
0.895037
0.895037
0.895037
0.895037
0.895037
0.895037
0.895037
0.895037
0.895037
0.895037
0.895037
0.895037
0.895037
0.895037
0.895037
0.895037
0.895037
0.895037
0.895037
0.895037
0.895037
0.895037
0.895037
0.895037
0.895037
0.895037
0.895037
0.895037
0.895037
0.895037
0.895037
0.895037
0.895037
0.895037
0.895037
0.895037
0.895037
0.895037
0.895037
0.895037
0.895037
0.895037
0.895037
0.895037
0.895037
0.895037
0.895037
0.895037
0.895037
0.895037
0.895037
0.895037
0.895037
0.895037
0.895037
0.895037
0.895037
0.895037
0.895037
0.895037
0.895037
0.895037
0.895037
0.895037
0.895037
0.895037
0.895037
0.895037
0.895037
0.895037
0.895037
0.895037
0.895037
0.895037
0.895037
0.895037
0.895037
0.895037
0.895037
0.895037
0.895037
0.895037
0.895037
0.895037
0.895037
0.895037
0.895037
0.895037
0.895037
0.895037
0.895037
0.895037
0.895037
0.895037
0.895037
0.895037
0.895037
0.895037
0.895037
0.895037
0.895037
0.895037
0.895037
0.895037
0.895037
0.895037
0.895037
0.895037
0.895037
0.895037
0.895037
0.895037
0.895037
0.895037
0.895037
0.895037
0.895037
0.895037
0.895037
0.895037
0.895037
0.895037
0.895037
0.895037
0.895037
0.895037
0.895037
0.895037
0.895037
0.895037
0.895037
0.895037
0.895037
0.895037
0.895037
0.895037
0.895037
0.895037
0.895037
0.895037
0.895037
0.895037
0.895037
0.895037
0.895037
0.895037
0.895037
0.895037
0.895037
0.895037
0.895037
0.895037
0.895037
0.895037
0.895037
0.895037
0.895037
0.895037
0.895037
0.895037
0.895037
0.895037
0.895037
0.895037
0.895037
0.895037
0.895037
0.895037
0.895037
0.895037
0.895037
0.895037
0.895037
0.895037
0.895037
0.895037
0.895037
0.895037
0.895037
0.895037
0.895037
0.895037
0.895037
0.895037
0.895037
0.895037
0.895037
0.895037
0.895037
0.895037
0.895037
0.895037
0.895037
0.895037
0.895037
0.895037
0.895037
0.895037
0.895037
0.895037
0.895037
0.895037
0.895037
0.895037
0.895037
0.895037
0.895037
0.895037
0.895037
0.895037
0.895037
0.895037
0.895037
0.895037
0.895037
0.895037
0.895037
0.895037
0.895037
0.895037
0.895037
0.895037
0.895037
0.895037
0.895037
0.895037
0.895037
0.895037
0.895037
0.895037
0.895037
0.895037
0.895037
0.895037
0.895037
0.895037
0.895037
0.895037
0.895037
0.895037
0.895037
0.895037
0.895037
0.895037
0.895037
0.895037
0.895037
0.895037
0.895037
0.895037
0.895037
0.895037
0.895037
0.895037
0.895037
0.895037
0.895037
0.895037
0.895037
0.895037
0.895037
0.895037
0.895037
0.895037
0.895037
0.895037
0.895037
0.895037
0.895037
0.895037
0.895037
0.895037
0.895037
0.895037
0.895037
0.895037
0.895037
0.895037
0.895037
0.895037
0.895037
0.895037
0.895037
0.895037
0.895037
0.895037
0.895037
0.895037
0.895037
0.895037
0.895037
0.895037
0.895037
0.895037
0.895037
0.895037
0.895037
0.895037
0.895037
0.895037
0.895037
0.895037
0.895037
0.895037
0.895037
0.895037
0.895037
0.895037
0.895037
0.895037
0.895037
0.895037
0.895037
0.895037
0.895037
0.895037
0.895037
0.895037
0.895037
0.895037
0.895037
0.895037
0.895037
0.895037
0.895037
0.895037
0.895037
0.895037
0.895037
0.895037
0.895037
0.895037
0.895037
0.895037
0.895037
0.895037
0.895037
0.895037
0.895037
0.895037
0.895037
0.895037
0.895037
0.895037
0.895037
0.895037
0.895037
0.895037
0.895037
0.895037
0.895037
0.895037
0.895037
0.895037
0.895037
0.895037
0.895037
0.895037
0.895037
0.895037
0.895037
0.895037
0.895037
0.895037
0.895037
0.895037
0.895037
0.895037
0.895037
0.895037
0.895037
0.895037
0.895037
0.895037
0.895037
0.895037
0.895037
0.895037
0.895037
0.895037
0.895037
0.895037
0.895037
0.895037
0.895037
0.895037
0.895037
0.895037
0.895037
0.895037
0.895037
0.895037
0.895037
0.895037
0.895037
0.895037
0.895037
0.895037
0.895037
0.895037
0.895037
0.895037
0.895037
0.895037
0.895037
0.895037
0.895037
0.895037
0.895037
0.895037
0.895037
0.895037
0.895037
0.895037
0.895037
0.895037
0.895037
0.895037
0.895037
0.895037
0.895037
0.895037
0.895037
0.895037
0.895037
0.895037
0.895037
0.895037
0.895037
0.895037
0.895037
0.895037
0.895037
0.895037
0.895037
0.895037
0.895037
0.895037
0.895037
0.895037
0.895037
0.895037
0.895037
0.895037
0.895037
0.895037
0.895037
0.895037
0.895037
0.895037
0.895037
0.895037
0.895037
0.895037
0.895037
0.895037
0.895037
0.895037
0.895037
0.895037
0.895037
0.895037
0.895037
0.895037
0.895037
0.895037
0.895037
0.895037
0.895037
0.895037
0.895037
0.895037
0.895037
0.895037
0.895037
0.895037
0.895037
0.895037
0.895037
0.895037
0.895037
0.895037
0.895037
0.895037
0.895037
0.895037
0.895037
0.895037
0.895037
0.895037
0.895037
0.895037
0.895037
0.895037
0.895037
0.895037
0.895037
0.895037
0.895037
0.895037
0.895037
0.895037
0.895037
0.895037
0.895037
0.895037
0.895037
0.895037
0.895037
0.895037
0.895037
0.895037
0.895037
0.895037
0.895037
0.895037
0.895037
0.895037
0.895037
0.895037
0.895037
0.895037
0.895037
0.895037
0.895037
0.895037
0.895037
0.895037
0.895037
0.895037
0.895037
0.895037
0.895037
0.895037
0.895037
0.895037
0.895037
0.895037
0.895037
0.895037
0.895037
0.895037
0.895037
0.895037
0.895037
0.895037
0.895037
0.895037
0.895037
0.895037
0.895037
0.895037
0.895037
0.895037
0.895037
0.895037
0.895037
0.895037
0.895037
0.895037
0.895037
0.895037
0.895037
0.895037
0.895037
0.895037
0.895037
0.895037
0.895037
0.895037
0.895037
0.895037
0.895037
0.895037
0.895037
0.895037
0.895037
0.895037
0.895037
0.895037
0.895037
0.895037
0.895037
0.895037
0.895037
0.895037
0.895037
0.895037
0.895037
0.895037
0.895037
0.895037
0.895037
0.895037
0.895037
0.895037
0.895037
0.895037
0.895037
0.895037
0.895037
0.895037
0.895037
0.895037
0.895037
0.895037
0.895037
0.895037
0.895037
0.895037
0.895037
0.895037
0.895037
0.895037
0.895037
0.895037
0.895037
0.895037
0.895037
0.895037
0.895037
0.895037
0.895037
0.895037
0.895037
0.895037
0.895037
0.895037
0.895037
0.895037
0.895037
0.895037
0.895037
0.895037
0.895037
0.895037
0.895037
0.895037
0.895037
0.895037
0.895037
0.895037
0.895037
0.895037
0.895037
0.895037
0.895037
0.895037
0.895037
0.895037
0.895037
0.895037
0.895037
0.895037
0.895037
0.895037
0.895037
0.895037
0.895037
0.895037
0.895037
0.895037
0.895037
0.895037
0.895037
0.895037
0.895037
0.895037
0.895037
0.895037
0.895037
0.895037
0.895037
0.895037
0.895037
0.895037
0.895037
0.895037
0.895037
0.895037
0.895037
0.895037
0.895037
0.895037
0.895037
0.895037
0.895037
0.895037
0.895037
0.895037
0.895037
0.895037
0.895037
0.895037
0.895037
0.895037
0.895037
0.895037
0.895037
0.895037
0.895037
0.895037
0.895037
0.895037
0.895037
0.895037
0.895037
0.895037
0.895037
0.895037
0.895037
0.895037
0.895037
0.895037
0.895037
0.895037
0.895037
0.895037
0.895037
0.895037
0.895037
0.895037
0.895037
0.895037
0.895037
0.895037
0.895037
0.895037
0.895037
0.895037
0.895037
0.895037
0.895037
0.895037
0.895037
0.895037
0.895037
0.895037
0.895037
0.895037
0.895037
0.895037
0.895037
0.895037
0.895037
0.895037
0.895037
0.895037
0.895037
0.895037
0.895037
0.895037
0.895037
0.895037
0.895037
0.895037
0.895037
0.895037
0.895037
0.895037
0.895037
0.895037
0.895037
0.895037
0.895037
0.895037
0.895037
0.895037
0.895037
0.895037
0.895037
0.895037
0.895037
0.895037
0.895037
0.895037
0.895037
0.895037
0.895037
0.895037
0.895037
0.895037
0.895037
0.895037
0.895037
0.895037
0.895037
0.895037
0.895037
0.895037
0.895037
0.895037
0.895037
0.895037
0.895037
0.895037
0.895037
0.895037
0.895037
0.895037
0.895037
0.895037
0.895037
0.895037
0.895037
0.895037
0.895037
0.895037
0.895037
0.895037
0.895037
0.895037
0.895037
0.895037
0.895037
0.895037
0.895037
0.895037
0.895037
0.895037
0.895037
0.895037
0.895037
0.895037
0.895037
0.895037
0.895037
0.895037
0.895037
0.895037
0.895037
0.895037
0.895037
0.895037
0.895037
0.895037
0.895037
0.895037
0.895037
0.895037
0.895037
0.895037
0.895037
0.895037
0.895037
0.895037
0.895037
0.895037
0.895037
0.895037
0.895037
0.895037
0.895037
0.895037
0.895037
0.895037
0.895037
0.895037
0.895037
0.895037
0.895037
0.895037
0.895037
0.895037
0.895037
0.895037
0.895037
0.895037
0.895037
0.895037
0.895037
0.895037
0.895037
0.895037
0.895037
0.895037
0.895037
0.895037
0.895037
0.895037
0.895037
0.895037
0.895037
0.895037
0.895037
0.895037
0.895037
0.895037
0.895037
0.895037
0.895037
0.895037
0.895037
0.895037
0.895037
0.895037
0.895037
0.895037
0.895037
0.895037
0.895037
0.895037
0.895037
0.895037
0.895037
0.895037
0.895037
0.895037
0.895037
0.895037
0.895037
0.895037
0.895037
0.895037
0.895037
0.895037
0.895037
0.895037
0.895037
0.895037
0.895037
0.895037
0.895037
0.895037
0.895037
0.895037
0.895037
0.895037
0.895037
0.895037
0.895037
0.895037
0.895037
0.895037
0.895037
0.895037
0.895037
0.895037
0.895037
0.895037
0.895037
0.895037
0.895037
0.895037
0.895037
0.895037
0.895037
0.895037
0.895037
0.895037
0.895037
0.895037
0.895037
0.895037
0.895037
0.895037
0.895037
0.895037
0.895037
0.895037
0.895037
0.895037
0.895037
0.895037
0.895037
0.895037
0.895037
0.895037
0.895037
0.895037
0.895037
0.895037
0.895037
0.895037
0.895037
0.895037
0.895037
0.895037
0.895037
0.895037
0.895037
0.895037
0.895037
0.895037
0.895037
0.895037
0.895037
0.895037
0.895037
0.895037
0.895037
0.895037
0.895037
0.895037
0.895037
0.895037
0.895037
0.895037
0.895037
0.895037
0.895037
0.895037
0.895037
0.895037
0.895037
0.895037
0.895037
0.895037
0.895037
0.895037
0.895037
0.895037
0.895037
0.895037
0.895037
0.895037
0.895037
0.895037
0.895037
0.895037
0.895037
0.895037
0.895037
0.895037
0.895037
0.895037
0.895037
0.895037
0.895037
0.895037
0.895037
0.895037
0.895037
0.895037
0.895037
0.895037
0.895037
0.895037
0.895037
0.895037
0.895037
0.895037
0.895037
0.895037
0.895037
0.895037
