0.001
0.00350998
0.00642944
0.00954634
0.0127664
0.0160415
0.0193447
0.0226594
0.0259751
0.0292849
0.0325845
0.0358708
0.0391421
0.0423972
0.0456354
0.0488565
0.0520604
0.0552471
0.0584168
0.0615699
0.0647064
0.0678268
0.0709314
0.0740205
0.0770943
0.0801532
0.0831975
0.0862274
0.0892432
0.0922451
0.0952334
0.0982083
0.10117
0.104119
0.107054
0.109977
0.112888
0.115786
0.118672
0.121545
0.124407
0.127257
0.130095
0.132921
0.135735
0.138538
0.14133
0.14411
0.146879
0.149636
0.152382
0.155118
0.157842
0.160555
0.163257
0.165948
0.168628
0.171298
0.173957
0.176605
0.179242
0.181868
0.184485
0.18709
0.189685
0.19227
0.194844
0.197407
0.199961
0.202504
0.205036
0.207559
0.210071
0.212573
0.215065
0.217547
0.220019
0.222481
0.224933
0.227375
0.229807
0.232229
0.234641
0.237044
0.239437
0.24182
0.244194
0.246558
0.248912
0.251257
0.253592
0.255918
0.258234
0.260541
0.262839
0.265127
0.267406
0.269676
0.271937
0.274188
0.276431
0.278664
0.280889
0.283104
0.28531
0.287508
0.289696
0.291876
0.294047
0.296209
0.298362
0.300507
0.302643
0.304771
0.30689
0.309
0.311102
0.313196
0.315281
0.317357
0.319426
0.321486
0.323537
0.325581
0.327616
0.329644
0.331663
0.333674
0.335677
0.337672
0.339659
0.341638
0.343609
0.345572
0.347528
0.349475
0.351415
0.353348
0.355272
0.357189
0.359098
0.361
0.362894
0.364781
0.36666
0.368532
0.370397
0.372254
0.374103
0.375946
0.377781
0.379609
0.38143
0.383243
0.38505
0.386849
0.388641
0.390426
0.392205
0.393976
0.39574
0.397498
0.399248
0.400992
0.402729
0.404459
0.406182
0.407899
0.409609
0.411312
0.413009
0.414699
0.416382
0.418059
0.41973
0.421394
0.423051
0.424702
0.426347
0.427985
0.429617
0.431243
0.432862
0.434476
0.436082
0.437683
0.439278
0.440866
0.442449
0.444025
0.445595
0.447159
0.448718
0.45027
0.451816
0.453356
0.454891
0.456419
0.457942
0.459459
0.46097
0.462476
0.463975
0.465469
0.466957
0.46844
0.469917
0.471388
0.472854
0.474314
0.475769
0.477218
0.478662
0.4801
0.481532
0.48296
0.484382
0.485798
0.487209
0.488615
0.490016
0.491411
0.492801
0.494186
0.495565
0.49694
0.498309
0.499673
0.501032
0.502386
0.503734
0.505078
0.506417
0.50775
0.509079
0.510403
0.511721
0.513035
0.514344
0.515648
0.516947
0.518242
0.519531
0.520816
0.522096
0.523371
0.524641
0.525907
0.527168
0.528424
0.529675
0.530922
0.532165
0.533402
0.534636
0.535864
0.537088
0.538308
0.539523
0.540733
0.541939
0.543141
0.544338
0.54553
0.546719
0.547903
0.549082
0.550257
0.551428
0.552595
0.553757
0.554915
0.556069
0.557218
0.558363
0.559505
0.560641
0.561774
0.562903
0.564027
0.565147
0.566264
0.567376
0.568484
0.569588
0.570688
0.571784
0.572876
0.573963
0.575047
0.576127
0.577204
0.578276
0.579344
0.580408
0.581469
0.582525
0.583578
0.584627
0.585672
0.586714
0.587751
0.588785
0.589815
0.590841
0.591864
0.592883
0.593898
0.594909
0.595917
0.596921
0.597922
0.598919
0.599912
0.600902
0.601888
0.60287
0.603849
0.604825
0.605797
0.606765
0.60773
0.608691
0.609649
0.610604
0.611555
0.612503
0.613447
0.614388
0.615325
0.616259
0.61719
0.618118
0.619042
0.619962
0.62088
0.621794
0.622705
0.623612
0.624517
0.625418
0.626316
0.62721
0.628102
0.62899
0.629875
0.630757
0.631635
0.632511
0.633383
0.634253
0.635119
0.635982
0.636842
0.637699
0.638553
0.639404
0.640252
0.641096
0.641938
0.642777
0.643613
0.644445
0.645275
0.646102
0.646926
0.647747
0.648565
0.64938
0.650192
0.651002
0.651808
0.652612
0.653412
0.65421
0.655005
0.655797
0.656587
0.657373
0.658157
0.658938
0.659716
0.660492
0.661265
0.662035
0.662802
0.663566
0.664328
0.665087
0.665844
0.666597
0.667348
0.668097
0.668843
0.669586
0.670326
0.671064
0.671799
0.672532
0.673262
0.67399
0.674714
0.675437
0.676157
0.676874
0.677588
0.678301
0.67901
0.679718
0.680422
0.681124
0.681824
0.682521
0.683216
0.683908
0.684598
0.685286
0.685971
0.686653
0.687333
0.688011
0.688687
0.68936
0.69003
0.690699
0.691365
0.692028
0.692689
0.693348
0.694005
0.694659
0.695311
0.695961
0.696609
0.697254
0.697897
0.698537
0.699176
0.699812
0.700446
0.701077
0.701707
0.702334
0.702959
0.703582
0.704202
0.704821
0.705437
0.706051
0.706663
0.707273
0.707881
0.708486
0.70909
0.709691
0.71029
0.710888
0.711483
0.712076
0.712666
0.713255
0.713842
0.714427
0.715009
0.71559
0.716168
0.716745
0.717319
0.717892
0.718462
0.719031
0.719597
0.720162
0.720725
0.721285
0.721844
0.7224
0.722955
0.723508
0.724059
0.724608
0.725155
0.7257
0.726243
0.726784
0.727324
0.727861
0.728397
0.728931
0.729463
0.729993
0.730521
0.731047
0.731572
0.732094
0.732615
0.733134
0.733652
0.734167
0.734681
0.735193
0.735703
0.736211
0.736717
0.737222
0.737725
0.738226
0.738726
0.739224
0.73972
0.740214
0.740706
0.741197
0.741686
0.742174
0.74266
0.743144
0.743626
0.744107
0.744586
0.745063
0.745539
0.746013
0.746485
0.746956
0.747425
0.747892
0.748358
0.748822
0.749285
0.749746
0.750205
0.750663
0.751119
0.751574
0.752027
0.752478
0.752928
0.753376
0.753823
0.754268
0.754712
0.755154
0.755595
0.756034
0.756471
0.756907
0.757342
0.757775
0.758206
0.758636
0.759065
0.759492
0.759917
0.760341
0.760764
0.761185
0.761604
0.762023
0.762439
0.762855
0.763268
0.763681
0.764092
0.764501
0.764909
0.765316
0.765721
0.766125
0.766528
0.766929
0.767328
0.767727
0.768124
0.768519
0.768913
0.769306
0.769698
0.770088
0.770476
0.770864
0.77125
0.771635
0.772018
0.7724
0.772781
0.77316
0.773538
0.773915
0.77429
0.774665
0.775037
0.775409
0.775779
0.776148
0.776516
0.776882
0.777248
0.777612
0.777974
0.778336
0.778696
0.779055
0.779412
0.779769
0.780124
0.780478
0.780831
0.781182
0.781532
0.781882
0.782229
0.782576
0.782922
0.783266
0.783609
0.783951
0.784291
0.784631
0.784969
0.785307
0.785643
0.785977
0.786311
0.786644
0.786975
0.787305
0.787634
0.787962
0.788289
0.788615
0.788939
0.789263
0.789585
0.789906
0.790226
0.790545
0.790863
0.79118
0.791496
0.79181
0.792124
0.792436
0.792748
0.793058
0.793367
0.793675
0.793982
0.794288
0.794593
0.794897
0.7952
0.795502
0.795803
0.796102
0.796401
0.796699
0.796995
0.797291
0.797585
0.797879
0.798172
0.798463
0.798754
0.799043
0.799332
0.799619
0.799906
0.800191
0.800476
0.800759
0.801042
0.801324
0.801604
0.801884
0.802163
0.80244
0.802717
0.802993
0.803268
0.803542
0.803815
0.804087
0.804358
0.804628
0.804897
0.805165
0.805433
0.805699
0.805965
0.806229
0.806493
0.806756
0.807018
0.807279
0.807539
0.807798
0.808056
0.808314
0.80857
0.808826
0.80908
0.809334
0.809587
0.809839
0.810091
0.810341
0.810591
0.810839
0.811087
0.811334
0.81158
0.811825
0.81207
0.812313
0.812556
0.812798
0.813039
0.813279
0.813518
0.813757
0.813995
0.814231
0.814467
0.814703
0.814937
0.815171
0.815404
0.815636
0.815867
0.816097
0.816327
0.816556
0.816784
0.817011
0.817238
0.817463
0.817688
0.817913
0.818136
0.818359
0.81858
0.818801
0.819022
0.819241
0.81946
0.819678
0.819895
0.820112
0.820328
0.820543
0.820757
0.820971
0.821184
0.821396
0.821607
0.821818
0.822028
0.822237
0.822445
0.822653
0.82286
0.823066
0.823272
0.823477
0.823681
0.823885
0.824087
0.824289
0.824491
0.824692
0.824892
0.825091
0.82529
0.825488
0.825685
0.825881
0.826077
0.826273
0.826467
0.826661
0.826854
0.827047
0.827239
0.82743
0.82762
0.82781
0.828
0.828188
0.828376
0.828564
0.82875
0.828936
0.829122
0.829306
0.829491
0.829674
0.829857
0.830039
0.830221
0.830402
0.830582
0.830762
0.830941
0.831119
0.831297
0.831474
0.831651
0.831827
0.832002
0.832177
0.832352
0.832525
0.832698
0.832871
0.833042
0.833214
0.833384
0.833554
0.833724
0.833893
0.834061
0.834229
0.834396
0.834563
0.834729
0.834894
0.835059
0.835223
0.835387
0.83555
0.835713
0.835875
0.836036
0.836197
0.836358
0.836517
0.836677
0.836835
0.836994
0.837151
0.837308
0.837465
0.837621
0.837776
0.837931
0.838086
0.83824
0.838393
0.838546
0.838698
0.83885
0.839001
0.839152
0.839302
0.839452
0.839601
0.83975
0.839898
0.840045
0.840193
0.840339
0.840485
0.840631
0.840776
0.840921
0.841065
0.841209
0.841352
0.841494
0.841636
0.841778
0.841919
0.84206
0.8422
0.84234
0.842479
0.842618
0.842756
0.842894
0.843031
0.843168
0.843305
0.843441
0.843576
0.843711
0.843846
0.84398
0.844113
0.844246
0.844379
0.844511
0.844643
0.844774
0.844905
0.845036
0.845166
0.845295
0.845424
0.845553
0.845681
0.845809
0.845936
0.846063
0.84619
0.846316
0.846441
0.846566
0.846691
0.846815
0.846939
0.847063
0.847186
0.847308
0.84743
0.847552
0.847673
0.847794
0.847915
0.848035
0.848154
0.848274
0.848393
0.848511
0.848629
0.848747
0.848864
0.848981
0.849097
0.849213
0.849329
0.849444
0.849559
0.849673
0.849787
0.849901
0.850014
0.850127
0.850239
0.850352
0.850463
0.850575
0.850686
0.850796
0.850906
0.851016
0.851125
0.851235
0.851343
0.851451
0.851559
0.851667
0.851774
0.851881
0.851987
0.852093
0.852199
0.852305
0.85241
0.852514
0.852618
0.852722
0.852826
0.852929
0.853032
0.853134
0.853237
0.853338
0.85344
0.853541
0.853642
0.853742
0.853842
0.853942
0.854041
0.85414
0.854239
0.854337
0.854435
0.854533
0.85463
0.854727
0.854824
0.85492
0.855016
0.855112
0.855207
0.855302
0.855397
0.855492
0.855586
0.855679
0.855773
0.855866
0.855959
0.856051
0.856143
0.856235
0.856326
0.856418
0.856509
0.856599
0.856689
0.856779
0.856869
0.856958
0.857047
0.857136
0.857224
0.857312
0.8574
0.857488
0.857575
0.857662
0.857748
0.857835
0.857921
0.858007
0.858092
0.858177
0.858262
0.858346
0.858431
0.858515
0.858598
0.858682
0.858765
0.858848
0.85893
0.859012
0.859094
0.859176
0.859258
0.859339
0.85942
0.8595
0.85958
0.85966
0.85974
0.85982
0.859899
0.859978
0.860056
0.860135
0.860213
0.860291
0.860368
0.860446
0.860523
0.8606
0.860676
0.860752
0.860828
0.860904
0.86098
0.861055
0.86113
0.861204
0.861279
0.861353
0.861427
0.861501
0.861574
0.861647
0.86172
0.861793
0.861865
0.861938
0.86201
0.862081
0.862153
0.862224
0.862295
0.862366
0.862436
0.862506
0.862576
0.862646
0.862716
0.862785
0.862854
0.862923
0.862991
0.86306
0.863128
0.863196
0.863263
0.863331
0.863398
0.863465
0.863532
0.863598
0.863664
0.86373
0.863796
0.863862
0.863927
0.863992
0.864057
0.864122
0.864186
0.86425
0.864314
0.864378
0.864442
0.864505
0.864568
0.864631
0.864694
0.864757
0.864819
0.864881
0.864943
0.865004
0.865066
0.865127
0.865188
0.865249
0.86531
0.86537
0.86543
0.86549
0.86555
0.86561
0.865669
0.865728
0.865787
0.865846
0.865904
0.865963
0.866021
0.866079
0.866137
0.866194
0.866252
0.866309
0.866366
0.866422
0.866479
0.866535
0.866592
0.866648
0.866704
0.866759
0.866815
0.86687
0.866925
0.86698
0.867034
0.867089
0.867143
0.867197
0.867251
0.867305
0.867359
0.867412
0.867465
0.867518
0.867571
0.867624
0.867676
0.867729
0.867781
0.867833
0.867884
0.867936
0.867988
0.868039
0.86809
0.868141
0.868191
0.868242
0.868292
0.868343
0.868393
0.868442
0.868492
0.868542
0.868591
0.86864
0.868689
0.868738
0.868787
0.868835
0.868884
0.868932
0.86898
0.869028
0.869075
0.869123
0.86917
0.869217
0.869264
0.869311
0.869358
0.869405
0.869451
0.869497
0.869543
0.869589
0.869635
0.869681
0.869726
0.869771
0.869817
0.869862
0.869906
0.869951
0.869996
0.87004
0.870084
0.870128
0.870172
0.870216
0.87026
0.870303
0.870347
0.87039
0.870433
0.870476
0.870518
0.870561
0.870604
0.870646
0.870688
0.87073
0.870772
0.870814
0.870855
0.870897
0.870938
0.870979
0.87102
0.871061
0.871102
0.871143
0.871183
0.871223
0.871264
0.871304
0.871344
0.871383
0.871423
0.871463
0.871502
0.871541
0.87158
0.871619
0.871658
0.871697
0.871735
0.871774
0.871812
0.87185
0.871888
0.871926
0.871964
0.872002
0.872039
0.872077
0.872114
0.872151
0.872188
0.872225
0.872262
0.872299
0.872335
0.872372
0.872408
0.872444
0.87248
0.872516
0.872552
0.872588
0.872623
0.872659
0.872694
0.872729
0.872764
0.872799
0.872834
0.872869
0.872903
0.872938
0.872972
0.873006
0.873041
0.873075
0.873108
0.873142
0.873176
0.873209
0.873243
0.873276
0.873309
0.873343
0.873376
0.873408
0.873441
0.873474
0.873506
0.873539
0.873571
0.873603
0.873635
0.873667
0.873699
0.873731
0.873763
0.873794
0.873826
0.873857
0.873888
0.87392
0.873951
0.873981
0.874012
0.874043
0.874074
0.874104
0.874135
0.874165
0.874195
0.874225
0.874255
0.874285
0.874315
0.874344
0.874374
0.874404
0.874433
0.874462
0.874491
0.87452
0.874549
0.874578
0.874607
0.874636
0.874664
0.874693
0.874721
0.87475
0.874778
0.874806
0.874834
0.874862
0.87489
0.874918
0.874945
0.874973
0.875
0.875028
0.875055
0.875082
0.875109
0.875136
0.875163
0.87519
0.875216
0.875243
0.87527
0.875296
0.875322
0.875349
0.875375
0.875401
0.875427
0.875453
0.875479
0.875504
0.87553
0.875556
0.875581
0.875607
0.875632
0.875657
0.875682
0.875707
0.875732
0.875757
0.875782
0.875807
0.875831
0.875856
0.87588
0.875905
0.875929
0.875953
0.875977
0.876001
0.876025
0.876049
0.876073
0.876097
0.87612
0.876144
0.876167
0.876191
0.876214
0.876237
0.876261
0.876284
0.876307
0.87633
0.876353
0.876375
0.876398
0.876421
0.876443
0.876466
0.876488
0.87651
0.876533
0.876555
0.876577
0.876599
0.876621
0.876643
0.876665
0.876686
0.876708
0.87673
0.876751
0.876773
0.876794
0.876815
0.876836
0.876858
0.876879
0.8769
0.876921
0.876941
0.876962
0.876983
0.877004
0.877024
0.877045
0.877065
0.877086
0.877106
0.877126
0.877146
0.877166
0.877186
0.877206
0.877226
0.877246
0.877266
0.877286
0.877305
0.877325
0.877344
0.877364
0.877383
0.877402
0.877422
0.877441
0.87746
0.877479
0.877498
0.877517
0.877536
0.877555
0.877573
0.877592
0.877611
0.877629
0.877648
0.877666
0.877684
0.877703
0.877721
0.877739
0.877757
0.877775
0.877793
0.877811
0.877829
0.877847
0.877865
0.877882
0.8779
0.877917
0.877935
0.877952
0.87797
0.877987
0.878004
0.878022
0.878039
0.878056
0.878073
0.87809
0.878107
0.878124
0.878141
0.878157
0.878174
0.878191
0.878207
0.878224
0.87824
0.878257
0.878273
0.878289
0.878306
0.878322
0.878338
0.878354
0.87837
0.878386
0.878402
0.878418
0.878434
0.878449
0.878465
0.878481
0.878496
0.878512
0.878528
0.878543
0.878558
0.878574
0.878589
0.878604
0.87862
0.878635
0.87865
0.878665
0.87868
0.878695
0.87871
0.878725
0.878739
0.878754
0.878769
0.878783
0.878798
0.878813
0.878827
0.878842
0.878856
0.87887
0.878885
0.878899
0.878913
0.878927
0.878941
0.878955
0.87897
0.878983
0.878997
0.879011
0.879025
0.879039
0.879053
0.879066
0.87908
0.879094
0.879107
0.879121
0.879134
0.879148
0.879161
0.879174
0.879188
0.879201
0.879214
0.879227
0.87924
0.879253
0.879267
0.879279
0.879292
0.879305
0.879318
0.879331
0.879344
0.879357
0.879369
0.879382
0.879394
0.879407
0.87942
0.879432
0.879444
0.879457
0.879469
0.879481
0.879494
0.879506
0.879518
0.87953
0.879542
0.879554
0.879567
0.879579
0.87959
0.879602
0.879614
0.879626
0.879638
0.87965
0.879661
0.879673
0.879685
0.879696
0.879708
0.879719
0.879731
0.879742
0.879754
0.879765
0.879776
0.879788
0.879799
0.87981
0.879821
0.879832
0.879843
0.879854
0.879866
0.879877
0.879887
0.879898
0.879909
0.87992
0.879931
0.879942
0.879952
0.879963
0.879974
0.879984
0.879995
0.880006
0.880016
0.880027
0.880037
0.880047
0.880058
0.880068
0.880079
0.880089
0.880099
0.880109
0.880119
0.88013
0.88014
0.88015
0.88016
0.88017
0.88018
0.88019
0.8802
0.88021
0.880219
0.880229
0.880239
0.880249
0.880259
0.880268
0.880278
0.880287
0.880297
0.880307
0.880316
0.880326
0.880335
0.880345
0.880354
0.880363
0.880373
0.880382
0.880391
0.880401
0.88041
0.880419
0.880428
0.880437
0.880446
0.880455
0.880464
0.880473
0.880482
0.880491
0.8805
0.880509
0.880518
0.880527
0.880536
0.880544
0.880553
0.880562
0.880571
0.880579
0.880588
0.880596
0.880605
0.880614
0.880622
0.880631
0.880639
0.880647
0.880656
0.880664
0.880673
0.880681
0.880689
0.880697
0.880706
0.880714
0.880722
0.88073
0.880738
0.880746
0.880755
0.880763
0.880771
0.880779
0.880787
0.880795
0.880802
0.88081
0.880818
0.880826
0.880834
0.880842
0.880849
0.880857
0.880865
0.880873
0.88088
0.880888
0.880895
0.880903
0.880911
0.880918
0.880926
0.880933
0.880941
0.880948
0.880955
0.880963
0.88097
0.880978
0.880985
0.880992
0.880999
0.881007
0.881014
0.881021
0.881028
0.881035
0.881043
0.88105
0.881057
0.881064
0.881071
0.881078
0.881085
0.881092
0.881099
0.881106
0.881113
0.881119
0.881126
0.881133
0.88114
0.881147
0.881153
0.88116
0.881167
0.881174
0.88118
0.881187
0.881194
0.8812
0.881207
0.881213
0.88122
0.881226
0.881233
0.881239
0.881246
0.881252
0.881259
0.881265
0.881272
0.881278
0.881284
0.881291
0.881297
0.881303
0.881309
0.881316
0.881322
0.881328
0.881334
0.88134
0.881346
0.881353
0.881359
0.881365
0.881371
0.881377
0.881383
0.881389
0.881395
0.881401
0.881407
0.881413
0.881419
0.881424
0.88143
0.881436
0.881442
0.881448
0.881454
0.881459
0.881465
0.881471
0.881476
0.881482
0.881488
0.881493
0.881499
0.881505
0.88151
0.881516
0.881521
0.881527
0.881533
0.881538
0.881544
0.881549
0.881554
0.88156
0.881565
0.881571
0.881576
0.881581
0.881587
0.881592
0.881597
0.881603
0.881608
0.881613
0.881619
0.881624
0.881629
0.881634
0.881639
0.881645
0.88165
0.881655
0.88166
0.881665
0.88167
0.881675
0.88168
0.881685
0.88169
0.881695
0.8817
0.881705
0.88171
0.881715
0.88172
0.881725
0.88173
0.881735
0.88174
0.881744
0.881749
0.881754
0.881759
0.881764
0.881768
0.881773
0.881778
0.881783
0.881787
0.881792
0.881797
0.881801
0.881806
0.881811
0.881815
0.88182
0.881824
0.881829
0.881833
0.881838
0.881842
0.881847
0.881851
0.881856
0.88186
0.881865
0.881869
0.881874
0.881878
0.881883
0.881887
0.881891
0.881896
0.8819
0.881904
0.881909
0.881913
0.881917
0.881921
0.881926
0.88193
0.881934
0.881938
0.881943
0.881947
0.881951
0.881955
0.881959
0.881963
0.881968
0.881972
0.881976
0.88198
0.881984
0.881988
0.881992
0.881996
0.882
0.882004
0.882008
0.882012
0.882016
0.88202
0.882024
0.882028
0.882032
0.882036
0.88204
0.882043
0.882047
0.882051
0.882055
0.882059
0.882063
0.882066
0.88207
0.882074
0.882078
0.882082
0.882085
0.882089
0.882093
0.882096
0.8821
0.882104
0.882108
0.882111
0.882115
0.882118
0.882122
0.882126
0.882129
0.882133
0.882137
0.88214
0.882144
0.882147
0.882151
0.882154
0.882158
0.882161
0.882165
0.882168
0.882172
0.882175
0.882179
0.882182
0.882186
0.882189
0.882192
0.882196
0.882199
0.882202
0.882206
0.882209
0.882213
0.882216
0.882219
0.882223
0.882226
0.882229
0.882232
0.882236
0.882239
0.882242
0.882245
0.882249
0.882252
0.882255
0.882258
0.882261
0.882265
0.882268
0.882271
0.882274
0.882277
0.88228
0.882283
0.882287
0.88229
0.882293
0.882296
0.882299
0.882302
0.882305
0.882308
0.882311
0.882314
0.882317
0.88232
0.882323
0.882326
0.882329
0.882332
0.882335
0.882338
0.882341
0.882344
0.882347
0.88235
0.882353
0.882355
0.882358
0.882361
0.882364
0.882367
0.88237
0.882373
0.882375
0.882378
0.882381
0.882384
0.882387
0.88239
0.882392
0.882395
0.882398
0.882401
0.882403
0.882406
0.882409
0.882411
0.882414
0.882417
0.88242
0.882422
0.882425
0.882428
0.88243
0.882433
0.882436
0.882438
0.882441
0.882443
0.882446
0.882449
0.882451
0.882454
0.882456
0.882459
0.882462
0.882464
0.882467
0.882469
0.882472
0.882474
0.882477
0.882479
0.882482
0.882484
0.882487
0.882489
0.882492
0.882494
0.882497
0.882499
0.882502
0.882504
0.882506
0.882509
0.882511
0.882514
0.882516
0.882518
0.882521
0.882523
0.882525
0.882528
0.88253
0.882533
0.882535
0.882537
0.88254
0.882542
0.882544
0.882546
0.882549
0.882551
0.882553
0.882556
0.882558
0.88256
0.882562
0.882565
0.882567
0.882569
0.882571
0.882574
0.882576
0.882578
0.88258
0.882582
0.882585
0.882587
0.882589
0.882591
0.882593
0.882595
0.882597
0.8826
0.882602
0.882604
0.882606
0.882608
0.88261
0.882612
0.882614
0.882616
0.882619
0.882621
0.882623
0.882625
0.882627
0.882629
0.882631
0.882633
0.882635
0.882637
0.882639
0.882641
0.882643
0.882645
0.882647
0.882649
0.882651
0.882653
0.882655
0.882657
0.882659
0.882661
0.882663
0.882665
0.882667
0.882669
0.88267
0.882672
0.882674
0.882676
0.882678
0.88268
0.882682
0.882684
0.882686
0.882688
0.882689
0.882691
0.882693
0.882695
0.882697
0.882699
0.8827
0.882702
0.882704
0.882706
0.882708
0.88271
0.882711
0.882713
0.882715
0.882717
0.882718
0.88272
0.882722
0.882724
0.882726
0.882727
0.882729
0.882731
0.882732
0.882734
0.882736
0.882738
0.882739
0.882741
0.882743
0.882744
0.882746
0.882748
0.88275
0.882751
0.882753
0.882755
0.882756
0.882758
0.88276
0.882761
0.882763
0.882765
0.882766
0.882768
0.882769
0.882771
0.882773
0.882774
0.882776
0.882777
0.882779
0.882781
0.882782
0.882784
0.882785
0.882787
0.882789
0.88279
0.882792
0.882793
0.882795
0.882796
0.882798
0.882799
0.882801
0.882802
0.882804
0.882805
0.882807
0.882809
0.88281
0.882812
0.882813
0.882814
0.882816
0.882817
0.882819
0.88282
0.882822
0.882823
0.882825
0.882826
0.882828
0.882829
0.882831
0.882832
0.882833
0.882835
0.882836
0.882838
0.882839
0.882841
0.882842
0.882843
0.882845
0.882846
0.882848
0.882849
0.88285
0.882852
0.882853
0.882855
0.882856
0.882857
0.882859
0.88286
0.882861
0.882863
0.882864
0.882865
0.882867
0.882868
0.882869
0.882871
0.882872
0.882873
0.882875
0.882876
0.882877
0.882879
0.88288
0.882881
0.882882
0.882884
0.882885
0.882886
0.882888
0.882889
0.88289
0.882891
0.882893
0.882894
0.882895
0.882896
0.882898
0.882899
0.8829
0.882901
0.882903
0.882904
0.882905
0.882906
0.882908
0.882909
0.88291
0.882911
0.882912
0.882914
0.882915
0.882916
0.882917
0.882918
0.88292
0.882921
0.882922
0.882923
0.882924
0.882925
0.882927
0.882928
0.882929
0.88293
0.882931
0.882932
0.882934
0.882935
0.882936
0.882937
0.882938
0.882939
0.88294
0.882942
0.882943
0.882944
0.882945
0.882946
0.882947
0.882948
0.882949
0.88295
0.882951
0.882953
0.882954
0.882955
0.882956
0.882957
0.882958
0.882959
0.88296
0.882961
0.882962
0.882963
0.882964
0.882965
0.882966
0.882968
0.882969
0.88297
0.882971
0.882972
0.882973
0.882974
0.882975
0.882976
0.882977
0.882978
0.882979
0.88298
0.882981
0.882982
0.882983
0.882984
0.882985
0.882986
0.882987
0.882988
0.882989
0.88299
0.882991
0.882992
0.882993
0.882994
0.882995
0.882996
0.882997
0.882998
0.882999
0.883
0.883001
0.883002
0.883002
0.883003
0.883004
0.883005
0.883006
0.883007
0.883008
0.883009
0.88301
0.883011
0.883012
0.883013
0.883014
0.883015
0.883016
0.883016
0.883017
0.883018
0.883019
0.88302
0.883021
0.883022
0.883023
0.883024
0.883025
0.883025
0.883026
0.883027
0.883028
0.883029
0.88303
0.883031
0.883032
0.883032
0.883033
0.883034
0.883035
0.883036
0.883037
0.883038
0.883038
0.883039
0.88304
0.883041
0.883042
0.883043
0.883044
0.883044
0.883045
0.883046
0.883047
0.883048
0.883049
0.883049
0.88305
0.883051
0.883052
0.883053
0.883053
0.883054
0.883055
0.883056
0.883057
0.883057
0.883058
0.883059
0.88306
0.883061
0.883061
0.883062
0.883063
0.883064
0.883065
0.883065
0.883066
0.883067
0.883068
0.883068
0.883069
0.88307
0.883071
0.883072
0.883072
0.883073
0.883074
0.883075
0.883075
0.883076
0.883077
0.883078
0.883078
0.883079
0.88308
0.883081
0.883081
0.883082
0.883083
0.883083
0.883084
0.883085
0.883086
0.883086
0.883087
0.883088
0.883089
0.883089
0.88309
0.883091
0.883091
0.883092
0.883093
0.883093
0.883094
0.883095
0.883096
0.883096
0.883097
0.883098
0.883098
0.883099
0.8831
0.8831
0.883101
0.883102
0.883102
0.883103
0.883104
0.883105
0.883105
0.883106
0.883107
0.883107
0.883108
0.883109
0.883109
0.88311
0.883111
0.883111
0.883112
0.883112
0.883113
0.883114
0.883114
0.883115
0.883116
0.883116
0.883117
0.883118
0.883118
0.883119
0.88312
0.88312
0.883121
0.883121
0.883122
0.883123
0.883123
0.883124
0.883125
0.883125
0.883126
0.883126
0.883127
0.883128
0.883128
0.883129
0.88313
0.88313
0.883131
0.883131
0.883132
0.883133
0.883133
0.883134
0.883134
0.883135
0.883136
0.883136
0.883137
0.883137
0.883138
0.883139
0.883139
0.88314
0.88314
0.883141
0.883141
0.883142
0.883143
0.883143
0.883144
0.883144
0.883145
0.883145
0.883146
0.883147
0.883147
0.883148
0.883148
0.883149
0.883149
0.88315
0.883151
0.883151
0.883152
0.883152
0.883153
0.883153
0.883154
0.883154
0.883155
0.883155
0.883156
0.883157
0.883157
0.883158
0.883158
0.883159
0.883159
0.88316
0.88316
0.883161
0.883161
0.883162
0.883162
0.883163
0.883163
0.883164
0.883165
0.883165
0.883166
0.883166
0.883167
0.883167
0.883168
0.883168
0.883169
0.883169
0.88317
0.88317
0.883171
0.883171
0.883172
0.883172
0.883173
0.883173
0.883174
0.883174
0.883175
0.883175
0.883176
0.883176
0.883177
0.883177
0.883178
0.883178
0.883179
0.883179
0.88318
0.88318
0.883181
0.883181
0.883182
0.883182
0.883182
0.883183
0.883183
0.883184
0.883184
0.883185
0.883185
0.883186
0.883186
0.883187
0.883187
0.883188
0.883188
0.883189
0.883189
0.88319
0.88319
0.88319
0.883191
0.883191
0.883192
0.883192
0.883193
0.883193
0.883194
0.883194
0.883195
0.883195
0.883195
0.883196
0.883196
0.883197
0.883197
0.883198
0.883198
0.883198
0.883199
0.883199
0.8832
0.8832
0.883201
0.883201
0.883202
0.883202
0.883202
0.883203
0.883203
0.883204
0.883204
0.883205
0.883205
0.883205
0.883206
0.883206
0.883207
0.883207
0.883207
0.883208
0.883208
0.883209
0.883209
0.88321
0.88321
0.88321
0.883211
0.883211
0.883212
0.883212
0.883212
0.883213
0.883213
0.883214
0.883214
0.883214
0.883215
0.883215
0.883216
0.883216
0.883216
0.883217
0.883217
0.883218
0.883218
0.883218
0.883219
0.883219
0.88322
0.88322
0.88322
0.883221
0.883221
0.883221
0.883222
0.883222
0.883223
0.883223
0.883223
0.883224
0.883224
0.883225
0.883225
0.883225
0.883226
0.883226
0.883226
0.883227
0.883227
0.883228
0.883228
0.883228
0.883229
0.883229
0.883229
0.88323
0.88323
0.88323
0.883231
0.883231
0.883232
0.883232
0.883232
0.883233
0.883233
0.883233
0.883234
0.883234
0.883234
0.883235
0.883235
0.883235
0.883236
0.883236
0.883237
0.883237
0.883237
0.883238
0.883238
0.883238
0.883239
0.883239
0.883239
0.88324
0.88324
0.88324
0.883241
0.883241
0.883241
0.883242
0.883242
0.883242
0.883243
0.883243
0.883243
0.883244
0.883244
0.883244
0.883245
0.883245
0.883245
0.883246
0.883246
0.883246
0.883247
0.883247
0.883247
0.883248
0.883248
0.883248
0.883249
0.883249
0.883249
0.88325
0.88325
0.88325
0.883251
0.883251
0.883251
0.883252
0.883252
0.883252
0.883252
0.883253
0.883253
0.883253
0.883254
0.883254
0.883254
0.883255
0.883255
0.883255
0.883256
0.883256
0.883256
0.883257
0.883257
0.883257
0.883257
0.883258
0.883258
0.883258
0.883259
0.883259
0.883259
0.88326
0.88326
0.88326
0.88326
0.883261
0.883261
0.883261
0.883262
0.883262
0.883262
0.883262
0.883263
0.883263
0.883263
0.883264
0.883264
0.883264
0.883265
0.883265
0.883265
0.883265
0.883266
0.883266
0.883266
0.883267
0.883267
0.883267
0.883267
0.883268
0.883268
0.883268
0.883269
0.883269
0.883269
0.883269
0.88327
0.88327
0.88327
0.88327
0.883271
0.883271
0.883271
0.883272
0.883272
0.883272
0.883272
0.883273
0.883273
0.883273
0.883273
0.883274
0.883274
0.883274
0.883275
0.883275
0.883275
0.883275
0.883276
0.883276
0.883276
0.883276
0.883277
0.883277
0.883277
0.883277
0.883278
0.883278
0.883278
0.883278
0.883279
0.883279
0.883279
0.88328
0.88328
0.88328
0.88328
0.883281
0.883281
0.883281
0.883281
0.883282
0.883282
0.883282
0.883282
0.883283
0.883283
0.883283
0.883283
0.883284
0.883284
0.883284
0.883284
0.883285
0.883285
0.883285
0.883285
0.883286
0.883286
0.883286
0.883286
0.883287
0.883287
0.883287
0.883287
0.883287
0.883288
0.883288
0.883288
0.883288
0.883289
0.883289
0.883289
0.883289
0.88329
0.88329
0.88329
0.88329
0.883291
0.883291
0.883291
0.883291
0.883292
0.883292
0.883292
0.883292
0.883292
0.883293
0.883293
0.883293
0.883293
0.883294
0.883294
0.883294
0.883294
0.883294
0.883295
0.883295
0.883295
0.883295
0.883296
0.883296
0.883296
0.883296
0.883297
0.883297
0.883297
0.883297
0.883297
0.883298
0.883298
0.883298
0.883298
0.883299
0.883299
0.883299
0.883299
0.883299
0.8833
0.8833
0.8833
0.8833
0.8833
0.883301
0.883301
0.883301
0.883301
0.883302
0.883302
0.883302
0.883302
0.883302
0.883303
0.883303
0.883303
0.883303
0.883303
0.883304
0.883304
0.883304
0.883304
0.883304
0.883305
0.883305
0.883305
0.883305
0.883306
0.883306
0.883306
0.883306
0.883306
0.883307
0.883307
0.883307
0.883307
0.883307
0.883308
0.883308
0.883308
0.883308
0.883308
0.883309
0.883309
0.883309
0.883309
0.883309
0.88331
0.88331
0.88331
0.88331
0.88331
0.883311
0.883311
0.883311
0.883311
0.883311
0.883312
0.883312
0.883312
0.883312
0.883312
0.883312
0.883313
0.883313
0.883313
0.883313
0.883313
0.883314
0.883314
0.883314
0.883314
0.883314
0.883315
0.883315
0.883315
0.883315
0.883315
0.883316
0.883316
0.883316
0.883316
0.883316
0.883316
0.883317
0.883317
0.883317
0.883317
0.883317
0.883318
0.883318
0.883318
0.883318
0.883318
0.883318
0.883319
0.883319
0.883319
0.883319
0.883319
0.88332
0.88332
0.88332
0.88332
0.88332
0.88332
0.883321
0.883321
0.883321
0.883321
0.883321
0.883321
0.883322
0.883322
0.883322
0.883322
0.883322
0.883323
0.883323
0.883323
0.883323
0.883323
0.883323
0.883324
0.883324
0.883324
0.883324
0.883324
0.883324
0.883325
0.883325
0.883325
0.883325
0.883325
0.883325
0.883326
0.883326
0.883326
0.883326
0.883326
0.883326
0.883327
0.883327
0.883327
0.883327
0.883327
0.883327
0.883328
0.883328
0.883328
0.883328
0.883328
0.883328
0.883329
0.883329
0.883329
0.883329
0.883329
0.883329
0.88333
0.88333
0.88333
0.88333
0.88333
0.88333
0.883331
0.883331
0.883331
0.883331
0.883331
0.883331
0.883332
0.883332
0.883332
0.883332
0.883332
0.883332
0.883332
0.883333
0.883333
0.883333
0.883333
0.883333
0.883333
0.883334
0.883334
0.883334
0.883334
0.883334
0.883334
0.883334
0.883335
0.883335
0.883335
0.883335
0.883335
0.883335
0.883336
0.883336
0.883336
0.883336
0.883336
0.883336
0.883336
0.883337
0.883337
0.883337
0.883337
0.883337
0.883337
0.883337
0.883338
0.883338
0.883338
0.883338
0.883338
0.883338
0.883338
0.883339
0.883339
0.883339
0.883339
0.883339
0.883339
0.88334
0.88334
0.88334
0.88334
0.88334
0.88334
0.88334
0.883341
0.883341
0.883341
0.883341
0.883341
0.883341
0.883341
0.883342
0.883342
0.883342
0.883342
0.883342
0.883342
0.883342
0.883342
0.883343
0.883343
0.883343
0.883343
0.883343
0.883343
0.883343
0.883344
0.883344
0.883344
0.883344
0.883344
0.883344
0.883344
0.883345
0.883345
0.883345
0.883345
0.883345
0.883345
0.883345
0.883346
0.883346
0.883346
0.883346
0.883346
0.883346
0.883346
0.883346
0.883347
0.883347
0.883347
0.883347
0.883347
0.883347
0.883347
0.883348
0.883348
0.883348
0.883348
0.883348
0.883348
0.883348
0.883348
0.883349
0.883349
0.883349
0.883349
0.883349
0.883349
0.883349
0.883349
0.88335
0.88335
0.88335
0.88335
0.88335
0.88335
0.88335
0.88335
0.883351
0.883351
0.883351
0.883351
0.883351
0.883351
0.883351
0.883351
0.883352
0.883352
0.883352
0.883352
0.883352
0.883352
0.883352
0.883352
0.883353
0.883353
0.883353
0.883353
0.883353
0.883353
0.883353
0.883353
0.883354
0.883354
0.883354
0.883354
0.883354
0.883354
0.883354
0.883354
0.883355
0.883355
0.883355
0.883355
0.883355
0.883355
0.883355
0.883355
0.883355
0.883356
0.883356
0.883356
0.883356
0.883356
0.883356
0.883356
0.883356
0.883357
0.883357
0.883357
0.883357
0.883357
0.883357
0.883357
0.883357
0.883357
0.883358
0.883358
0.883358
0.883358
0.883358
0.883358
0.883358
0.883358
0.883359
0.883359
0.883359
0.883359
0.883359
0.883359
0.883359
0.883359
0.883359
0.88336
0.88336
0.88336
0.88336
0.88336
0.88336
0.88336
0.88336
0.88336
0.883361
0.883361
0.883361
0.883361
0.883361
0.883361
0.883361
0.883361
0.883361
0.883362
0.883362
0.883362
0.883362
0.883362
0.883362
0.883362
0.883362
0.883362
0.883362
0.883363
0.883363
0.883363
0.883363
0.883363
0.883363
0.883363
0.883363
0.883363
0.883364
0.883364
0.883364
0.883364
0.883364
0.883364
0.883364
0.883364
0.883364
0.883365
0.883365
0.883365
0.883365
0.883365
0.883365
0.883365
0.883365
0.883365
0.883365
0.883366
0.883366
0.883366
0.883366
0.883366
0.883366
0.883366
0.883366
0.883366
0.883366
0.883367
0.883367
0.883367
0.883367
0.883367
0.883367
0.883367
0.883367
0.883367
0.883367
0.883368
0.883368
0.883368
0.883368
0.883368
0.883368
0.883368
0.883368
0.883368
0.883368
0.883369
0.883369
0.883369
0.883369
0.883369
0.883369
0.883369
0.883369
0.883369
0.883369
0.88337
0.88337
0.88337
0.88337
0.88337
0.88337
0.88337
0.88337
0.88337
0.88337
0.883371
0.883371
0.883371
0.883371
0.883371
0.883371
0.883371
0.883371
0.883371
0.883371
0.883371
0.883372
0.883372
0.883372
0.883372
0.883372
0.883372
0.883372
0.883372
0.883372
0.883372
0.883373
0.883373
0.883373
0.883373
0.883373
0.883373
0.883373
0.883373
0.883373
0.883373
0.883373
0.883374
0.883374
0.883374
0.883374
0.883374
0.883374
0.883374
0.883374
0.883374
0.883374
0.883374
0.883375
0.883375
0.883375
0.883375
0.883375
0.883375
0.883375
0.883375
0.883375
0.883375
0.883375
0.883376
0.883376
0.883376
0.883376
0.883376
0.883376
0.883376
0.883376
0.883376
0.883376
0.883376
0.883376
0.883377
0.883377
0.883377
0.883377
0.883377
0.883377
0.883377
0.883377
0.883377
0.883377
0.883377
0.883378
0.883378
0.883378
0.883378
0.883378
0.883378
0.883378
0.883378
0.883378
0.883378
0.883378
0.883378
0.883379
0.883379
0.883379
0.883379
0.883379
0.883379
0.883379
0.883379
0.883379
0.883379
0.883379
0.883379
0.88338
0.88338
0.88338
0.88338
0.88338
0.88338
0.88338
0.88338
0.88338
0.88338
0.88338
0.88338
0.883381
0.883381
0.883381
0.883381
0.883381
0.883381
0.883381
0.883381
0.883381
0.883381
0.883381
0.883381
0.883382
0.883382
0.883382
0.883382
0.883382
0.883382
0.883382
0.883382
0.883382
0.883382
0.883382
0.883382
0.883382
0.883383
0.883383
0.883383
0.883383
0.883383
0.883383
0.883383
0.883383
0.883383
0.883383
0.883383
0.883383
0.883383
0.883384
0.883384
0.883384
0.883384
0.883384
0.883384
0.883384
0.883384
0.883384
0.883384
0.883384
0.883384
0.883384
0.883385
0.883385
0.883385
0.883385
0.883385
0.883385
0.883385
0.883385
0.883385
0.883385
0.883385
0.883385
0.883385
0.883386
0.883386
0.883386
0.883386
0.883386
0.883386
0.883386
0.883386
0.883386
0.883386
0.883386
0.883386
0.883386
0.883387
0.883387
0.883387
0.883387
0.883387
0.883387
0.883387
0.883387
0.883387
0.883387
0.883387
0.883387
0.883387
0.883387
0.883388
0.883388
0.883388
0.883388
0.883388
0.883388
0.883388
0.883388
0.883388
0.883388
0.883388
0.883388
0.883388
0.883388
0.883389
0.883389
0.883389
0.883389
0.883389
0.883389
0.883389
0.883389
0.883389
0.883389
0.883389
0.883389
0.883389
0.883389
0.88339
0.88339
0.88339
0.88339
0.88339
0.88339
0.88339
0.88339
0.88339
0.88339
0.88339
0.88339
0.88339
0.88339
0.883391
0.883391
0.883391
0.883391
0.883391
0.883391
0.883391
0.883391
0.883391
0.883391
0.883391
0.883391
0.883391
0.883391
0.883391
0.883392
0.883392
0.883392
0.883392
0.883392
0.883392
0.883392
0.883392
0.883392
0.883392
0.883392
0.883392
0.883392
0.883392
0.883392
0.883393
0.883393
0.883393
0.883393
0.883393
0.883393
0.883393
0.883393
0.883393
0.883393
0.883393
0.883393
0.883393
0.883393
0.883393
0.883394
0.883394
0.883394
0.883394
0.883394
0.883394
0.883394
0.883394
0.883394
0.883394
0.883394
0.883394
0.883394
0.883394
0.883394
0.883394
0.883395
0.883395
0.883395
0.883395
0.883395
0.883395
0.883395
0.883395
0.883395
0.883395
0.883395
0.883395
0.883395
0.883395
0.883395
0.883395
0.883396
0.883396
0.883396
0.883396
0.883396
0.883396
0.883396
0.883396
0.883396
0.883396
0.883396
0.883396
0.883396
0.883396
0.883396
0.883396
0.883397
0.883397
0.883397
0.883397
0.883397
0.883397
0.883397
0.883397
0.883397
0.883397
0.883397
0.883397
0.883397
0.883397
0.883397
0.883397
0.883397
0.883398
0.883398
0.883398
0.883398
0.883398
0.883398
0.883398
0.883398
0.883398
0.883398
0.883398
0.883398
0.883398
0.883398
0.883398
0.883398
0.883398
0.883399
0.883399
0.883399
0.883399
0.883399
0.883399
0.883399
0.883399
0.883399
0.883399
0.883399
0.883399
0.883399
0.883399
0.883399
0.883399
0.883399
0.8834
0.8834
0.8834
0.8834
0.8834
0.8834
0.8834
0.8834
0.8834
0.8834
0.8834
0.8834
0.8834
0.8834
0.8834
0.8834
0.8834
0.8834
0.883401
0.883401
0.883401
0.883401
0.883401
0.883401
0.883401
0.883401
0.883401
0.883401
0.883401
0.883401
0.883401
0.883401
0.883401
0.883401
0.883401
0.883401
0.883402
0.883402
0.883402
0.883402
0.883402
0.883402
0.883402
0.883402
0.883402
0.883402
0.883402
0.883402
0.883402
0.883402
0.883402
0.883402
0.883402
0.883402
0.883403
0.883403
0.883403
0.883403
0.883403
0.883403
0.883403
0.883403
0.883403
0.883403
0.883403
0.883403
0.883403
0.883403
0.883403
0.883403
0.883403
0.883403
0.883403
0.883404
0.883404
0.883404
0.883404
0.883404
0.883404
0.883404
0.883404
0.883404
0.883404
0.883404
0.883404
0.883404
0.883404
0.883404
0.883404
0.883404
0.883404
0.883404
0.883404
0.883405
0.883405
0.883405
0.883405
0.883405
0.883405
0.883405
0.883405
0.883405
0.883405
0.883405
0.883405
0.883405
0.883405
0.883405
0.883405
0.883405
0.883405
0.883405
0.883405
0.883406
0.883406
0.883406
0.883406
0.883406
0.883406
0.883406
0.883406
0.883406
0.883406
0.883406
0.883406
0.883406
0.883406
0.883406
0.883406
0.883406
0.883406
0.883406
0.883406
0.883407
0.883407
0.883407
0.883407
0.883407
0.883407
0.883407
0.883407
0.883407
0.883407
0.883407
0.883407
0.883407
0.883407
0.883407
0.883407
0.883407
0.883407
0.883407
0.883407
0.883407
0.883408
0.883408
0.883408
0.883408
0.883408
0.883408
0.883408
0.883408
0.883408
0.883408
0.883408
0.883408
0.883408
0.883408
0.883408
0.883408
0.883408
0.883408
0.883408
0.883408
0.883408
0.883409
0.883409
0.883409
0.883409
0.883409
0.883409
0.883409
0.883409
0.883409
0.883409
0.883409
0.883409
0.883409
0.883409
0.883409
0.883409
0.883409
0.883409
0.883409
0.883409
0.883409
0.883409
0.88341
0.88341
0.88341
0.88341
0.88341
0.88341
0.88341
0.88341
0.88341
0.88341
0.88341
0.88341
0.88341
0.88341
0.88341
0.88341
0.88341
0.88341
0.88341
0.88341
0.88341
0.88341
0.883411
0.883411
0.883411
0.883411
0.883411
0.883411
0.883411
0.883411
0.883411
0.883411
0.883411
0.883411
0.883411
0.883411
0.883411
0.883411
0.883411
0.883411
0.883411
0.883411
0.883411
0.883411
0.883411
0.883412
0.883412
0.883412
0.883412
0.883412
0.883412
0.883412
0.883412
0.883412
0.883412
0.883412
0.883412
0.883412
0.883412
0.883412
0.883412
0.883412
0.883412
0.883412
0.883412
0.883412
0.883412
0.883412
0.883412
0.883413
0.883413
0.883413
0.883413
0.883413
0.883413
0.883413
0.883413
0.883413
0.883413
0.883413
0.883413
0.883413
0.883413
0.883413
0.883413
0.883413
0.883413
0.883413
0.883413
0.883413
0.883413
0.883413
0.883413
0.883413
0.883414
0.883414
0.883414
0.883414
0.883414
0.883414
0.883414
0.883414
0.883414
0.883414
0.883414
0.883414
0.883414
0.883414
0.883414
0.883414
0.883414
0.883414
0.883414
0.883414
0.883414
0.883414
0.883414
0.883414
0.883414
0.883415
0.883415
0.883415
0.883415
0.883415
0.883415
0.883415
0.883415
0.883415
0.883415
0.883415
0.883415
0.883415
0.883415
0.883415
0.883415
0.883415
0.883415
0.883415
0.883415
0.883415
0.883415
0.883415
0.883415
0.883415
0.883416
0.883416
0.883416
0.883416
0.883416
0.883416
0.883416
0.883416
0.883416
0.883416
0.883416
0.883416
0.883416
0.883416
0.883416
0.883416
0.883416
0.883416
0.883416
0.883416
0.883416
0.883416
0.883416
0.883416
0.883416
0.883416
0.883416
0.883417
0.883417
0.883417
0.883417
0.883417
0.883417
0.883417
0.883417
0.883417
0.883417
0.883417
0.883417
0.883417
0.883417
0.883417
0.883417
0.883417
0.883417
0.883417
0.883417
0.883417
0.883417
0.883417
0.883417
0.883417
0.883417
0.883417
0.883417
0.883418
0.883418
0.883418
0.883418
0.883418
0.883418
0.883418
0.883418
0.883418
0.883418
0.883418
0.883418
0.883418
0.883418
0.883418
0.883418
0.883418
0.883418
0.883418
0.883418
0.883418
0.883418
0.883418
0.883418
0.883418
0.883418
0.883418
0.883418
0.883419
0.883419
0.883419
0.883419
0.883419
0.883419
0.883419
0.883419
0.883419
0.883419
0.883419
0.883419
0.883419
0.883419
0.883419
0.883419
0.883419
0.883419
0.883419
0.883419
0.883419
0.883419
0.883419
0.883419
0.883419
0.883419
0.883419
0.883419
0.883419
0.88342
0.88342
0.88342
0.88342
0.88342
0.88342
0.88342
0.88342
0.88342
0.88342
0.88342
0.88342
0.88342
0.88342
0.88342
0.88342
0.88342
0.88342
0.88342
0.88342
0.88342
0.88342
0.88342
0.88342
0.88342
0.88342
0.88342
0.88342
0.88342
0.88342
0.883421
0.883421
0.883421
0.883421
0.883421
0.883421
0.883421
0.883421
0.883421
0.883421
0.883421
0.883421
0.883421
0.883421
0.883421
0.883421
0.883421
0.883421
0.883421
0.883421
0.883421
0.883421
0.883421
0.883421
0.883421
0.883421
0.883421
0.883421
0.883421
0.883421
0.883421
0.883421
0.883422
0.883422
0.883422
0.883422
0.883422
0.883422
0.883422
0.883422
0.883422
0.883422
0.883422
0.883422
0.883422
0.883422
0.883422
0.883422
0.883422
0.883422
0.883422
0.883422
0.883422
0.883422
0.883422
0.883422
0.883422
0.883422
0.883422
0.883422
0.883422
0.883422
0.883422
0.883422
0.883423
0.883423
0.883423
0.883423
0.883423
0.883423
0.883423
0.883423
0.883423
0.883423
0.883423
0.883423
0.883423
0.883423
0.883423
0.883423
0.883423
0.883423
0.883423
0.883423
0.883423
0.883423
0.883423
0.883423
0.883423
0.883423
0.883423
0.883423
0.883423
0.883423
0.883423
0.883423
0.883423
0.883423
0.883424
0.883424
0.883424
0.883424
0.883424
0.883424
0.883424
0.883424
0.883424
0.883424
0.883424
0.883424
0.883424
0.883424
0.883424
0.883424
0.883424
0.883424
0.883424
0.883424
0.883424
0.883424
0.883424
0.883424
0.883424
0.883424
0.883424
0.883424
0.883424
0.883424
0.883424
0.883424
0.883424
0.883424
0.883424
0.883425
0.883425
0.883425
0.883425
0.883425
0.883425
0.883425
0.883425
0.883425
0.883425
0.883425
0.883425
0.883425
0.883425
0.883425
0.883425
0.883425
0.883425
0.883425
0.883425
0.883425
0.883425
0.883425
0.883425
0.883425
0.883425
0.883425
0.883425
0.883425
0.883425
0.883425
0.883425
0.883425
0.883425
0.883425
0.883425
0.883426
0.883426
0.883426
0.883426
0.883426
0.883426
0.883426
0.883426
0.883426
0.883426
0.883426
0.883426
0.883426
0.883426
0.883426
0.883426
0.883426
0.883426
0.883426
0.883426
0.883426
0.883426
0.883426
0.883426
0.883426
0.883426
0.883426
0.883426
0.883426
0.883426
0.883426
0.883426
0.883426
0.883426
0.883426
0.883426
0.883426
0.883426
0.883427
0.883427
0.883427
0.883427
0.883427
0.883427
0.883427
0.883427
0.883427
0.883427
0.883427
0.883427
0.883427
0.883427
0.883427
0.883427
0.883427
0.883427
0.883427
0.883427
0.883427
0.883427
0.883427
0.883427
0.883427
0.883427
0.883427
0.883427
0.883427
0.883427
0.883427
0.883427
0.883427
0.883427
0.883427
0.883427
0.883427
0.883427
0.883427
0.883428
0.883428
0.883428
0.883428
0.883428
0.883428
0.883428
0.883428
0.883428
0.883428
0.883428
0.883428
0.883428
0.883428
0.883428
0.883428
0.883428
0.883428
0.883428
0.883428
0.883428
0.883428
0.883428
0.883428
0.883428
0.883428
0.883428
0.883428
0.883428
0.883428
0.883428
0.883428
0.883428
0.883428
0.883428
0.883428
0.883428
0.883428
0.883428
0.883428
0.883428
0.883428
0.883429
0.883429
0.883429
0.883429
0.883429
0.883429
0.883429
0.883429
0.883429
0.883429
0.883429
0.883429
0.883429
0.883429
0.883429
0.883429
0.883429
0.883429
0.883429
0.883429
0.883429
0.883429
0.883429
0.883429
0.883429
0.883429
0.883429
0.883429
0.883429
0.883429
0.883429
0.883429
0.883429
0.883429
0.883429
0.883429
0.883429
0.883429
0.883429
0.883429
0.883429
0.883429
0.883429
0.88343
0.88343
0.88343
0.88343
0.88343
0.88343
0.88343
0.88343
0.88343
0.88343
0.88343
0.88343
0.88343
0.88343
0.88343
0.88343
0.88343
0.88343
0.88343
0.88343
0.88343
0.88343
0.88343
0.88343
0.88343
0.88343
0.88343
0.88343
0.88343
0.88343
0.88343
0.88343
0.88343
0.88343
0.88343
0.88343
0.88343
0.88343
0.88343
0.88343
0.88343
0.88343
0.88343
0.88343
0.88343
0.883431
0.883431
0.883431
0.883431
0.883431
0.883431
0.883431
0.883431
0.883431
0.883431
0.883431
0.883431
0.883431
0.883431
0.883431
0.883431
0.883431
0.883431
0.883431
0.883431
0.883431
0.883431
0.883431
0.883431
0.883431
0.883431
0.883431
0.883431
0.883431
0.883431
0.883431
0.883431
0.883431
0.883431
0.883431
0.883431
0.883431
0.883431
0.883431
0.883431
0.883431
0.883431
0.883431
0.883431
0.883431
0.883431
0.883431
0.883431
0.883432
0.883432
0.883432
0.883432
0.883432
0.883432
0.883432
0.883432
0.883432
0.883432
0.883432
0.883432
0.883432
0.883432
0.883432
0.883432
0.883432
0.883432
0.883432
0.883432
0.883432
0.883432
0.883432
0.883432
0.883432
0.883432
0.883432
0.883432
0.883432
0.883432
0.883432
0.883432
0.883432
0.883432
0.883432
0.883432
0.883432
0.883432
0.883432
0.883432
0.883432
0.883432
0.883432
0.883432
0.883432
0.883432
0.883432
0.883432
0.883432
0.883432
0.883433
0.883433
0.883433
0.883433
0.883433
0.883433
0.883433
0.883433
0.883433
0.883433
0.883433
0.883433
0.883433
0.883433
0.883433
0.883433
0.883433
0.883433
0.883433
0.883433
0.883433
0.883433
0.883433
0.883433
0.883433
0.883433
0.883433
0.883433
0.883433
0.883433
0.883433
0.883433
0.883433
0.883433
0.883433
0.883433
0.883433
0.883433
0.883433
0.883433
0.883433
0.883433
0.883433
0.883433
0.883433
0.883433
0.883433
0.883433
0.883433
0.883433
0.883433
0.883433
0.883433
0.883434
0.883434
0.883434
0.883434
0.883434
0.883434
0.883434
0.883434
0.883434
0.883434
0.883434
0.883434
0.883434
0.883434
0.883434
0.883434
0.883434
0.883434
0.883434
0.883434
0.883434
0.883434
0.883434
0.883434
0.883434
0.883434
0.883434
0.883434
0.883434
0.883434
0.883434
0.883434
0.883434
0.883434
0.883434
0.883434
0.883434
0.883434
0.883434
0.883434
0.883434
0.883434
0.883434
0.883434
0.883434
0.883434
0.883434
0.883434
0.883434
0.883434
0.883434
0.883434
0.883434
0.883434
0.883434
0.883434
0.883435
0.883435
0.883435
0.883435
0.883435
0.883435
0.883435
0.883435
0.883435
0.883435
0.883435
0.883435
0.883435
0.883435
0.883435
0.883435
0.883435
0.883435
0.883435
0.883435
0.883435
0.883435
0.883435
